"rat" "reward" "trou" "session" "round" "choice"
8 -12 10 1 1 "R"
8 1 50 1 2 "A"
8 -6 50 1 3 "A"
8 -12 10 1 4 "R"
8 -3 20 1 5 "V"
8 -6 50 1 6 "A"
8 -15 10 1 7 "R"
8 2 10 1 8 "R"
8 4 10 1 9 "R"
8 2 10 1 10 "R"
8 -12 10 1 11 "R"
8 4 10 1 12 "R"
8 4 10 1 13 "R"
8 1 50 1 14 "A"
8 1 50 1 15 "A"
8 3 50 1 16 "A"
8 -12 50 1 17 "A"
8 -6 10 1 18 "R"
8 12 50 1 19 "A"
8 -12 50 1 20 "A"
8 1 20 1 21 "V"
8 2 10 1 22 "R"
8 -6 10 1 23 "R"
8 3 50 1 24 "A"
8 3 50 1 25 "A"
8 1 50 1 26 "A"
8 -15 50 1 27 "A"
8 -6 50 1 28 "A"
8 -12 10 1 29 "R"
8 -6 10 1 30 "R"
8 -12 50 1 31 "A"
8 1 20 1 32 "V"
8 -12 10 1 33 "R"
8 1 50 1 34 "A"
8 -6 50 1 35 "A"
8 2 10 1 36 "R"
8 -12 10 1 37 "R"
8 -12 50 1 38 "A"
8 1 50 1 39 "A"
8 1 50 1 40 "A"
8 -12 50 1 41 "A"
8 -6 50 1 42 "A"
8 -12 10 1 43 "R"
8 -12 50 1 44 "A"
8 -12 50 1 45 "A"
8 1 20 1 46 "V"
8 4 10 1 47 "R"
8 4 10 1 48 "R"
8 1 50 1 49 "A"
8 1 50 1 50 "A"
8 -12 50 1 51 "A"
8 -6 50 1 52 "A"
8 1 20 1 53 "V"
8 -6 10 1 54 "R"
8 -6 50 1 55 "A"
8 1 50 1 56 "A"
8 -12 50 1 57 "A"
8 1 50 1 58 "A"
8 -12 10 1 59 "R"
8 2 10 1 60 "R"
8 -12 10 1 61 "R"
8 4 10 1 62 "R"
8 4 10 1 63 "R"
8 2 10 1 64 "R"
8 2 10 1 65 "R"
8 2 10 1 66 "R"
8 2 10 1 67 "R"
8 -6 10 1 68 "R"
8 -6 50 1 69 "A"
8 2 10 1 70 "R"
8 -6 10 1 71 "R"
8 1 50 1 72 "A"
8 -12 50 1 73 "A"
8 4 10 1 74 "R"
8 -15 10 1 75 "R"
8 -12 50 1 76 "A"
8 -15 50 1 77 "A"
8 -6 10 1 78 "R"
8 1 50 1 79 "A"
8 1 50 1 80 "A"
8 -12 50 1 81 "A"
8 -6 10 1 82 "R"
8 1 50 1 83 "A"
8 -6 50 1 84 "A"
8 -12 50 1 85 "A"
8 1 20 1 86 "V"
8 -15 50 1 87 "A"
8 2 10 1 88 "R"
8 -6 10 1 89 "R"
8 2 10 1 90 "R"
8 -6 10 1 91 "R"
8 -6 50 1 92 "A"
8 -12 10 1 93 "R"
8 -3 20 1 94 "V"
8 5 10 1 95 "R"
8 -12 50 1 96 "A"
8 -6 10 1 97 "R"
8 1 50 1 98 "A"
8 3 50 1 99 "A"
8 -6 50 1 100 "A"
8 4 10 1 101 "R"
8 2 10 1 102 "R"
8 2 10 1 103 "R"
8 2 10 1 104 "R"
8 5 10 1 105 "R"
8 -6 10 1 106 "R"
8 3 50 1 107 "A"
8 -6 50 1 108 "A"
8 3 50 1 109 "A"
8 -6 50 1 110 "A"
8 -6 50 1 111 "A"
8 -6 10 1 112 "R"
8 12 50 1 113 "A"
8 1 50 1 114 "A"
8 -15 50 1 115 "A"
8 1 50 1 116 "A"
8 3 50 1 117 "A"
8 -6 50 1 118 "A"
8 3 50 1 119 "A"
8 -6 50 1 120 "A"
8 1 50 1 121 "A"
8 1 50 1 122 "A"
8 -6 50 1 123 "A"
8 -6 10 1 124 "R"
8 -12 50 1 125 "A"
8 -6 50 1 126 "A"
8 -15 50 1 127 "A"
8 -6 10 1 128 "R"
8 -6 10 1 129 "R"
8 -6 50 1 130 "A"
8 -12 50 1 131 "A"
8 -6 50 1 132 "A"
8 -12 50 1 133 "A"
8 -6 10 1 134 "R"
8 -12 50 1 135 "A"
8 1 50 1 136 "A"
8 12 50 1 137 "A"
8 -6 10 2 1 "R"
8 1 50 2 2 "A"
8 12 50 2 3 "A"
8 -6 50 2 4 "A"
8 -12 10 2 5 "R"
8 -6 10 2 6 "R"
8 -12 10 2 7 "R"
8 -6 50 2 8 "A"
8 5 10 2 9 "R"
8 2 10 2 10 "R"
8 4 10 2 11 "R"
8 2 10 2 12 "R"
8 4 10 2 13 "R"
8 -6 10 2 14 "R"
8 -12 50 2 15 "A"
8 2 40 2 16 "F"
8 -15 50 2 17 "A"
8 1 50 2 18 "A"
8 3 50 2 19 "A"
8 -6 50 2 20 "A"
8 -15 10 2 21 "R"
8 -12 10 2 22 "R"
8 3 20 2 23 "V"
8 -6 50 2 24 "A"
8 12 50 2 25 "A"
8 -12 50 2 26 "A"
8 3 20 2 27 "V"
8 -6 10 2 28 "R"
8 3 50 2 29 "A"
8 1 50 2 30 "A"
8 -12 50 2 31 "A"
8 -6 10 2 32 "R"
8 -12 50 2 33 "A"
8 2 10 2 34 "R"
8 5 10 2 35 "R"
8 4 10 2 36 "R"
8 4 10 2 37 "R"
8 -6 10 2 38 "R"
8 3 50 2 39 "A"
8 1 50 2 40 "A"
8 12 50 2 41 "A"
8 1 50 2 42 "A"
8 1 50 2 43 "A"
8 1 50 2 44 "A"
8 -6 50 2 45 "A"
8 -6 10 2 46 "R"
8 -6 50 2 47 "A"
8 2 10 2 48 "R"
8 -15 10 2 49 "R"
8 2 10 2 50 "R"
8 2 10 2 51 "R"
8 2 10 2 52 "R"
8 4 10 2 53 "R"
8 2 10 2 54 "R"
8 2 10 2 55 "R"
8 -12 10 2 56 "R"
8 1 50 2 57 "A"
8 3 50 2 58 "A"
8 -6 50 2 59 "A"
8 -6 50 2 60 "A"
8 -12 10 2 61 "R"
8 -6 10 2 62 "R"
8 1 50 2 63 "A"
8 -6 50 2 64 "A"
8 4 10 2 65 "R"
8 2 10 2 66 "R"
8 -12 10 2 67 "R"
8 2 10 2 68 "R"
8 -12 10 2 69 "R"
8 1 50 2 70 "A"
8 -6 50 2 71 "A"
8 2 10 2 72 "R"
8 4 10 2 73 "R"
8 -12 10 2 74 "R"
8 -12 50 2 75 "A"
8 -3 20 2 76 "V"
8 -12 50 2 77 "A"
8 -6 50 2 78 "A"
8 -12 10 2 79 "R"
8 -6 50 2 80 "A"
8 -12 10 2 81 "R"
8 -6 50 2 82 "A"
8 3 50 2 83 "A"
8 -6 50 2 84 "A"
8 -6 10 2 85 "R"
8 -12 50 2 86 "A"
8 -6 10 2 87 "R"
8 -6 50 2 88 "A"
8 -15 50 2 89 "A"
8 1 50 2 90 "A"
8 -15 10 2 91 "R"
8 2 10 2 92 "R"
8 -6 10 2 93 "R"
8 3 50 2 94 "A"
8 -12 50 2 95 "A"
8 1 50 2 96 "A"
8 4 10 2 97 "R"
8 -6 10 2 98 "R"
8 -6 50 2 99 "A"
8 -6 10 2 100 "R"
8 1 50 2 101 "A"
8 1 50 2 102 "A"
8 -12 50 2 103 "A"
8 3 50 2 104 "A"
8 12 50 2 105 "A"
8 1 50 2 106 "A"
8 -15 50 2 107 "A"
8 2 10 2 108 "R"
8 4 10 2 109 "R"
8 2 10 2 110 "R"
8 -6 10 2 111 "R"
8 1 50 2 112 "A"
8 3 50 2 113 "A"
8 -12 50 2 114 "A"
8 -3 40 2 115 "F"
8 -6 50 2 116 "A"
8 -12 10 2 117 "R"
8 2 10 2 118 "R"
8 2 10 2 119 "R"
8 -6 10 2 120 "R"
8 -6 10 2 121 "R"
8 1 50 2 122 "A"
8 -15 50 2 123 "A"
8 2 40 2 124 "F"
8 -15 50 2 125 "A"
8 3 50 2 126 "A"
8 -15 50 2 127 "A"
8 2 40 2 128 "F"
8 -6 50 2 129 "A"
8 2 10 3 1 "R"
8 -6 10 3 2 "R"
8 3 50 3 3 "A"
8 3 50 3 4 "A"
8 12 50 3 5 "A"
8 -6 50 3 6 "A"
8 4 10 3 7 "R"
8 -6 10 3 8 "R"
8 3 50 3 9 "A"
8 1 50 3 10 "A"
8 -12 50 3 11 "A"
8 2 10 3 12 "R"
8 4 10 3 13 "R"
8 -6 10 3 14 "R"
8 -6 50 3 15 "A"
8 -6 50 3 16 "A"
8 -12 10 3 17 "R"
8 -6 50 3 18 "A"
8 -6 50 3 19 "A"
8 3 50 3 20 "A"
8 -15 50 3 21 "A"
8 -6 50 3 22 "A"
8 -6 50 3 23 "A"
8 5 10 3 24 "R"
8 4 10 3 25 "R"
8 2 10 3 26 "R"
8 4 10 3 27 "R"
8 -6 10 3 28 "R"
8 1 50 3 29 "A"
8 1 50 3 30 "A"
8 -12 50 3 31 "A"
8 -6 50 3 32 "A"
8 3 50 3 33 "A"
8 -12 50 3 34 "A"
8 2 10 3 35 "R"
8 2 10 3 36 "R"
8 -12 10 3 37 "R"
8 -6 50 3 38 "A"
8 -12 10 3 39 "R"
8 1 50 3 40 "A"
8 -12 50 3 41 "A"
8 -6 50 3 42 "A"
8 -12 50 3 43 "A"
8 1 20 3 44 "V"
8 1 50 3 45 "A"
8 -6 50 3 46 "A"
8 -15 50 3 47 "A"
8 2 10 3 48 "R"
8 2 10 3 49 "R"
8 -6 10 3 50 "R"
8 -6 50 3 51 "A"
8 -12 50 3 52 "A"
8 4 10 3 53 "R"
8 -6 10 3 54 "R"
8 -12 50 3 55 "A"
8 -12 10 3 56 "R"
8 -12 50 3 57 "A"
8 1 20 3 58 "V"
8 -6 50 3 59 "A"
8 1 50 3 60 "A"
8 -6 50 3 61 "A"
8 -6 50 3 62 "A"
8 4 10 3 63 "R"
8 -6 10 3 64 "R"
8 3 50 3 65 "A"
8 2 10 3 66 "R"
8 -6 10 3 67 "R"
8 3 50 3 68 "A"
8 -12 50 3 69 "A"
8 1 50 3 70 "A"
8 3 50 3 71 "A"
8 -6 50 3 72 "A"
8 4 10 3 73 "R"
8 2 10 3 74 "R"
8 4 10 3 75 "R"
8 -12 10 3 76 "R"
8 -12 50 3 77 "A"
8 2 10 3 78 "R"
8 2 10 3 79 "R"
8 2 10 3 80 "R"
8 -12 10 3 81 "R"
8 -6 10 3 82 "R"
8 -12 10 3 83 "R"
8 -6 10 3 84 "R"
8 -12 50 3 85 "A"
8 -12 50 3 86 "A"
8 -3 20 3 87 "V"
8 4 10 3 88 "R"
8 5 10 3 89 "R"
8 1 20 3 90 "V"
8 2 10 3 91 "R"
8 -6 10 3 92 "R"
8 -12 50 3 93 "A"
8 1 50 3 94 "A"
8 1 50 3 95 "A"
8 -6 50 3 96 "A"
8 4 10 3 97 "R"
8 2 10 3 98 "R"
8 4 10 3 99 "R"
8 2 10 3 100 "R"
8 -15 10 3 101 "R"
8 1 20 3 102 "V"
8 3 50 3 103 "A"
8 -6 50 3 104 "A"
8 3 50 3 105 "A"
8 -6 50 3 106 "A"
8 -12 50 3 107 "A"
8 1 50 3 108 "A"
8 3 50 3 109 "A"
8 1 50 3 110 "A"
8 -6 50 3 111 "A"
8 -12 50 3 112 "A"
8 -6 10 3 113 "R"
8 -6 10 3 114 "R"
8 3 50 3 115 "A"
8 1 50 3 116 "A"
8 4 10 3 117 "R"
8 4 10 3 118 "R"
8 -12 10 3 119 "R"
8 1 50 3 120 "A"
8 4 10 3 121 "R"
8 -6 10 3 122 "R"
8 -12 50 3 123 "A"
8 -6 50 3 124 "A"
8 -15 10 3 125 "R"
8 -6 10 3 126 "R"
8 -6 50 3 127 "A"
8 -6 10 3 128 "R"
8 -6 10 3 129 "R"
8 1 50 3 130 "A"
8 3 50 3 131 "A"
8 -6 50 3 132 "A"
8 -6 10 3 133 "R"
8 -15 50 3 134 "A"
8 3 50 3 135 "A"
8 1 50 3 136 "A"
8 -6 50 3 137 "A"
8 -6 10 3 138 "R"
8 -9 20 4 1 "V"
8 1 50 4 2 "A"
8 -12 50 4 3 "A"
8 -3 20 4 4 "V"
8 -12 50 4 5 "A"
8 -6 10 4 6 "R"
8 -12 50 4 7 "A"
8 -6 50 4 8 "A"
8 -15 10 4 9 "R"
8 -6 10 4 10 "R"
8 1 50 4 11 "A"
8 1 50 4 12 "A"
8 3 50 4 13 "A"
8 -6 50 4 14 "A"
8 4 10 4 15 "R"
8 2 10 4 16 "R"
8 4 10 4 17 "R"
8 2 10 4 18 "R"
8 -15 10 4 19 "R"
8 -6 10 4 20 "R"
8 -12 50 4 21 "A"
8 -3 20 4 22 "V"
8 1 50 4 23 "A"
8 1 50 4 24 "A"
8 3 50 4 25 "A"
8 -12 50 4 26 "A"
8 -12 50 4 27 "A"
8 -6 50 4 28 "A"
8 3 50 4 29 "A"
8 -6 50 4 30 "A"
8 -12 10 4 31 "R"
8 -15 10 4 32 "R"
8 5 40 4 33 "F"
8 -6 50 4 34 "A"
8 2 10 4 35 "R"
8 -6 10 4 36 "R"
8 2 10 4 37 "R"
8 4 10 4 38 "R"
8 2 10 4 39 "R"
8 2 10 4 40 "R"
8 -6 10 4 41 "R"
8 -6 50 4 42 "A"
8 -6 50 4 43 "A"
8 2 10 4 44 "R"
8 -6 10 4 45 "R"
8 -6 50 4 46 "A"
8 -12 10 4 47 "R"
8 -12 50 4 48 "A"
8 -3 40 4 49 "F"
8 -6 10 4 50 "R"
8 3 50 4 51 "A"
8 1 50 4 52 "A"
8 12 50 4 53 "A"
8 -6 50 4 54 "A"
8 -12 50 4 55 "A"
8 1 20 4 56 "V"
8 -12 50 4 57 "A"
8 1 50 4 58 "A"
8 -6 50 4 59 "A"
8 80 50 4 60 "A"
8 -12 10 4 61 "R"
8 2 40 4 62 "F"
8 3 50 4 63 "A"
8 -6 50 4 64 "A"
8 3 50 4 65 "A"
8 1 50 4 66 "A"
8 -12 50 4 67 "A"
8 2 10 4 68 "R"
8 4 10 4 69 "R"
8 -6 10 4 70 "R"
8 1 50 4 71 "A"
8 -6 50 4 72 "A"
8 -12 50 4 73 "A"
8 -3 20 4 74 "V"
8 -15 50 4 75 "A"
8 2 10 4 76 "R"
8 -12 10 4 77 "R"
8 1 20 4 78 "V"
8 -12 50 4 79 "A"
8 1 50 4 80 "A"
8 -12 50 4 81 "A"
8 -6 50 4 82 "A"
8 4 10 4 83 "R"
8 2 10 4 84 "R"
8 4 10 4 85 "R"
8 -6 10 4 86 "R"
8 -12 50 4 87 "A"
8 2 10 4 88 "R"
8 -6 10 4 89 "R"
8 -6 50 4 90 "A"
8 -12 50 4 91 "A"
8 -6 50 4 92 "A"
8 5 10 4 93 "R"
8 2 10 4 94 "R"
8 -12 10 4 95 "R"
8 -6 10 4 96 "R"
8 5 40 4 97 "F"
8 -6 50 4 98 "A"
8 -6 10 4 99 "R"
8 -6 10 4 100 "R"
8 -15 50 4 101 "A"
8 -6 10 4 102 "R"
8 -12 50 4 103 "A"
8 4 10 4 104 "R"
8 2 10 4 105 "R"
8 4 10 4 106 "R"
8 2 10 4 107 "R"
8 -6 10 4 108 "R"
8 1 50 4 109 "A"
8 -6 50 4 110 "A"
8 -12 50 4 111 "A"
8 -6 50 4 112 "A"
8 3 50 4 113 "A"
8 -12 50 4 114 "A"
8 -6 50 4 115 "A"
8 2 10 4 116 "R"
8 2 10 4 117 "R"
8 2 10 4 118 "R"
8 -6 10 4 119 "R"
8 -6 50 4 120 "A"
8 -12 10 4 121 "R"
8 -9 20 4 122 "V"
8 12 50 4 123 "A"
8 1 50 4 124 "A"
8 -15 50 4 125 "A"
8 3 50 4 126 "A"
8 3 50 4 127 "A"
8 3 50 4 128 "A"
8 -6 50 4 129 "A"
8 -6 50 4 130 "A"
8 2 10 5 1 "R"
8 -6 10 5 2 "R"
8 -12 50 5 3 "A"
8 3 20 5 4 "V"
8 -6 50 5 5 "A"
8 2 10 5 6 "R"
8 -12 10 5 7 "R"
8 2 10 5 8 "R"
8 -12 10 5 9 "R"
8 1 50 5 10 "A"
8 -15 50 5 11 "A"
8 -6 10 5 12 "R"
8 -12 50 5 13 "A"
8 4 10 5 14 "R"
8 -6 10 5 15 "R"
8 1 50 5 16 "A"
8 3 50 5 17 "A"
8 1 50 5 18 "A"
8 3 50 5 19 "A"
8 -12 50 5 20 "A"
8 -12 10 5 21 "R"
8 2 10 5 22 "R"
8 -12 10 5 23 "R"
8 -12 10 5 24 "R"
8 3 50 5 25 "A"
8 1 50 5 26 "A"
8 -6 50 5 27 "A"
8 -6 10 5 28 "R"
8 -12 50 5 29 "A"
8 -6 50 5 30 "A"
8 -6 50 5 31 "A"
8 -6 50 5 32 "A"
8 -6 50 5 33 "A"
8 4 10 5 34 "R"
8 -6 10 5 35 "R"
8 -6 50 5 36 "A"
8 -9 40 5 37 "F"
8 3 50 5 38 "A"
8 12 50 5 39 "A"
8 -6 50 5 40 "A"
8 -6 10 5 41 "R"
8 1 50 5 42 "A"
8 -12 50 5 43 "A"
8 -3 20 5 44 "V"
8 3 50 5 45 "A"
8 -6 50 5 46 "A"
8 2 10 5 47 "R"
8 -6 10 5 48 "R"
8 -12 50 5 49 "A"
8 1 20 5 50 "V"
8 -12 10 5 51 "R"
8 -6 10 5 52 "R"
8 1 50 5 53 "A"
8 -6 50 5 54 "A"
8 4 10 5 55 "R"
8 2 10 5 56 "R"
8 4 10 5 57 "R"
8 2 10 5 58 "R"
8 4 10 5 59 "R"
8 80 50 5 60 "A"
8 -15 50 5 61 "A"
8 2 10 5 62 "R"
8 -6 10 5 63 "R"
8 1 50 5 64 "A"
8 -12 50 5 65 "A"
8 -6 50 5 66 "A"
8 -15 50 5 67 "A"
8 -6 50 5 68 "A"
8 1 50 5 69 "A"
8 -6 50 5 70 "A"
8 4 10 5 71 "R"
8 3 20 5 72 "V"
8 -15 10 5 73 "R"
8 -6 50 5 74 "A"
8 1 50 5 75 "A"
8 -12 50 5 76 "A"
8 -3 40 5 77 "F"
8 -6 10 5 78 "R"
8 -6 50 5 79 "A"
8 2 10 5 80 "R"
8 4 10 5 81 "R"
8 -6 10 5 82 "R"
8 3 50 5 83 "A"
8 -6 50 5 84 "A"
8 -15 50 5 85 "A"
8 -6 10 5 86 "R"
8 -6 50 5 87 "A"
8 -6 50 5 88 "A"
8 -12 10 5 89 "R"
8 1 50 5 90 "A"
8 12 50 5 91 "A"
8 1 50 5 92 "A"
8 -12 50 5 93 "A"
8 -12 10 5 94 "R"
8 2 10 5 95 "R"
8 -12 10 5 96 "R"
8 4 10 5 97 "R"
8 2 10 5 98 "R"
8 -15 10 5 99 "R"
8 -6 10 5 100 "R"
8 2 10 5 101 "R"
8 -6 50 5 102 "A"
8 -15 50 5 103 "A"
8 2 10 5 104 "R"
8 -12 10 5 105 "R"
8 1 50 5 106 "A"
8 3 50 5 107 "A"
8 -6 50 5 108 "A"
8 -6 10 5 109 "R"
8 -6 50 5 110 "A"
8 2 10 5 111 "R"
8 -6 10 5 112 "R"
8 -15 50 5 113 "A"
8 1 50 5 114 "A"
8 -12 50 5 115 "A"
8 -12 50 5 116 "A"
8 -15 10 5 117 "R"
8 -12 50 5 118 "A"
8 -12 10 5 119 "R"
8 1 50 5 120 "A"
8 -12 50 5 121 "A"
8 -3 40 5 122 "F"
8 -12 50 5 123 "A"
8 -6 10 5 124 "R"
8 -12 50 5 125 "A"
8 2 10 5 126 "R"
8 2 10 5 127 "R"
8 1 50 5 128 "A"
8 4 10 6 1 "R"
8 -6 50 6 2 "A"
8 -12 10 6 3 "R"
8 -12 50 6 4 "A"
8 4 10 6 5 "R"
8 2 10 6 6 "R"
8 3 20 6 7 "V"
8 -6 10 6 8 "R"
8 3 50 6 9 "A"
8 1 50 6 10 "A"
8 -12 50 6 11 "A"
8 1 50 6 12 "A"
8 4 10 6 13 "R"
8 -6 10 6 14 "R"
8 -15 50 6 15 "A"
8 2 10 6 16 "R"
8 -6 10 6 17 "R"
8 -12 50 6 18 "A"
8 -12 50 6 19 "A"
8 -3 40 6 20 "F"
8 2 10 6 21 "R"
8 2 10 6 22 "R"
8 5 10 6 23 "R"
8 1 50 6 24 "A"
8 2 10 6 25 "R"
8 2 10 6 26 "R"
8 2 10 6 27 "R"
8 -6 50 6 28 "A"
8 1 50 6 29 "A"
8 -12 50 6 30 "A"
8 4 10 6 31 "R"
8 -6 10 6 32 "R"
8 -12 50 6 33 "A"
8 2 10 6 34 "R"
8 -15 50 6 35 "A"
8 -6 10 6 36 "R"
8 3 50 6 37 "A"
8 -6 50 6 38 "A"
8 -12 10 6 39 "R"
8 -6 10 6 40 "R"
8 -6 50 6 41 "A"
8 1 20 6 42 "V"
8 3 50 6 43 "A"
8 -6 50 6 44 "A"
8 -15 10 6 45 "R"
8 1 50 6 46 "A"
8 -15 10 6 47 "R"
8 -6 50 6 48 "A"
8 -12 10 6 49 "R"
8 -6 10 6 50 "R"
8 -12 50 6 51 "A"
8 2 10 6 52 "R"
8 4 10 6 53 "R"
8 3 50 6 54 "A"
8 -6 50 6 55 "A"
8 -6 50 6 56 "A"
8 -12 10 6 57 "R"
8 2 10 6 58 "R"
8 4 10 6 59 "R"
8 2 10 6 60 "R"
8 -6 10 6 61 "R"
8 1 50 6 62 "A"
8 3 50 6 63 "A"
8 -15 50 6 64 "A"
8 -12 10 6 65 "R"
8 -6 10 6 66 "R"
8 -6 10 6 67 "R"
8 -6 50 6 68 "A"
8 -6 10 6 69 "R"
8 -6 50 6 70 "A"
8 -15 10 6 71 "R"
8 -6 50 6 72 "A"
8 -12 50 6 73 "A"
8 -6 10 6 74 "R"
8 -12 50 6 75 "A"
8 -6 50 6 76 "A"
8 -12 50 6 77 "A"
8 -6 50 6 78 "A"
8 5 10 6 79 "R"
8 -12 10 6 80 "R"
8 3 50 6 81 "A"
8 3 50 6 82 "A"
8 -6 50 6 83 "A"
8 2 10 6 84 "R"
8 -6 10 6 85 "R"
8 1 50 6 86 "A"
8 -12 50 6 87 "A"
8 2 10 6 88 "R"
8 -12 10 6 89 "R"
8 1 50 6 90 "A"
8 -12 50 6 91 "A"
8 2 10 6 92 "R"
8 4 10 6 93 "R"
8 2 10 6 94 "R"
8 -6 10 6 95 "R"
8 -12 10 6 96 "R"
8 1 50 6 97 "A"
8 1 50 6 98 "A"
8 1 50 6 99 "A"
8 -6 50 6 100 "A"
8 2 10 6 101 "R"
8 4 10 6 102 "R"
8 3 50 6 103 "A"
8 -6 50 6 104 "A"
8 2 10 6 105 "R"
8 -6 10 6 106 "R"
8 3 50 6 107 "A"
8 -6 50 6 108 "A"
8 1 50 6 109 "A"
8 -6 50 6 110 "A"
8 -12 10 6 111 "R"
8 4 10 6 112 "R"
8 4 10 6 113 "R"
8 2 10 6 114 "R"
8 2 10 6 115 "R"
8 -6 10 6 116 "R"
8 1 50 6 117 "A"
8 1 50 6 118 "A"
8 -12 50 6 119 "A"
8 1 50 6 120 "A"
8 12 50 6 121 "A"
8 1 50 6 122 "A"
8 -6 50 6 123 "A"
8 2 10 6 124 "R"
8 2 10 6 125 "R"
8 2 10 6 126 "R"
8 -12 10 6 127 "R"
8 2 10 6 128 "R"
8 -12 10 6 129 "R"
8 1 50 6 130 "A"
8 -12 10 6 131 "R"
8 -6 10 6 132 "R"
8 4 10 6 133 "R"
8 -6 10 6 134 "R"
8 3 50 6 135 "A"
8 -6 50 6 136 "A"
8 -6 10 6 137 "R"
8 -3 40 6 138 "F"
8 1 50 6 139 "A"
8 -6 10 6 140 "R"
8 2 10 6 141 "R"
8 -6 10 6 142 "R"
8 -6 50 7 1 "A"
8 2 10 7 2 "R"
8 2 10 7 3 "R"
8 -6 10 7 4 "R"
8 -12 50 7 5 "A"
8 1 50 7 6 "A"
8 -12 50 7 7 "A"
8 -3 40 7 8 "F"
8 -12 10 7 9 "R"
8 4 10 7 10 "R"
8 -6 10 7 11 "R"
8 2 10 7 12 "R"
8 -12 10 7 13 "R"
8 -6 10 7 14 "R"
8 3 50 7 15 "A"
8 1 50 7 16 "A"
8 1 50 7 17 "A"
8 1 50 7 18 "A"
8 -12 50 7 19 "A"
8 -6 50 7 20 "A"
8 2 10 7 21 "R"
8 2 10 7 22 "R"
8 4 10 7 23 "R"
8 -12 10 7 24 "R"
8 4 10 7 25 "R"
8 2 10 7 26 "R"
8 5 10 7 27 "R"
8 -6 10 7 28 "R"
8 3 50 7 29 "A"
8 -6 50 7 30 "A"
8 -15 10 7 31 "R"
8 -6 10 7 32 "R"
8 -12 50 7 33 "A"
8 1 50 7 34 "A"
8 -12 50 7 35 "A"
8 -6 10 7 36 "R"
8 -12 50 7 37 "A"
8 -6 50 7 38 "A"
8 -6 50 7 39 "A"
8 2 10 7 40 "R"
8 -6 10 7 41 "R"
8 2 10 7 42 "R"
8 -15 10 7 43 "R"
8 3 50 7 44 "A"
8 -6 50 7 45 "A"
8 -12 10 7 46 "R"
8 2 10 7 47 "R"
8 2 10 7 48 "R"
8 -6 10 7 49 "R"
8 1 50 7 50 "A"
8 -12 50 7 51 "A"
8 1 50 7 52 "A"
8 1 50 7 53 "A"
8 1 50 7 54 "A"
8 1 50 7 55 "A"
8 2 10 7 56 "R"
8 2 10 7 57 "R"
8 4 10 7 58 "R"
8 -12 10 7 59 "R"
8 2 10 7 60 "R"
8 -12 10 7 61 "R"
8 4 10 7 62 "R"
8 -12 10 7 63 "R"
8 -6 10 7 64 "R"
8 1 50 7 65 "A"
8 1 50 7 66 "A"
8 -6 50 7 67 "A"
8 -6 10 7 68 "R"
8 -6 50 7 69 "A"
8 2 10 7 70 "R"
8 5 10 7 71 "R"
8 4 10 7 72 "R"
8 -12 10 7 73 "R"
8 -6 10 7 74 "R"
8 12 50 7 75 "A"
8 -6 50 7 76 "A"
8 -6 10 7 77 "R"
8 -6 50 7 78 "A"
8 2 10 7 79 "R"
8 2 10 7 80 "R"
8 -6 10 7 81 "R"
8 -12 50 7 82 "A"
8 3 50 7 83 "A"
8 1 50 7 84 "A"
8 -6 50 7 85 "A"
8 -6 10 7 86 "R"
8 -15 50 7 87 "A"
8 -6 50 7 88 "A"
8 -12 50 7 89 "A"
8 -6 10 7 90 "R"
8 -12 50 7 91 "A"
8 1 50 7 92 "A"
8 1 50 7 93 "A"
8 -12 50 7 94 "A"
8 -9 20 7 95 "V"
8 2 10 7 96 "R"
8 -12 10 7 97 "R"
8 1 50 7 98 "A"
8 4 10 7 99 "R"
8 2 10 7 100 "R"
8 5 10 7 101 "R"
8 2 10 7 102 "R"
8 2 10 7 103 "R"
8 -6 10 7 104 "R"
8 1 50 7 105 "A"
8 -6 50 7 106 "A"
8 -6 50 7 107 "A"
8 -6 10 7 108 "R"
8 3 50 7 109 "A"
8 -12 50 7 110 "A"
8 5 10 7 111 "R"
8 -12 10 7 112 "R"
8 3 50 7 113 "A"
8 -15 50 7 114 "A"
8 3 50 7 115 "A"
8 1 50 7 116 "A"
8 -6 50 7 117 "A"
8 4 10 7 118 "R"
8 -15 10 7 119 "R"
8 1 50 7 120 "A"
8 5 10 7 121 "R"
8 1 50 7 122 "A"
8 -6 10 7 123 "R"
8 1 50 7 124 "A"
8 -12 50 7 125 "A"
8 -3 20 7 126 "V"
8 1 50 7 127 "A"
8 -6 50 7 128 "A"
8 -6 50 7 129 "A"
8 -6 10 7 130 "R"
8 3 50 7 131 "A"
8 3 50 7 132 "A"
8 -12 50 7 133 "A"
8 -12 50 7 134 "A"
8 -6 50 8 1 "A"
8 2 10 8 2 "R"
8 1 50 8 3 "A"
8 -6 50 8 4 "A"
8 -12 10 8 5 "R"
8 1 50 8 6 "A"
8 -12 50 8 7 "A"
8 -3 40 8 8 "F"
8 -12 50 8 9 "A"
8 4 10 8 10 "R"
8 -6 10 8 11 "R"
8 1 50 8 12 "A"
8 -12 50 8 13 "A"
8 -6 50 8 14 "A"
8 3 50 8 15 "A"
8 1 50 8 16 "A"
8 2 10 8 17 "R"
8 2 10 8 18 "R"
8 -12 10 8 19 "R"
8 -6 50 8 20 "A"
8 1 50 8 21 "A"
8 1 50 8 22 "A"
8 3 50 8 23 "A"
8 -12 50 8 24 "A"
8 3 50 8 25 "A"
8 1 50 8 26 "A"
8 12 50 8 27 "A"
8 -6 50 8 28 "A"
8 4 10 8 29 "R"
8 -6 10 8 30 "R"
8 -15 50 8 31 "A"
8 -6 10 8 32 "R"
8 -12 50 8 33 "A"
8 2 10 8 34 "R"
8 -12 10 8 35 "R"
8 -6 50 8 36 "A"
8 -12 10 8 37 "R"
8 -6 50 8 38 "A"
8 -3 40 8 39 "F"
8 2 10 8 40 "R"
8 -6 10 8 41 "R"
8 1 50 8 42 "A"
8 -15 50 8 43 "A"
8 3 50 8 44 "A"
8 -6 50 8 45 "A"
8 -12 10 8 46 "R"
8 1 50 8 47 "A"
8 2 10 8 48 "R"
8 -6 10 8 49 "R"
8 1 50 8 50 "A"
8 -12 10 8 51 "R"
8 2 10 8 52 "R"
8 2 10 8 53 "R"
8 2 10 8 54 "R"
8 2 10 8 55 "R"
8 2 10 8 56 "R"
8 2 10 8 57 "R"
8 4 10 8 58 "R"
8 -12 10 8 59 "R"
8 2 10 8 60 "R"
8 -12 10 8 61 "R"
8 3 50 8 62 "A"
8 -12 50 8 63 "A"
8 -6 50 8 64 "A"
8 2 10 8 65 "R"
8 2 10 8 66 "R"
8 -6 10 8 67 "R"
8 -6 50 8 68 "A"
8 -6 10 8 69 "R"
8 1 50 8 70 "A"
8 5 10 8 71 "R"
8 3 50 8 72 "A"
8 -12 50 8 73 "A"
8 -6 10 8 74 "R"
8 12 50 8 75 "A"
8 -6 10 8 76 "R"
8 -6 50 8 77 "A"
8 -6 10 8 78 "R"
8 1 50 8 79 "A"
8 1 50 8 80 "A"
8 -6 50 8 81 "A"
8 -12 50 8 82 "A"
8 4 10 8 83 "R"
8 2 10 8 84 "R"
8 -6 10 8 85 "R"
8 -6 50 8 86 "A"
8 -15 50 8 87 "A"
8 -6 50 8 88 "A"
8 -12 10 8 89 "R"
8 -6 10 8 90 "R"
8 -12 10 8 91 "R"
8 2 10 8 92 "R"
8 2 10 8 93 "R"
8 -12 10 8 94 "R"
8 -12 50 8 95 "A"
8 1 50 8 96 "A"
8 -12 50 8 97 "A"
8 2 10 8 98 "R"
8 4 10 8 99 "R"
8 2 10 8 100 "R"
8 5 10 8 101 "R"
8 2 10 8 102 "R"
8 2 10 8 103 "R"
8 -6 10 8 104 "R"
8 2 40 8 105 "F"
8 -6 50 8 106 "A"
8 -6 10 8 107 "R"
8 -6 50 8 108 "A"
8 4 10 8 109 "R"
8 -12 10 8 110 "R"
8 12 50 8 111 "A"
8 -12 50 8 112 "A"
8 3 50 8 113 "A"
8 -15 50 8 114 "A"
8 3 50 8 115 "A"
8 1 50 8 116 "A"
8 -6 50 8 117 "A"
8 4 10 8 118 "R"
8 -15 10 8 119 "R"
8 2 10 8 120 "R"
8 5 10 8 121 "R"
8 2 10 8 122 "R"
8 -6 10 8 123 "R"
8 2 10 8 124 "R"
8 -12 10 8 125 "R"
8 -6 50 8 126 "A"
8 1 20 8 127 "V"
8 -6 10 8 128 "R"
8 -6 50 8 129 "A"
8 -6 10 8 130 "R"
8 3 50 8 131 "A"
8 3 50 8 132 "A"
8 -12 50 8 133 "A"
8 -12 50 8 134 "A"
8 2 10 8 135 "R"
8 -6 10 8 136 "R"
8 1 50 8 137 "A"
8 1 50 8 138 "A"
8 1 50 8 139 "A"
8 -6 50 8 140 "A"
8 4 10 8 141 "R"
8 4 10 8 142 "R"
8 2 10 8 143 "R"
8 -6 10 8 144 "R"
8 1 50 9 1 "A"
8 -6 50 9 2 "A"
8 -12 10 9 3 "R"
8 3 50 9 4 "A"
8 -6 50 9 5 "A"
8 1 20 9 6 "V"
8 -12 10 9 7 "R"
8 2 10 9 8 "R"
8 -12 10 9 9 "R"
8 80 50 9 10 "A"
8 -15 50 9 11 "A"
8 -6 10 9 12 "R"
8 -12 50 9 13 "A"
8 4 40 9 14 "F"
8 -6 50 9 15 "A"
8 2 10 9 16 "R"
8 3 50 9 17 "A"
8 2 10 9 18 "R"
8 4 10 9 19 "R"
8 -12 10 9 20 "R"
8 -12 50 9 21 "A"
8 1 50 9 22 "A"
8 -12 50 9 23 "A"
8 -9 40 9 24 "F"
8 3 50 9 25 "A"
8 1 50 9 26 "A"
8 -6 50 9 27 "A"
8 -6 10 9 28 "R"
8 -12 50 9 29 "A"
8 -6 50 9 30 "A"
8 -6 50 9 31 "A"
8 -6 10 9 32 "R"
8 -6 50 9 33 "A"
8 4 10 9 34 "R"
8 -6 10 9 35 "R"
8 -6 50 9 36 "A"
8 -12 10 9 37 "R"
8 3 50 9 38 "A"
8 12 50 9 39 "A"
8 -6 50 9 40 "A"
8 -6 10 9 41 "R"
8 1 50 9 42 "A"
8 -12 10 9 43 "R"
8 -6 50 9 44 "A"
8 3 20 9 45 "V"
8 -6 50 9 46 "A"
8 2 10 9 47 "R"
8 -6 10 9 48 "R"
8 -12 50 9 49 "A"
8 1 50 9 50 "A"
8 -12 50 9 51 "A"
8 -6 50 9 52 "A"
8 2 10 9 53 "R"
8 -6 10 9 54 "R"
8 4 10 9 55 "R"
8 1 50 9 56 "A"
8 3 50 9 57 "A"
8 1 50 9 58 "A"
8 3 50 9 59 "A"
8 -6 50 9 60 "A"
8 -15 10 9 61 "R"
8 1 20 9 62 "V"
8 -6 50 9 63 "A"
8 2 10 9 64 "R"
8 -12 10 9 65 "R"
8 -6 50 9 66 "A"
8 -15 10 9 67 "R"
8 -6 10 9 68 "R"
8 1 50 9 69 "A"
8 -6 50 9 70 "A"
8 4 10 9 71 "R"
8 4 10 9 72 "R"
8 -15 10 9 73 "R"
8 -3 20 9 74 "V"
8 1 50 9 75 "A"
8 -12 50 9 76 "A"
8 -6 50 9 77 "A"
8 -6 10 9 78 "R"
8 -6 50 9 79 "A"
8 2 10 9 80 "R"
8 4 10 9 81 "R"
8 -6 10 9 82 "R"
8 3 50 9 83 "A"
8 -6 50 9 84 "A"
8 -15 50 9 85 "A"
8 -6 50 9 86 "A"
8 -6 10 9 87 "R"
8 -6 50 9 88 "A"
8 -12 10 9 89 "R"
8 2 10 9 90 "R"
8 5 10 9 91 "R"
8 2 10 9 92 "R"
8 -12 10 9 93 "R"
8 -12 50 9 94 "A"
8 1 20 9 95 "V"
8 -12 50 9 96 "A"
8 4 10 9 97 "R"
8 2 10 9 98 "R"
8 -15 10 9 99 "R"
8 -3 20 9 100 "V"
8 1 50 9 101 "A"
8 -6 50 9 102 "A"
8 -15 10 9 103 "R"
8 1 50 9 104 "A"
8 -12 50 9 105 "A"
8 2 10 9 106 "R"
8 4 10 9 107 "R"
8 -6 10 9 108 "R"
8 -6 50 9 109 "A"
8 -6 10 9 110 "R"
8 1 50 9 111 "A"
8 -6 50 9 112 "A"
8 -15 10 9 113 "R"
8 1 50 9 114 "A"
8 -12 50 9 115 "A"
8 -12 10 9 116 "R"
8 -15 10 9 117 "R"
8 -12 10 9 118 "R"
8 -12 50 9 119 "A"
8 2 10 9 120 "R"
8 -12 10 9 121 "R"
8 -6 10 9 122 "R"
8 -12 10 9 123 "R"
8 -6 10 9 124 "R"
8 -12 50 9 125 "A"
8 2 10 9 126 "R"
8 2 10 9 127 "R"
8 2 10 9 128 "R"
8 -12 10 9 129 "R"
8 4 10 10 1 "R"
8 -6 10 10 2 "R"
8 -12 50 10 3 "A"
8 -12 50 10 4 "A"
8 4 10 10 5 "R"
8 1 20 10 6 "V"
8 4 10 10 7 "R"
8 -6 10 10 8 "R"
8 3 50 10 9 "A"
8 1 50 10 10 "A"
8 -12 50 10 11 "A"
8 1 50 10 12 "A"
8 3 50 10 13 "A"
8 -6 50 10 14 "A"
8 -15 50 10 15 "A"
8 1 50 10 16 "A"
8 -6 50 10 17 "A"
8 -12 10 10 18 "R"
8 -12 10 10 19 "R"
8 -6 10 10 20 "R"
8 1 50 10 21 "A"
8 1 50 10 22 "A"
8 5 10 10 23 "R"
8 2 10 10 24 "R"
8 2 10 10 25 "R"
8 2 10 10 26 "R"
8 2 10 10 27 "R"
8 -6 10 10 28 "R"
8 1 50 10 29 "A"
8 -12 50 10 30 "A"
8 4 10 10 31 "R"
8 -6 10 10 32 "R"
8 -12 50 10 33 "A"
8 1 50 10 34 "A"
8 -15 50 10 35 "A"
8 -6 50 10 36 "A"
8 4 10 10 37 "R"
8 -6 10 10 38 "R"
8 -12 50 10 39 "A"
8 -3 40 10 40 "F"
8 -6 50 10 41 "A"
8 1 50 10 42 "A"
8 4 10 10 43 "R"
8 -6 10 10 44 "R"
8 -15 50 10 45 "A"
8 1 50 10 46 "A"
8 -15 50 10 47 "A"
8 -3 20 10 48 "V"
8 -12 50 10 49 "A"
8 -3 20 10 50 "V"
8 -12 10 10 51 "R"
8 1 50 10 52 "A"
8 3 50 10 53 "A"
8 3 50 10 54 "A"
8 -6 50 10 55 "A"
8 -6 10 10 56 "R"
8 -12 50 10 57 "A"
8 2 10 10 58 "R"
8 4 10 10 59 "R"
8 2 10 10 60 "R"
8 -6 10 10 61 "R"
8 1 50 10 62 "A"
8 3 50 10 63 "A"
8 -15 50 10 64 "A"
8 -9 20 10 65 "V"
8 -6 50 10 66 "A"
8 -6 10 10 67 "R"
8 -6 50 10 68 "A"
8 -6 10 10 69 "R"
8 -6 50 10 70 "A"
8 -15 10 10 71 "R"
8 -6 10 10 72 "R"
8 -12 50 10 73 "A"
8 -6 10 10 74 "R"
8 -12 50 10 75 "A"
8 -6 10 10 76 "R"
8 -12 10 10 77 "R"
8 -6 50 10 78 "A"
8 5 10 10 79 "R"
8 -12 10 10 80 "R"
8 3 20 10 81 "V"
8 4 10 10 82 "R"
8 -6 10 10 83 "R"
8 1 50 10 84 "A"
8 -6 50 10 85 "A"
8 2 10 10 86 "R"
8 -12 10 10 87 "R"
8 2 10 10 88 "R"
8 -12 10 10 89 "R"
8 1 50 10 90 "A"
8 -12 50 10 91 "A"
8 1 50 10 92 "A"
8 4 10 10 93 "R"
8 1 50 10 94 "A"
8 -6 50 10 95 "A"
8 -12 10 10 96 "R"
8 1 50 10 97 "A"
8 1 50 10 98 "A"
8 1 50 10 99 "A"
8 -6 50 10 100 "A"
8 2 10 10 101 "R"
8 4 10 10 102 "R"
8 4 10 10 103 "R"
8 -6 10 10 104 "R"
8 2 10 10 105 "R"
8 -6 10 10 106 "R"
8 4 10 10 107 "R"
8 -6 10 10 108 "R"
8 1 50 10 109 "A"
8 -6 50 10 110 "A"
8 -12 10 10 111 "R"
8 4 10 10 112 "R"
8 4 10 10 113 "R"
8 2 10 10 114 "R"
8 2 10 10 115 "R"
8 -6 10 10 116 "R"
8 2 10 10 117 "R"
8 2 10 10 118 "R"
8 -12 10 10 119 "R"
8 2 10 10 120 "R"
8 5 10 10 121 "R"
8 2 10 10 122 "R"
8 -6 10 10 123 "R"
8 1 50 10 124 "A"
8 1 50 10 125 "A"
8 2 10 10 126 "R"
8 -12 10 10 127 "R"
8 1 50 10 128 "A"
8 -12 50 10 129 "A"
8 2 10 10 130 "R"
8 -12 10 10 131 "R"
8 -6 10 10 132 "R"
8 3 50 10 133 "A"
8 -6 50 10 134 "A"
8 4 10 10 135 "R"
8 -6 10 10 136 "R"
8 -6 50 10 137 "A"
8 -6 10 10 138 "R"
8 1 50 10 139 "A"
8 -6 10 10 140 "R"
8 -9 40 11 1 "F"
8 -6 50 11 2 "A"
8 -12 10 11 3 "R"
8 1 50 11 4 "A"
8 3 50 11 5 "A"
8 1 50 11 6 "A"
8 -12 50 11 7 "A"
8 -9 20 11 8 "V"
8 1 50 11 9 "A"
8 -6 50 11 10 "A"
8 -6 50 11 11 "A"
8 -6 10 11 12 "R"
8 -15 50 11 13 "A"
8 1 50 11 14 "A"
8 -3 20 11 15 "V"
8 -6 50 11 16 "A"
8 -6 10 11 17 "R"
8 1 50 11 18 "A"
8 3 50 11 19 "A"
8 1 50 11 20 "A"
8 3 50 11 21 "A"
8 -6 50 11 22 "A"
8 -12 10 11 23 "R"
8 -6 50 11 24 "A"
8 -6 10 11 25 "R"
8 2 10 11 26 "R"
8 -12 10 11 27 "R"
8 1 50 11 28 "A"
8 4 10 11 29 "R"
8 2 10 11 30 "R"
8 -12 10 11 31 "R"
8 -6 50 11 32 "A"
8 5 10 11 33 "R"
8 -6 10 11 34 "R"
8 3 50 11 35 "A"
8 -6 50 11 36 "A"
8 -15 10 11 37 "R"
8 2 10 11 38 "R"
8 -12 10 11 39 "R"
8 -6 50 11 40 "A"
8 -12 10 11 41 "R"
8 3 50 11 42 "A"
8 12 50 11 43 "A"
8 -6 50 11 44 "A"
8 -15 10 11 45 "R"
8 1 50 11 46 "A"
8 -12 50 11 47 "A"
8 4 10 11 48 "R"
8 2 10 11 49 "R"
8 2 10 11 50 "R"
8 4 10 11 51 "R"
8 2 10 11 52 "R"
8 -12 10 11 53 "R"
8 -6 50 11 54 "A"
8 -12 50 11 55 "A"
8 2 10 11 56 "R"
8 5 10 11 57 "R"
8 -6 10 11 58 "R"
8 -6 10 11 59 "R"
8 2 10 11 60 "R"
8 -6 10 11 61 "R"
8 1 50 11 62 "A"
8 12 50 11 63 "A"
8 -15 50 11 64 "A"
8 -15 10 11 65 "R"
8 -6 10 11 66 "R"
8 4 10 11 67 "R"
8 -6 10 11 68 "R"
8 -6 50 11 69 "A"
8 -12 10 11 70 "R"
8 4 10 11 71 "R"
8 2 10 11 72 "R"
8 2 10 11 73 "R"
8 -6 10 11 74 "R"
8 -12 10 11 75 "R"
8 -6 10 11 76 "R"
8 1 50 11 77 "A"
8 1 50 11 78 "A"
8 -12 50 11 79 "A"
8 -6 50 11 80 "A"
8 -12 10 11 81 "R"
8 -6 10 11 82 "R"
8 3 50 11 83 "A"
8 -12 10 11 84 "R"
8 -6 50 11 85 "A"
8 -6 50 11 86 "A"
8 3 50 11 87 "A"
8 -6 50 11 88 "A"
8 4 10 11 89 "R"
8 2 10 11 90 "R"
8 -6 10 11 91 "R"
8 2 10 11 92 "R"
8 4 10 11 93 "R"
8 2 10 11 94 "R"
8 4 10 11 95 "R"
8 2 10 11 96 "R"
8 -12 10 11 97 "R"
8 -12 50 11 98 "A"
8 -3 40 11 99 "F"
8 -6 50 11 100 "A"
8 -6 10 11 101 "R"
8 1 50 11 102 "A"
8 -12 50 11 103 "A"
8 -6 10 11 104 "R"
8 3 50 11 105 "A"
8 2 10 11 106 "R"
8 -12 10 11 107 "R"
8 -12 50 11 108 "A"
8 -6 50 11 109 "A"
8 1 50 11 110 "A"
8 4 10 11 111 "R"
8 4 10 11 112 "R"
8 -12 10 11 113 "R"
8 -6 10 11 114 "R"
8 3 50 11 115 "A"
8 1 50 11 116 "A"
8 4 10 11 117 "R"
8 2 10 11 118 "R"
8 4 10 11 119 "R"
8 2 10 11 120 "R"
8 -12 10 11 121 "R"
8 1 50 11 122 "A"
8 -6 50 11 123 "A"
8 2 10 11 124 "R"
8 4 10 11 125 "R"
8 -6 10 11 126 "R"
8 4 10 11 127 "R"
8 -6 10 11 128 "R"
8 12 50 11 129 "A"
8 1 50 11 130 "A"
8 -12 10 11 131 "R"
8 1 50 11 132 "A"
8 3 50 11 133 "A"
8 1 50 11 134 "A"
8 -12 10 11 135 "R"
8 -6 10 11 136 "R"
8 -12 10 11 137 "R"
8 4 10 12 1 "R"
8 -3 20 12 2 "V"
8 -12 10 12 3 "R"
8 -12 50 12 4 "A"
8 4 10 12 5 "R"
8 2 10 12 6 "R"
8 4 10 12 7 "R"
8 -6 10 12 8 "R"
8 3 50 12 9 "A"
8 1 50 12 10 "A"
8 -12 50 12 11 "A"
8 1 50 12 12 "A"
8 3 50 12 13 "A"
8 -6 50 12 14 "A"
8 -15 10 12 15 "R"
8 2 10 12 16 "R"
8 -6 10 12 17 "R"
8 -12 50 12 18 "A"
8 -12 10 12 19 "R"
8 -6 50 12 20 "A"
8 2 10 12 21 "R"
8 2 10 12 22 "R"
8 5 10 12 23 "R"
8 1 50 12 24 "A"
8 1 50 12 25 "A"
8 2 10 12 26 "R"
8 2 10 12 27 "R"
8 -6 10 12 28 "R"
8 1 50 12 29 "A"
8 -12 10 12 30 "R"
8 3 50 12 31 "A"
8 -6 50 12 32 "A"
8 -12 10 12 33 "R"
8 1 50 12 34 "A"
8 -15 50 12 35 "A"
8 -6 50 12 36 "A"
8 4 10 12 37 "R"
8 -6 10 12 38 "R"
8 -12 50 12 39 "A"
8 -6 10 12 40 "R"
8 -6 50 12 41 "A"
8 2 10 12 42 "R"
8 4 10 12 43 "R"
8 -6 10 12 44 "R"
8 -15 50 12 45 "A"
8 2 10 12 46 "R"
8 -15 10 12 47 "R"
8 -6 50 12 48 "A"
8 -12 50 12 49 "A"
8 -6 10 12 50 "R"
8 -12 50 12 51 "A"
8 2 10 12 52 "R"
8 4 10 12 53 "R"
8 4 10 12 54 "R"
8 -6 10 12 55 "R"
8 -6 50 12 56 "A"
8 -12 10 12 57 "R"
8 1 50 12 58 "A"
8 3 50 12 59 "A"
8 80 50 12 60 "A"
8 -6 50 12 61 "A"
8 2 10 12 62 "R"
8 4 10 12 63 "R"
8 -15 10 12 64 "R"
8 -12 10 12 65 "R"
8 -6 50 12 66 "A"
8 -6 10 12 67 "R"
8 -6 50 12 68 "A"
8 -6 10 12 69 "R"
8 -6 50 12 70 "A"
8 -15 10 12 71 "R"
8 -3 20 12 72 "V"
8 -12 50 12 73 "A"
8 -6 10 12 74 "R"
8 -12 50 12 75 "A"
8 -6 10 12 76 "R"
8 -12 50 12 77 "A"
8 -6 50 12 78 "A"
8 5 10 12 79 "R"
8 -12 10 12 80 "R"
8 4 10 12 81 "R"
8 4 10 12 82 "R"
8 -6 10 12 83 "R"
8 2 10 12 84 "R"
8 -6 10 12 85 "R"
8 2 10 12 86 "R"
8 -12 10 12 87 "R"
8 1 50 12 88 "A"
8 -12 50 12 89 "A"
8 1 20 12 90 "V"
8 -12 10 12 91 "R"
8 2 10 12 92 "R"
8 4 10 12 93 "R"
8 2 10 12 94 "R"
8 -6 10 12 95 "R"
8 -12 10 12 96 "R"
8 1 50 12 97 "A"
8 1 50 12 98 "A"
8 2 10 12 99 "R"
8 -6 10 12 100 "R"
8 1 50 12 101 "A"
8 3 50 12 102 "A"
8 3 50 12 103 "A"
8 -6 50 12 104 "A"
8 1 50 12 105 "A"
8 -6 50 12 106 "A"
8 4 10 12 107 "R"
8 -3 20 12 108 "V"
8 2 10 12 109 "R"
8 -6 10 12 110 "R"
8 -12 10 12 111 "R"
8 4 40 12 112 "F"
8 3 50 12 113 "A"
8 2 10 12 114 "R"
8 2 10 12 115 "R"
8 -6 10 12 116 "R"
8 2 10 12 117 "R"
8 2 10 12 118 "R"
8 -12 10 12 119 "R"
8 2 10 12 120 "R"
8 5 10 12 121 "R"
8 2 10 12 122 "R"
8 -6 10 12 123 "R"
8 1 50 12 124 "A"
8 1 50 12 125 "A"
8 1 50 12 126 "A"
8 -12 50 12 127 "A"
8 1 50 12 128 "A"
8 -9 40 13 1 "F"
8 -6 10 13 2 "R"
8 -12 50 13 3 "A"
8 1 20 13 4 "V"
8 4 10 13 5 "R"
8 2 10 13 6 "R"
8 -9 20 13 7 "V"
8 -12 50 13 8 "A"
8 2 10 13 9 "R"
8 -6 10 13 10 "R"
8 -6 50 13 11 "A"
8 -6 50 13 12 "A"
8 -15 50 13 13 "A"
8 1 50 13 14 "A"
8 -6 50 13 15 "A"
8 -6 10 13 16 "R"
8 -6 50 13 17 "A"
8 2 10 13 18 "R"
8 4 10 13 19 "R"
8 2 10 13 20 "R"
8 4 10 13 21 "R"
8 -6 10 13 22 "R"
8 -12 50 13 23 "A"
8 -6 10 13 24 "R"
8 -6 50 13 25 "A"
8 2 10 13 26 "R"
8 -12 10 13 27 "R"
8 2 10 13 28 "R"
8 4 10 13 29 "R"
8 2 10 13 30 "R"
8 -12 10 13 31 "R"
8 -3 20 13 32 "V"
8 12 50 13 33 "A"
8 -6 50 13 34 "A"
8 3 50 13 35 "A"
8 -6 50 13 36 "A"
8 -15 10 13 37 "R"
8 1 50 13 38 "A"
8 -12 50 13 39 "A"
8 -6 50 13 40 "A"
8 -12 50 13 41 "A"
8 3 50 13 42 "A"
8 12 50 13 43 "A"
8 -6 50 13 44 "A"
8 -15 10 13 45 "R"
8 1 50 13 46 "A"
8 -12 50 13 47 "A"
8 3 50 13 48 "A"
8 1 50 13 49 "A"
8 1 50 13 50 "A"
8 3 50 13 51 "A"
8 2 10 13 52 "R"
8 -12 10 13 53 "R"
8 -6 10 13 54 "R"
8 -12 50 13 55 "A"
8 1 50 13 56 "A"
8 5 10 13 57 "R"
8 -6 10 13 58 "R"
8 -6 10 13 59 "R"
8 80 50 13 60 "A"
8 -6 50 13 61 "A"
8 2 10 13 62 "R"
8 5 10 13 63 "R"
8 -15 10 13 64 "R"
8 -15 50 13 65 "A"
8 -6 10 13 66 "R"
8 3 50 13 67 "A"
8 -6 50 13 68 "A"
8 -6 10 13 69 "R"
8 -12 10 13 70 "R"
8 3 50 13 71 "A"
8 1 50 13 72 "A"
8 1 50 13 73 "A"
8 -6 50 13 74 "A"
8 -12 10 13 75 "R"
8 -6 10 13 76 "R"
8 1 50 13 77 "A"
8 1 50 13 78 "A"
8 -12 50 13 79 "A"
8 -6 10 13 80 "R"
8 -12 50 13 81 "A"
8 -6 50 13 82 "A"
8 4 10 13 83 "R"
8 -12 10 13 84 "R"
8 -3 20 13 85 "V"
8 -6 50 13 86 "A"
8 3 50 13 87 "A"
8 -6 50 13 88 "A"
8 4 10 13 89 "R"
8 2 10 13 90 "R"
8 -6 10 13 91 "R"
8 1 50 13 92 "A"
8 3 50 13 93 "A"
8 1 50 13 94 "A"
8 3 50 13 95 "A"
8 1 50 13 96 "A"
8 -12 10 13 97 "R"
8 -12 50 13 98 "A"
8 -3 20 13 99 "V"
8 -6 50 13 100 "A"
8 -6 50 13 101 "A"
8 1 50 13 102 "A"
8 -12 50 13 103 "A"
8 -3 20 13 104 "V"
8 4 10 13 105 "R"
8 2 10 13 106 "R"
8 -12 10 13 107 "R"
8 -12 10 13 108 "R"
8 -6 10 13 109 "R"
8 2 10 13 110 "R"
8 4 10 13 111 "R"
8 4 10 13 112 "R"
8 -12 10 13 113 "R"
8 -6 50 13 114 "A"
8 4 10 13 115 "R"
8 2 10 13 116 "R"
8 4 10 13 117 "R"
8 2 10 13 118 "R"
8 4 10 13 119 "R"
8 2 10 13 120 "R"
8 -12 10 13 121 "R"
8 1 50 13 122 "A"
8 -6 50 13 123 "A"
8 1 50 13 124 "A"
8 3 50 13 125 "A"
8 -6 50 13 126 "A"
8 4 10 13 127 "R"
8 -6 10 13 128 "R"
8 12 50 13 129 "A"
8 1 50 13 130 "A"
8 -12 50 13 131 "A"
8 2 10 13 132 "R"
8 4 10 13 133 "R"
8 2 10 13 134 "R"
8 -6 50 14 1 "A"
8 2 10 14 2 "R"
8 -12 10 14 3 "R"
8 -6 10 14 4 "R"
8 -12 10 14 5 "R"
8 -6 50 14 6 "A"
8 -6 50 14 7 "A"
8 2 10 14 8 "R"
8 -12 10 14 9 "R"
8 -6 10 14 10 "R"
8 4 10 14 11 "R"
8 -6 10 14 12 "R"
8 12 50 14 13 "A"
8 1 50 14 14 "A"
8 -12 10 14 15 "R"
8 -6 10 14 16 "R"
8 -12 10 14 17 "R"
8 2 10 14 18 "R"
8 -15 10 14 19 "R"
8 -6 10 14 20 "R"
8 3 50 14 21 "A"
8 -6 50 14 22 "A"
8 5 10 14 23 "R"
8 2 10 14 24 "R"
8 -12 10 14 25 "R"
8 1 50 14 26 "A"
8 -6 50 14 27 "A"
8 2 10 14 28 "R"
8 -12 10 14 29 "R"
8 -6 10 14 30 "R"
8 3 50 14 31 "A"
8 3 50 14 32 "A"
8 -6 50 14 33 "A"
8 -6 10 14 34 "R"
8 -12 10 14 35 "R"
8 1 50 14 36 "A"
8 3 50 14 37 "A"
8 -6 50 14 38 "A"
8 -15 10 14 39 "R"
8 2 10 14 40 "R"
8 -12 10 14 41 "R"
8 1 50 14 42 "A"
8 1 50 14 43 "A"
8 -6 50 14 44 "A"
8 4 10 14 45 "R"
8 2 10 14 46 "R"
8 2 10 14 47 "R"
8 4 10 14 48 "R"
8 -15 10 14 49 "R"
8 -12 50 14 50 "A"
8 4 10 14 51 "R"
8 2 10 14 52 "R"
8 -15 10 14 53 "R"
8 -3 20 14 54 "V"
8 -6 10 14 55 "R"
8 1 50 14 56 "A"
8 1 50 14 57 "A"
8 1 50 14 58 "A"
8 3 50 14 59 "A"
8 1 50 14 60 "A"
8 -6 50 14 61 "A"
8 2 10 14 62 "R"
8 4 10 14 63 "R"
8 -6 10 14 64 "R"
8 -6 10 14 65 "R"
8 1 20 14 66 "V"
8 3 50 14 67 "A"
8 -6 50 14 68 "A"
8 5 10 14 69 "R"
8 4 10 14 70 "R"
8 -6 10 14 71 "R"
8 -6 10 14 72 "R"
8 -6 50 14 73 "A"
8 2 10 14 74 "R"
8 5 10 14 75 "R"
8 -6 10 14 76 "R"
8 -12 50 14 77 "A"
8 1 50 14 78 "A"
8 -12 50 14 79 "A"
8 -6 50 14 80 "A"
8 -6 50 14 81 "A"
8 -12 10 14 82 "R"
8 4 10 14 83 "R"
8 -6 10 14 84 "R"
8 2 10 14 85 "R"
8 -6 10 14 86 "R"
8 1 50 14 87 "A"
8 -15 50 14 88 "A"
8 -6 10 14 89 "R"
8 4 10 14 90 "R"
8 4 10 14 91 "R"
8 2 10 14 92 "R"
8 4 10 14 93 "R"
8 2 10 14 94 "R"
8 -12 10 14 95 "R"
8 1 50 14 96 "A"
8 -6 50 14 97 "A"
8 2 10 14 98 "R"
8 -6 10 14 99 "R"
8 1 50 14 100 "A"
8 3 50 14 101 "A"
8 1 50 14 102 "A"
8 12 50 14 103 "A"
8 1 50 14 104 "A"
8 5 10 14 105 "R"
8 -6 10 14 106 "R"
8 -6 10 14 107 "R"
8 -6 50 14 108 "A"
8 -15 50 14 109 "A"
8 1 50 14 110 "A"
8 -12 50 14 111 "A"
8 -6 50 14 112 "A"
8 -6 10 14 113 "R"
8 1 50 14 114 "A"
8 1 50 14 115 "A"
8 -6 50 14 116 "A"
8 4 10 14 117 "R"
8 2 10 14 118 "R"
8 -12 10 14 119 "R"
8 -6 50 14 120 "A"
8 -6 10 14 121 "R"
8 1 50 14 122 "A"
8 -12 50 14 123 "A"
8 1 50 14 124 "A"
8 -6 50 14 125 "A"
8 2 10 14 126 "R"
8 4 10 14 127 "R"
8 1 20 14 128 "V"
8 -12 10 14 129 "R"
8 -6 10 14 130 "R"
8 -12 10 14 131 "R"
8 2 10 14 132 "R"
8 -12 10 14 133 "R"
8 -6 50 14 134 "A"
8 -6 10 14 135 "R"
8 -6 50 14 136 "A"
8 4 10 14 137 "R"
8 2 10 14 138 "R"
8 -6 10 14 139 "R"
8 -6 10 14 140 "R"
8 3 50 14 141 "A"
8 2 10 15 1 "R"
8 -6 10 15 2 "R"
8 3 50 15 3 "A"
8 3 50 15 4 "A"
8 12 50 15 5 "A"
8 -6 50 15 6 "A"
8 3 50 15 7 "A"
8 -6 50 15 8 "A"
8 4 10 15 9 "R"
8 2 10 15 10 "R"
8 -12 10 15 11 "R"
8 1 50 15 12 "A"
8 3 50 15 13 "A"
8 -6 50 15 14 "A"
8 -6 50 15 15 "A"
8 -6 10 15 16 "R"
8 -12 50 15 17 "A"
8 -6 10 15 18 "R"
8 -6 50 15 19 "A"
8 3 50 15 20 "A"
8 -15 50 15 21 "A"
8 -3 20 15 22 "V"
8 -6 50 15 23 "A"
8 12 50 15 24 "A"
8 3 50 15 25 "A"
8 2 10 15 26 "R"
8 4 10 15 27 "R"
8 -6 10 15 28 "R"
8 1 50 15 29 "A"
8 1 50 15 30 "A"
8 -12 50 15 31 "A"
8 -6 10 15 32 "R"
8 4 40 15 33 "F"
8 -12 50 15 34 "A"
8 2 10 15 35 "R"
8 2 10 15 36 "R"
8 -12 10 15 37 "R"
8 -6 10 15 38 "R"
8 -12 10 15 39 "R"
8 1 20 15 40 "V"
8 -12 10 15 41 "R"
8 -6 50 15 42 "A"
8 -12 10 15 43 "R"
8 1 20 15 44 "V"
8 2 10 15 45 "R"
8 -3 20 15 46 "V"
8 -15 10 15 47 "R"
8 1 50 15 48 "A"
8 1 50 15 49 "A"
8 -6 10 15 50 "R"
8 -6 10 15 51 "R"
8 -12 50 15 52 "A"
8 3 20 15 53 "V"
8 -6 10 15 54 "R"
8 -12 50 15 55 "A"
8 -12 10 15 56 "R"
8 -12 50 15 57 "A"
8 2 10 15 58 "R"
8 -6 10 15 59 "R"
8 1 50 15 60 "A"
8 -6 50 15 61 "A"
8 -6 10 15 62 "R"
8 3 50 15 63 "A"
8 -6 50 15 64 "A"
8 3 50 15 65 "A"
8 1 50 15 66 "A"
8 -6 50 15 67 "A"
8 4 10 15 68 "R"
8 -12 10 15 69 "R"
8 2 10 15 70 "R"
8 4 10 15 71 "R"
8 -3 20 15 72 "V"
8 4 10 15 73 "R"
8 2 10 15 74 "R"
8 4 10 15 75 "R"
8 -12 10 15 76 "R"
8 -12 50 15 77 "A"
8 2 10 15 78 "R"
8 2 10 15 79 "R"
8 2 10 15 80 "R"
8 -12 10 15 81 "R"
8 -6 10 15 82 "R"
8 -12 50 15 83 "A"
8 -6 50 15 84 "A"
8 -12 50 15 85 "A"
8 -9 20 15 86 "V"
8 -6 50 15 87 "A"
8 4 10 15 88 "R"
8 5 10 15 89 "R"
8 2 10 15 90 "R"
8 2 10 15 91 "R"
8 -6 10 15 92 "R"
8 -12 50 15 93 "A"
8 1 50 15 94 "A"
8 1 50 15 95 "A"
8 -6 50 15 96 "A"
8 4 10 15 97 "R"
8 2 10 15 98 "R"
8 4 10 15 99 "R"
8 2 10 15 100 "R"
8 -15 10 15 101 "R"
8 2 10 15 102 "R"
8 4 10 15 103 "R"
8 -6 10 15 104 "R"
8 4 10 15 105 "R"
8 -6 10 15 106 "R"
8 -12 10 15 107 "R"
8 1 50 15 108 "A"
8 3 50 15 109 "A"
8 2 10 15 110 "R"
8 -6 10 15 111 "R"
8 -12 10 15 112 "R"
8 -6 10 15 113 "R"
8 -6 10 15 114 "R"
8 3 50 15 115 "A"
8 1 50 15 116 "A"
8 3 50 15 117 "A"
8 3 50 15 118 "A"
8 -12 50 15 119 "A"
8 1 50 15 120 "A"
8 3 50 15 121 "A"
8 -6 10 15 122 "R"
8 -12 50 15 123 "A"
8 -6 50 15 124 "A"
8 -9 40 16 1 "F"
8 -6 50 16 2 "A"
8 -12 50 16 3 "A"
8 2 10 16 4 "R"
8 4 10 16 5 "R"
8 2 10 16 6 "R"
8 -12 10 16 7 "R"
8 -12 10 16 8 "R"
8 1 50 16 9 "A"
8 80 50 16 10 "A"
8 -6 10 16 11 "R"
8 -6 50 16 12 "A"
8 -15 50 16 13 "A"
8 2 10 16 14 "R"
8 -6 10 16 15 "R"
8 -6 50 16 16 "A"
8 -6 10 16 17 "R"
8 2 10 16 18 "R"
8 4 10 16 19 "R"
8 2 10 16 20 "R"
8 3 50 16 21 "A"
8 -6 50 16 22 "A"
8 -12 50 16 23 "A"
8 -6 50 16 24 "A"
8 -6 50 16 25 "A"
8 2 10 16 26 "R"
8 -12 10 16 27 "R"
8 2 10 16 28 "R"
8 4 10 16 29 "R"
8 2 10 16 30 "R"
8 -12 10 16 31 "R"
8 -6 10 16 32 "R"
8 12 50 16 33 "A"
8 -6 50 16 34 "A"
8 4 10 16 35 "R"
8 -6 10 16 36 "R"
8 -15 50 16 37 "A"
8 2 40 16 38 "F"
8 -12 50 16 39 "A"
8 -6 10 16 40 "R"
8 -12 10 16 41 "R"
8 4 10 16 42 "R"
8 5 10 16 43 "R"
8 -6 10 16 44 "R"
8 -15 50 16 45 "A"
8 1 50 16 46 "A"
8 -12 50 16 47 "A"
8 4 10 16 48 "R"
8 2 10 16 49 "R"
8 2 10 16 50 "R"
8 4 10 16 51 "R"
8 2 10 16 52 "R"
8 -12 10 16 53 "R"
8 -6 50 16 54 "A"
8 -12 10 16 55 "R"
8 2 10 16 56 "R"
8 5 10 16 57 "R"
8 -6 10 16 58 "R"
8 -6 50 16 59 "A"
8 2 10 16 60 "R"
8 -6 10 16 61 "R"
8 1 50 16 62 "A"
8 12 50 16 63 "A"
8 -15 50 16 64 "A"
8 -15 10 16 65 "R"
8 -6 10 16 66 "R"
8 3 50 16 67 "A"
8 -6 50 16 68 "A"
8 -6 10 16 69 "R"
8 -12 50 16 70 "A"
8 3 50 16 71 "A"
8 1 50 16 72 "A"
8 1 50 16 73 "A"
8 -6 10 16 74 "R"
8 -12 50 16 75 "A"
8 -3 40 16 76 "F"
8 2 10 16 77 "R"
8 2 10 16 78 "R"
8 -12 10 16 79 "R"
8 -6 50 16 80 "A"
8 -12 10 16 81 "R"
8 -6 50 16 82 "A"
8 4 10 16 83 "R"
8 -12 10 16 84 "R"
8 -6 50 16 85 "A"
8 -6 10 16 86 "R"
8 3 50 16 87 "A"
8 -6 50 16 88 "A"
8 4 10 16 89 "R"
8 2 10 16 90 "R"
8 -6 10 16 91 "R"
8 2 10 16 92 "R"
8 4 10 16 93 "R"
8 2 10 16 94 "R"
8 4 10 16 95 "R"
8 2 10 16 96 "R"
8 -12 10 16 97 "R"
8 -12 10 16 98 "R"
8 -6 10 16 99 "R"
8 -6 10 16 100 "R"
8 -6 10 16 101 "R"
8 1 50 16 102 "A"
8 -12 50 16 103 "A"
8 -6 10 16 104 "R"
8 3 50 16 105 "A"
8 1 50 16 106 "A"
8 -12 50 16 107 "A"
8 -12 50 16 108 "A"
8 -6 50 16 109 "A"
8 2 10 16 110 "R"
8 4 10 16 111 "R"
8 4 10 16 112 "R"
8 -12 10 16 113 "R"
8 -6 50 16 114 "A"
8 4 10 16 115 "R"
8 2 10 16 116 "R"
8 4 10 16 117 "R"
8 2 10 16 118 "R"
8 4 10 16 119 "R"
8 2 10 16 120 "R"
8 -12 10 16 121 "R"
8 2 10 16 122 "R"
8 -12 50 17 1 "A"
8 2 10 17 2 "R"
8 -12 10 17 3 "R"
8 -6 50 17 4 "A"
8 -12 10 17 5 "R"
8 -6 50 17 6 "A"
8 -12 50 17 7 "A"
8 -3 20 17 8 "V"
8 -15 10 17 9 "R"
8 -6 50 17 10 "A"
8 2 10 17 11 "R"
8 2 10 17 12 "R"
8 4 10 17 13 "R"
8 -6 10 17 14 "R"
8 3 50 17 15 "A"
8 1 50 17 16 "A"
8 3 50 17 17 "A"
8 1 50 17 18 "A"
8 -15 50 17 19 "A"
8 -6 10 17 20 "R"
8 -12 50 17 21 "A"
8 -6 50 17 22 "A"
8 2 10 17 23 "R"
8 2 10 17 24 "R"
8 4 10 17 25 "R"
8 -12 10 17 26 "R"
8 -12 10 17 27 "R"
8 -6 50 17 28 "A"
8 3 50 17 29 "A"
8 -6 50 17 30 "A"
8 -12 10 17 31 "R"
8 -15 50 17 32 "A"
8 5 10 17 33 "R"
8 -6 10 17 34 "R"
8 1 50 17 35 "A"
8 -6 50 17 36 "A"
8 2 10 17 37 "R"
8 4 10 17 38 "R"
8 2 10 17 39 "R"
8 2 10 17 40 "R"
8 -6 10 17 41 "R"
8 -6 50 17 42 "A"
8 -6 50 17 43 "A"
8 2 10 17 44 "R"
8 -6 10 17 45 "R"
8 -6 50 17 46 "A"
8 -12 10 17 47 "R"
8 -12 10 17 48 "R"
8 -6 50 17 49 "A"
8 -6 10 17 50 "R"
8 4 10 17 51 "R"
8 2 10 17 52 "R"
8 5 10 17 53 "R"
8 -6 10 17 54 "R"
8 -12 10 17 55 "R"
8 1 50 17 56 "A"
8 -12 50 17 57 "A"
8 1 50 17 58 "A"
8 -6 50 17 59 "A"
8 2 10 17 60 "R"
8 -12 10 17 61 "R"
8 2 10 17 62 "R"
8 4 10 17 63 "R"
8 -6 10 17 64 "R"
8 3 50 17 65 "A"
8 1 50 17 66 "A"
8 -12 50 17 67 "A"
8 2 10 17 68 "R"
8 4 10 17 69 "R"
8 -6 10 17 70 "R"
8 1 50 17 71 "A"
8 -6 50 17 72 "A"
8 -12 50 17 73 "A"
8 -6 50 17 74 "A"
8 -15 50 17 75 "A"
8 2 10 17 76 "R"
8 -12 10 17 77 "R"
8 1 50 17 78 "A"
8 -12 50 17 79 "A"
8 1 50 17 80 "A"
8 -12 10 17 81 "R"
8 -6 10 17 82 "R"
8 4 10 17 83 "R"
8 2 10 17 84 "R"
8 4 10 17 85 "R"
8 -6 10 17 86 "R"
8 -12 50 17 87 "A"
8 2 10 17 88 "R"
8 -6 10 17 89 "R"
8 -6 50 17 90 "A"
8 -12 10 17 91 "R"
8 -6 10 17 92 "R"
8 5 10 17 93 "R"
8 2 10 17 94 "R"
8 -12 10 17 95 "R"
8 -6 10 17 96 "R"
8 12 50 17 97 "A"
8 -6 10 17 98 "R"
8 -6 50 17 99 "A"
8 -6 10 17 100 "R"
8 -15 50 17 101 "A"
8 -6 50 17 102 "A"
8 -12 10 17 103 "R"
8 4 10 17 104 "R"
8 2 10 17 105 "R"
8 4 10 17 106 "R"
8 2 10 17 107 "R"
8 -6 10 17 108 "R"
8 2 10 17 109 "R"
8 -6 10 17 110 "R"
8 -12 10 17 111 "R"
8 -6 10 17 112 "R"
8 3 50 17 113 "A"
8 -12 50 17 114 "A"
8 -3 20 17 115 "V"
8 1 50 17 116 "A"
8 1 50 17 117 "A"
8 1 50 17 118 "A"
8 -6 50 17 119 "A"
8 -6 10 17 120 "R"
8 -12 50 17 121 "A"
8 -12 10 17 122 "R"
8 2 10 18 1 "R"
8 -6 10 18 2 "R"
8 3 50 18 3 "A"
8 3 50 18 4 "A"
8 12 50 18 5 "A"
8 -6 50 18 6 "A"
8 3 50 18 7 "A"
8 -6 50 18 8 "A"
8 4 10 18 9 "R"
8 2 10 18 10 "R"
8 -12 10 18 11 "R"
8 1 50 18 12 "A"
8 3 50 18 13 "A"
8 -6 50 18 14 "A"
8 -6 50 18 15 "A"
8 -6 10 18 16 "R"
8 -12 10 18 17 "R"
8 -3 40 18 18 "F"
8 -6 10 18 19 "R"
8 4 10 18 20 "R"
8 -15 10 18 21 "R"
8 -6 50 18 22 "A"
8 -6 10 18 23 "R"
8 12 50 18 24 "A"
8 3 50 18 25 "A"
8 1 50 18 26 "A"
8 3 50 18 27 "A"
8 -6 10 18 28 "R"
8 1 50 18 29 "A"
8 1 50 18 30 "A"
8 -12 50 18 31 "A"
8 -6 50 18 32 "A"
8 4 10 18 33 "R"
8 -12 10 18 34 "R"
8 2 10 18 35 "R"
8 2 10 18 36 "R"
8 -12 10 18 37 "R"
8 -6 10 18 38 "R"
8 -12 50 18 39 "A"
8 2 10 18 40 "R"
8 -12 10 18 41 "R"
8 -3 40 18 42 "F"
8 -12 50 18 43 "A"
8 1 20 18 44 "V"
8 2 10 18 45 "R"
8 -6 10 18 46 "R"
8 -15 50 18 47 "A"
8 2 10 18 48 "R"
8 2 10 18 49 "R"
8 -6 10 18 50 "R"
8 -6 50 18 51 "A"
8 -12 50 18 52 "A"
8 3 50 18 53 "A"
8 -6 50 18 54 "A"
8 -12 10 18 55 "R"
8 -12 10 18 56 "R"
8 -12 10 18 57 "R"
8 1 50 18 58 "A"
8 -6 50 18 59 "A"
8 1 50 18 60 "A"
8 -6 50 18 61 "A"
8 -6 50 18 62 "A"
8 4 10 18 63 "R"
8 -6 10 18 64 "R"
8 3 50 18 65 "A"
8 1 50 18 66 "A"
8 -6 50 18 67 "A"
8 3 50 18 68 "A"
8 -12 50 18 69 "A"
8 2 10 18 70 "R"
8 4 10 18 71 "R"
8 -6 10 18 72 "R"
8 3 50 18 73 "A"
8 1 50 18 74 "A"
8 3 50 18 75 "A"
8 -12 50 18 76 "A"
8 -12 50 18 77 "A"
8 1 50 18 78 "A"
8 1 50 18 79 "A"
8 1 50 18 80 "A"
8 -12 50 18 81 "A"
8 -6 50 18 82 "A"
8 -12 50 18 83 "A"
8 -6 50 18 84 "A"
8 -12 50 18 85 "A"
8 -12 10 18 86 "R"
8 -6 10 18 87 "R"
8 4 10 18 88 "R"
8 5 10 18 89 "R"
8 2 10 18 90 "R"
8 2 10 18 91 "R"
8 -6 10 18 92 "R"
8 -12 50 18 93 "A"
8 2 10 18 94 "R"
8 2 10 18 95 "R"
8 -6 10 18 96 "R"
8 3 50 18 97 "A"
8 1 50 18 98 "A"
8 3 50 18 99 "A"
8 1 50 18 100 "A"
8 -15 10 18 101 "R"
8 2 10 18 102 "R"
8 4 10 18 103 "R"
8 -6 10 18 104 "R"
8 3 50 18 105 "A"
8 -6 50 18 106 "A"
8 -12 50 18 107 "A"
8 2 10 18 108 "R"
8 4 10 18 109 "R"
8 2 10 18 110 "R"
8 -6 10 18 111 "R"
8 -12 50 18 112 "A"
8 -6 50 18 113 "A"
8 -9 40 19 1 "F"
8 2 10 19 2 "R"
8 -6 10 19 3 "R"
8 -12 50 19 4 "A"
8 -6 50 19 5 "A"
8 -6 10 19 6 "R"
8 -15 50 19 7 "A"
8 1 50 19 8 "A"
8 4 10 19 9 "R"
8 2 10 19 10 "R"
8 -12 10 19 11 "R"
8 4 40 19 12 "F"
8 3 50 19 13 "A"
8 1 50 19 14 "A"
8 1 50 19 15 "A"
8 3 50 19 16 "A"
8 -12 50 19 17 "A"
8 -6 50 19 18 "A"
8 5 10 19 19 "R"
8 -12 10 19 20 "R"
8 2 10 19 21 "R"
8 2 10 19 22 "R"
8 -6 10 19 23 "R"
8 3 50 19 24 "A"
8 3 50 19 25 "A"
8 1 50 19 26 "A"
8 -15 50 19 27 "A"
8 -6 50 19 28 "A"
8 -12 10 19 29 "R"
8 -6 10 19 30 "R"
8 -12 50 19 31 "A"
8 1 50 19 32 "A"
8 -12 50 19 33 "A"
8 2 10 19 34 "R"
8 -6 10 19 35 "R"
8 1 50 19 36 "A"
8 -12 50 19 37 "A"
8 -12 10 19 38 "R"
8 1 50 19 39 "A"
8 2 10 19 40 "R"
8 -12 10 19 41 "R"
8 -6 10 19 42 "R"
8 -12 50 19 43 "A"
8 -12 10 19 44 "R"
8 -12 10 19 45 "R"
8 1 50 19 46 "A"
8 3 50 19 47 "A"
8 3 50 19 48 "A"
8 1 50 19 49 "A"
8 1 50 19 50 "A"
8 -12 10 19 51 "R"
8 -6 10 19 52 "R"
8 1 50 19 53 "A"
8 -6 10 19 54 "R"
8 -6 50 19 55 "A"
8 2 10 19 56 "R"
8 -12 10 19 57 "R"
8 2 10 19 58 "R"
8 -12 10 19 59 "R"
8 2 10 19 60 "R"
8 -12 10 19 61 "R"
8 3 50 19 62 "A"
8 3 50 19 63 "A"
8 1 50 19 64 "A"
8 1 50 19 65 "A"
8 2 10 19 66 "R"
8 1 50 19 67 "A"
8 -6 50 19 68 "A"
8 -6 10 19 69 "R"
8 1 50 19 70 "A"
8 -6 50 19 71 "A"
8 2 10 19 72 "R"
8 -12 10 19 73 "R"
8 3 50 19 74 "A"
8 -15 50 19 75 "A"
8 -12 10 19 76 "R"
8 -15 50 19 77 "A"
8 -3 20 19 78 "V"
8 1 50 19 79 "A"
8 2 10 19 80 "R"
8 -12 10 19 81 "R"
8 -6 50 19 82 "A"
8 2 10 19 83 "R"
8 -6 10 19 84 "R"
8 -12 50 19 85 "A"
8 1 50 19 86 "A"
8 -15 50 19 87 "A"
8 1 50 19 88 "A"
8 -6 50 19 89 "A"
8 2 10 19 90 "R"
8 -6 10 19 91 "R"
8 -6 50 19 92 "A"
8 -12 50 19 93 "A"
8 -6 50 19 94 "A"
8 5 10 19 95 "R"
8 -12 50 19 96 "A"
8 -6 50 19 97 "A"
8 2 10 19 98 "R"
8 4 10 19 99 "R"
8 -6 10 19 100 "R"
8 4 10 19 101 "R"
8 2 10 19 102 "R"
8 2 10 19 103 "R"
8 2 10 19 104 "R"
8 5 10 19 105 "R"
8 -6 10 19 106 "R"
8 3 50 19 107 "A"
8 -6 50 19 108 "A"
8 3 50 19 109 "A"
8 -6 50 19 110 "A"
8 -6 10 19 111 "R"
8 -6 50 19 112 "A"
8 5 10 19 113 "R"
8 2 10 19 114 "R"
8 -15 10 19 115 "R"
8 1 20 19 116 "V"
8 4 10 19 117 "R"
8 -6 10 19 118 "R"
8 3 50 19 119 "A"
8 -6 50 19 120 "A"
8 1 50 19 121 "A"
8 2 10 19 122 "R"
8 -6 10 19 123 "R"
8 -6 50 19 124 "A"
8 -12 50 19 125 "A"
8 -3 20 19 126 "V"
8 -15 50 19 127 "A"
8 -6 10 19 128 "R"
8 -6 50 19 129 "A"
8 -6 50 19 130 "A"
8 -12 50 19 131 "A"
8 -6 10 19 132 "R"
8 -12 50 19 133 "A"
8 -6 10 19 134 "R"
8 -12 50 19 135 "A"
8 1 50 19 136 "A"
8 12 50 19 137 "A"
8 -12 10 20 1 "R"
8 -6 50 20 2 "A"
8 -12 10 20 3 "R"
8 1 50 20 4 "A"
8 4 10 20 5 "R"
8 2 10 20 6 "R"
8 -12 10 20 7 "R"
8 -12 50 20 8 "A"
8 1 50 20 9 "A"
8 80 50 20 10 "A"
8 -6 50 20 11 "A"
8 -6 50 20 12 "A"
8 -15 50 20 13 "A"
8 1 20 20 14 "V"
8 -6 10 20 15 "R"
8 -6 50 20 16 "A"
8 -6 10 20 17 "R"
8 1 50 20 18 "A"
8 3 50 20 19 "A"
8 1 50 20 20 "A"
8 3 50 20 21 "A"
8 -6 50 20 22 "A"
8 -12 50 20 23 "A"
8 -6 50 20 24 "A"
8 -6 10 20 25 "R"
8 1 50 20 26 "A"
8 -12 50 20 27 "A"
8 2 10 20 28 "R"
8 4 10 20 29 "R"
8 2 10 20 30 "R"
8 -12 10 20 31 "R"
8 -6 10 20 32 "R"
8 12 50 20 33 "A"
8 -6 50 20 34 "A"
8 4 10 20 35 "R"
8 -6 10 20 36 "R"
8 -15 10 20 37 "R"
8 1 50 20 38 "A"
8 -12 50 20 39 "A"
8 -3 20 20 40 "V"
8 -12 50 20 41 "A"
8 3 50 20 42 "A"
8 12 50 20 43 "A"
8 -6 50 20 44 "A"
8 -15 10 20 45 "R"
8 2 10 20 46 "R"
8 -12 10 20 47 "R"
8 3 50 20 48 "A"
8 1 50 20 49 "A"
8 1 50 20 50 "A"
8 3 50 20 51 "A"
8 1 50 20 52 "A"
8 -12 50 20 53 "A"
8 -6 10 20 54 "R"
8 -9 40 20 55 "F"
8 2 10 20 56 "R"
8 5 10 20 57 "R"
8 -6 10 20 58 "R"
8 -6 50 20 59 "A"
8 2 10 20 60 "R"
8 -6 10 20 61 "R"
8 1 50 20 62 "A"
8 12 50 20 63 "A"
8 -15 50 20 64 "A"
8 -15 50 20 65 "A"
8 -6 10 20 66 "R"
8 3 50 20 67 "A"
8 -6 50 20 68 "A"
8 -6 50 20 69 "A"
8 -12 50 20 70 "A"
8 3 20 20 71 "V"
8 1 50 20 72 "A"
8 1 50 20 73 "A"
8 -6 50 20 74 "A"
8 -12 10 20 75 "R"
8 -6 10 20 76 "R"
8 1 50 20 77 "A"
8 1 50 20 78 "A"
8 -12 50 20 79 "A"
8 -6 50 20 80 "A"
8 -12 10 20 81 "R"
8 -6 50 20 82 "A"
8 4 10 20 83 "R"
8 -12 10 20 84 "R"
8 -6 10 20 85 "R"
8 -6 50 20 86 "A"
8 4 10 20 87 "R"
8 -6 10 20 88 "R"
8 3 50 20 89 "A"
8 1 50 20 90 "A"
8 -6 50 20 91 "A"
8 2 10 20 92 "R"
8 4 10 20 93 "R"
8 2 10 20 94 "R"
8 4 10 20 95 "R"
8 2 10 20 96 "R"
8 -12 10 20 97 "R"
8 -12 50 20 98 "A"
8 -6 50 20 99 "A"
8 -6 10 20 100 "R"
8 -6 50 20 101 "A"
8 2 10 20 102 "R"
8 -12 10 20 103 "R"
8 -6 50 20 104 "A"
8 4 10 20 105 "R"
8 2 10 20 106 "R"
8 -12 10 20 107 "R"
8 -12 10 20 108 "R"
8 -6 10 20 109 "R"
8 1 50 20 110 "A"
8 3 50 20 111 "A"
8 3 50 20 112 "A"
8 -12 50 20 113 "A"
8 -6 50 20 114 "A"
8 4 10 20 115 "R"
8 2 10 20 116 "R"
8 4 10 20 117 "R"
8 2 10 20 118 "R"
8 4 10 20 119 "R"
8 2 10 20 120 "R"
8 -12 10 20 121 "R"
8 2 10 20 122 "R"
8 -6 10 20 123 "R"
8 1 50 20 124 "A"
8 3 50 20 125 "A"
8 -6 50 20 126 "A"
8 3 50 20 127 "A"
8 -6 50 20 128 "A"
8 5 10 20 129 "R"
8 2 10 21 1 "R"
8 2 10 21 2 "R"
8 3 50 21 3 "A"
8 -3 40 21 4 "F"
8 -12 50 21 5 "A"
8 1 50 21 6 "A"
8 1 50 21 7 "A"
8 -6 50 21 8 "A"
8 -12 10 21 9 "R"
8 2 10 21 10 "R"
8 2 10 21 11 "R"
8 2 10 21 12 "R"
8 2 10 21 13 "R"
8 -6 10 21 14 "R"
8 -6 50 21 15 "A"
8 -6 50 21 16 "A"
8 -12 10 21 17 "R"
8 -3 40 21 18 "F"
8 -12 10 21 19 "R"
8 1 50 21 20 "A"
8 3 50 21 21 "A"
8 -12 50 21 22 "A"
8 -12 50 21 23 "A"
8 2 10 21 24 "R"
8 2 10 21 25 "R"
8 -12 10 21 26 "R"
8 2 40 21 27 "F"
8 -6 50 21 28 "A"
8 -15 50 21 29 "A"
8 4 10 21 30 "R"
8 -6 10 21 31 "R"
8 1 50 21 32 "A"
8 12 50 21 33 "A"
8 -12 50 21 34 "A"
8 -15 50 21 35 "A"
8 -6 10 21 36 "R"
8 3 50 21 37 "A"
8 1 50 21 38 "A"
8 -12 50 21 39 "A"
8 2 10 21 40 "R"
8 5 10 21 41 "R"
8 4 10 21 42 "R"
8 -12 10 21 43 "R"
8 2 10 21 44 "R"
8 -12 10 21 45 "R"
8 1 50 21 46 "A"
8 -15 50 21 47 "A"
8 1 50 21 48 "A"
8 3 50 21 49 "A"
8 1 50 21 50 "A"
8 -6 50 21 51 "A"
8 2 10 21 52 "R"
8 4 10 21 53 "R"
8 -6 10 21 54 "R"
8 12 50 21 55 "A"
8 -6 50 21 56 "A"
8 -12 50 21 57 "A"
8 1 50 21 58 "A"
8 3 50 21 59 "A"
8 -12 50 21 60 "A"
8 -6 50 21 61 "A"
8 -6 10 21 62 "R"
8 12 50 21 63 "A"
8 1 50 21 64 "A"
8 3 50 21 65 "A"
8 -6 50 21 66 "A"
8 2 10 21 67 "R"
8 2 10 21 68 "R"
8 -6 10 21 69 "R"
8 -6 50 21 70 "A"
8 2 10 21 71 "R"
8 -6 10 21 72 "R"
8 -12 50 21 73 "A"
8 4 40 21 74 "F"
8 12 50 21 75 "A"
8 1 50 21 76 "A"
8 -12 50 21 77 "A"
8 -3 20 21 78 "V"
8 3 50 21 79 "A"
8 -12 50 21 80 "A"
8 4 10 21 81 "R"
8 2 10 21 82 "R"
8 -6 10 21 83 "R"
8 -6 50 21 84 "A"
8 4 10 21 85 "R"
8 -6 10 21 86 "R"
8 4 10 21 87 "R"
8 -6 50 21 88 "A"
8 4 10 21 89 "R"
8 2 10 21 90 "R"
8 -12 10 21 91 "R"
8 -6 10 21 92 "R"
8 12 50 21 93 "A"
8 -6 50 21 94 "A"
8 -12 10 21 95 "R"
8 4 10 21 96 "R"
8 4 10 21 97 "R"
8 4 10 21 98 "R"
8 2 10 21 99 "R"
8 2 10 21 100 "R"
8 2 10 21 101 "R"
8 4 10 21 102 "R"
8 5 10 21 103 "R"
8 -12 10 21 104 "R"
8 5 10 21 105 "R"
8 -6 10 21 106 "R"
8 -6 50 21 107 "A"
8 -6 10 21 108 "R"
8 3 50 21 109 "A"
8 -6 50 21 110 "A"
8 2 10 21 111 "R"
8 -6 10 21 112 "R"
8 1 50 21 113 "A"
8 1 50 21 114 "A"
8 -6 50 21 115 "A"
8 -6 50 21 116 "A"
8 -15 50 21 117 "A"
8 1 50 21 118 "A"
8 -6 50 21 119 "A"
8 4 10 21 120 "R"
8 -6 10 21 121 "R"
8 -6 50 21 122 "A"
8 -15 10 21 123 "R"
8 1 50 21 124 "A"
8 -12 50 21 125 "A"
8 -6 10 21 126 "R"
8 -6 50 21 127 "A"
8 2 10 21 128 "R"
8 -12 10 21 129 "R"
8 -12 10 21 130 "R"
8 3 20 21 131 "V"
8 1 50 21 132 "A"
8 -12 50 21 133 "A"
8 -6 10 21 134 "R"
8 -12 50 21 135 "A"
8 3 50 21 136 "A"
8 -12 50 21 137 "A"
8 1 20 21 138 "V"
8 4 10 21 139 "R"
8 -12 10 21 140 "R"
8 1 50 21 141 "A"
8 1 50 21 142 "A"
8 -6 50 21 143 "A"
8 -6 10 21 144 "R"
8 -12 50 21 145 "A"
8 1 50 21 146 "A"
8 1 50 21 147 "A"
8 -12 50 21 148 "A"
8 1 50 22 1 "A"
8 -6 50 22 2 "A"
8 -12 10 22 3 "R"
8 3 50 22 4 "A"
8 -6 50 22 5 "A"
8 2 10 22 6 "R"
8 -12 10 22 7 "R"
8 2 10 22 8 "R"
8 -12 10 22 9 "R"
8 80 20 22 10 "V"
8 -15 50 22 11 "A"
8 -3 40 22 12 "F"
8 -12 10 22 13 "R"
8 4 10 22 14 "R"
8 -6 10 22 15 "R"
8 1 50 22 16 "A"
8 3 50 22 17 "A"
8 1 50 22 18 "A"
8 3 50 22 19 "A"
8 -12 50 22 20 "A"
8 -9 20 22 21 "V"
8 1 50 22 22 "A"
8 -12 50 22 23 "A"
8 -12 10 22 24 "R"
8 3 50 22 25 "A"
8 1 50 22 26 "A"
8 -6 50 22 27 "A"
8 -6 50 22 28 "A"
8 -12 10 22 29 "R"
8 -6 10 22 30 "R"
8 -6 10 22 31 "R"
8 -6 50 22 32 "A"
8 -6 50 22 33 "A"
8 4 10 22 34 "R"
8 -6 10 22 35 "R"
8 -6 50 22 36 "A"
8 -12 10 22 37 "R"
8 3 50 22 38 "A"
8 12 50 22 39 "A"
8 -6 50 22 40 "A"
8 -6 50 22 41 "A"
8 2 10 22 42 "R"
8 -12 10 22 43 "R"
8 -3 40 22 44 "F"
8 4 10 22 45 "R"
8 -6 10 22 46 "R"
8 1 50 22 47 "A"
8 -6 50 22 48 "A"
8 -12 10 22 49 "R"
8 2 10 22 50 "R"
8 -12 10 22 51 "R"
8 -6 10 22 52 "R"
8 1 50 22 53 "A"
8 -6 50 22 54 "A"
8 3 50 22 55 "A"
8 1 50 22 56 "A"
8 3 50 22 57 "A"
8 1 50 22 58 "A"
8 3 50 22 59 "A"
8 -6 50 22 60 "A"
8 -15 50 22 61 "A"
8 1 20 22 62 "V"
8 -6 10 22 63 "R"
8 1 50 22 64 "A"
8 -12 50 22 65 "A"
8 -6 10 22 66 "R"
8 -15 50 22 67 "A"
8 -6 10 22 68 "R"
8 1 50 22 69 "A"
8 -6 50 22 70 "A"
8 4 10 22 71 "R"
8 4 10 22 72 "R"
8 -15 10 22 73 "R"
8 -6 50 22 74 "A"
8 2 10 22 75 "R"
8 -12 10 22 76 "R"
8 -6 50 22 77 "A"
8 -6 50 22 78 "A"
8 -6 10 22 79 "R"
8 1 50 22 80 "A"
8 3 50 22 81 "A"
8 -6 50 22 82 "A"
8 3 50 22 83 "A"
8 -6 10 22 84 "R"
8 -15 50 22 85 "A"
8 -6 50 22 86 "A"
8 -6 10 22 87 "R"
8 -6 50 22 88 "A"
8 -12 10 22 89 "R"
8 2 10 22 90 "R"
8 5 10 22 91 "R"
8 1 50 22 92 "A"
8 -12 50 22 93 "A"
8 -12 50 22 94 "A"
8 2 10 22 95 "R"
8 -12 10 22 96 "R"
8 4 10 22 97 "R"
8 1 50 22 98 "A"
8 -15 50 22 99 "A"
8 -6 10 22 100 "R"
8 1 50 22 101 "A"
8 -6 50 22 102 "A"
8 -15 10 22 103 "R"
8 2 10 22 104 "R"
8 -12 10 22 105 "R"
8 1 50 22 106 "A"
8 3 50 22 107 "A"
8 -6 50 22 108 "A"
8 -6 10 22 109 "R"
8 -6 10 22 110 "R"
8 1 50 22 111 "A"
8 -6 50 22 112 "A"
8 -15 10 22 113 "R"
8 1 50 22 114 "A"
8 -12 50 22 115 "A"
8 -12 50 22 116 "A"
8 -15 10 22 117 "R"
8 -12 10 22 118 "R"
8 -12 50 22 119 "A"
8 2 10 22 120 "R"
8 -12 50 22 121 "A"
8 -6 10 22 122 "R"
8 -12 50 22 123 "A"
8 -6 10 22 124 "R"
8 -12 50 22 125 "A"
8 2 10 22 126 "R"
8 2 10 22 127 "R"
8 2 10 22 128 "R"
8 -12 10 22 129 "R"
8 1 50 22 130 "A"
8 3 50 22 131 "A"
8 1 50 22 132 "A"
8 -12 50 22 133 "A"
8 -9 20 23 1 "V"
8 1 50 23 2 "A"
8 -6 50 23 3 "A"
8 -12 10 23 4 "R"
8 -6 50 23 5 "A"
8 -6 10 23 6 "R"
8 -15 50 23 7 "A"
8 2 10 23 8 "R"
8 4 10 23 9 "R"
8 1 50 23 10 "A"
8 -12 50 23 11 "A"
8 3 50 23 12 "A"
8 3 50 23 13 "A"
8 2 10 23 14 "R"
8 2 10 23 15 "R"
8 4 10 23 16 "R"
8 -12 10 23 17 "R"
8 -6 10 23 18 "R"
8 12 50 23 19 "A"
8 -12 50 23 20 "A"
8 2 10 23 21 "R"
8 2 10 23 22 "R"
8 -6 10 23 23 "R"
8 3 50 23 24 "A"
8 3 50 23 25 "A"
8 1 50 23 26 "A"
8 -15 50 23 27 "A"
8 -6 50 23 28 "A"
8 -12 10 23 29 "R"
8 -6 10 23 30 "R"
8 -12 50 23 31 "A"
8 1 50 23 32 "A"
8 -12 50 23 33 "A"
8 1 50 23 34 "A"
8 -6 50 23 35 "A"
8 2 10 23 36 "R"
8 -12 10 23 37 "R"
8 -12 10 23 38 "R"
8 1 50 23 39 "A"
8 1 50 23 40 "A"
8 -12 50 23 41 "A"
8 -6 10 23 42 "R"
8 -12 50 23 43 "A"
8 -12 50 23 44 "A"
8 -12 10 23 45 "R"
8 2 10 23 46 "R"
8 4 10 23 47 "R"
8 4 10 23 48 "R"
8 2 10 23 49 "R"
8 2 10 23 50 "R"
8 -12 10 23 51 "R"
8 -6 10 23 52 "R"
8 1 50 23 53 "A"
8 -6 50 23 54 "A"
8 -6 50 23 55 "A"
8 2 10 23 56 "R"
8 -12 10 23 57 "R"
8 2 10 23 58 "R"
8 -12 10 23 59 "R"
8 2 10 23 60 "R"
8 -12 10 23 61 "R"
8 4 10 23 62 "R"
8 3 50 23 63 "A"
8 1 50 23 64 "A"
8 1 50 23 65 "A"
8 2 10 23 66 "R"
8 2 10 23 67 "R"
8 -6 10 23 68 "R"
8 -6 50 23 69 "A"
8 2 10 23 70 "R"
8 -6 10 23 71 "R"
8 1 50 23 72 "A"
8 -12 50 23 73 "A"
8 3 50 23 74 "A"
8 -15 50 23 75 "A"
8 -12 50 23 76 "A"
8 -15 50 23 77 "A"
8 -3 40 23 78 "F"
8 1 50 23 79 "A"
8 1 50 23 80 "A"
8 -12 10 23 81 "R"
8 -6 50 23 82 "A"
8 1 50 23 83 "A"
8 -6 50 23 84 "A"
8 -12 10 23 85 "R"
8 1 50 23 86 "A"
8 -15 10 23 87 "R"
8 2 10 23 88 "R"
8 -6 10 23 89 "R"
8 1 50 23 90 "A"
8 -6 50 23 91 "A"
8 -6 10 23 92 "R"
8 -12 50 23 93 "A"
8 -3 20 23 94 "V"
8 12 50 23 95 "A"
8 -12 50 23 96 "A"
8 -6 10 23 97 "R"
8 1 50 23 98 "A"
8 3 50 23 99 "A"
8 -6 10 23 100 "R"
8 4 10 23 101 "R"
8 2 10 23 102 "R"
8 2 10 23 103 "R"
8 2 10 23 104 "R"
8 5 10 23 105 "R"
8 -6 10 23 106 "R"
8 3 50 23 107 "A"
8 -6 50 23 108 "A"
8 3 50 23 109 "A"
8 -6 50 23 110 "A"
8 -6 10 23 111 "R"
8 -6 50 23 112 "A"
8 5 10 23 113 "R"
8 2 10 23 114 "R"
8 -15 10 23 115 "R"
8 2 10 23 116 "R"
8 4 10 23 117 "R"
8 -6 10 23 118 "R"
8 3 50 23 119 "A"
8 -6 50 23 120 "A"
8 1 50 23 121 "A"
8 1 50 23 122 "A"
8 -6 10 23 123 "R"
8 -6 50 23 124 "A"
8 -12 50 23 125 "A"
8 -3 20 23 126 "V"
8 -15 50 23 127 "A"
8 -6 10 23 128 "R"
8 -6 50 23 129 "A"
8 -6 10 23 130 "R"
8 -12 50 23 131 "A"
8 -12 10 24 1 "R"
8 1 50 24 2 "A"
8 -6 50 24 3 "A"
8 -12 10 24 4 "R"
8 -6 50 24 5 "A"
8 -6 10 24 6 "R"
8 -15 50 24 7 "A"
8 2 10 24 8 "R"
8 3 50 24 9 "A"
8 1 50 24 10 "A"
8 -12 50 24 11 "A"
8 4 10 24 12 "R"
8 4 10 24 13 "R"
8 2 10 24 14 "R"
8 2 10 24 15 "R"
8 4 10 24 16 "R"
8 -12 10 24 17 "R"
8 -6 10 24 18 "R"
8 12 50 24 19 "A"
8 -12 50 24 20 "A"
8 2 10 24 21 "R"
8 2 10 24 22 "R"
8 -6 10 24 23 "R"
8 3 50 24 24 "A"
8 3 50 24 25 "A"
8 1 50 24 26 "A"
8 -15 50 24 27 "A"
8 -6 50 24 28 "A"
8 -12 10 24 29 "R"
8 -3 40 24 30 "F"
8 -12 10 24 31 "R"
8 2 10 24 32 "R"
8 -12 10 24 33 "R"
8 2 10 24 34 "R"
8 -6 10 24 35 "R"
8 1 20 24 36 "V"
8 -12 50 24 37 "A"
8 -12 10 24 38 "R"
8 1 50 24 39 "A"
8 1 50 24 40 "A"
8 -12 50 24 41 "A"
8 -6 10 24 42 "R"
8 -12 50 24 43 "A"
8 -12 10 24 44 "R"
8 -12 10 24 45 "R"
8 2 10 24 46 "R"
8 4 10 24 47 "R"
8 4 10 24 48 "R"
8 2 10 24 49 "R"
8 2 10 24 50 "R"
8 -12 10 24 51 "R"
8 -6 10 24 52 "R"
8 1 50 24 53 "A"
8 -6 50 24 54 "A"
8 -6 10 24 55 "R"
8 1 50 24 56 "A"
8 -12 50 24 57 "A"
8 2 10 24 58 "R"
8 -12 10 24 59 "R"
8 2 10 24 60 "R"
8 -12 10 24 61 "R"
8 3 50 24 62 "A"
8 3 50 24 63 "A"
8 1 50 24 64 "A"
8 1 50 24 65 "A"
8 2 10 24 66 "R"
8 2 10 24 67 "R"
8 -6 10 24 68 "R"
8 -6 50 24 69 "A"
8 2 10 24 70 "R"
8 -6 10 24 71 "R"
8 1 50 24 72 "A"
8 -12 50 24 73 "A"
8 4 40 24 74 "F"
8 -15 50 24 75 "A"
8 -12 10 24 76 "R"
8 -15 10 24 77 "R"
8 -6 50 24 78 "A"
8 2 10 24 79 "R"
8 2 10 24 80 "R"
8 -12 10 24 81 "R"
8 -6 50 24 82 "A"
8 2 10 24 83 "R"
8 -6 10 24 84 "R"
8 -12 50 24 85 "A"
8 2 10 24 86 "R"
8 -15 10 24 87 "R"
8 1 50 24 88 "A"
8 -6 50 24 89 "A"
8 2 10 24 90 "R"
8 -6 10 24 91 "R"
8 -6 50 24 92 "A"
8 -12 10 24 93 "R"
8 -6 50 24 94 "A"
8 5 10 24 95 "R"
8 -12 10 24 96 "R"
8 -6 10 24 97 "R"
8 1 50 24 98 "A"
8 3 50 24 99 "A"
8 -6 50 24 100 "A"
8 4 10 24 101 "R"
8 2 10 24 102 "R"
8 2 10 24 103 "R"
8 2 10 24 104 "R"
8 5 10 24 105 "R"
8 -6 10 24 106 "R"
8 4 10 24 107 "R"
8 -6 10 24 108 "R"
8 3 50 24 109 "A"
8 -6 50 24 110 "A"
8 -3 20 24 111 "V"
8 -6 10 24 112 "R"
8 12 50 24 113 "A"
8 1 50 24 114 "A"
8 -15 50 24 115 "A"
8 1 50 24 116 "A"
8 3 50 24 117 "A"
8 -6 50 24 118 "A"
8 4 10 24 119 "R"
8 -6 10 24 120 "R"
8 1 50 24 121 "A"
8 1 50 24 122 "A"
8 -6 10 24 123 "R"
8 -6 50 24 124 "A"
8 -12 10 24 125 "R"
8 -6 10 24 126 "R"
8 -15 10 24 127 "R"
8 -6 10 24 128 "R"
8 -6 50 24 129 "A"
8 -6 10 24 130 "R"
8 -12 50 24 131 "A"
8 -6 10 24 132 "R"
8 1 50 25 1 "A"
8 -6 50 25 2 "A"
8 -12 10 25 3 "R"
8 4 10 25 4 "R"
8 -6 50 25 5 "A"
8 1 50 25 6 "A"
8 -12 50 25 7 "A"
8 1 50 25 8 "A"
8 -12 50 25 9 "A"
8 2 10 25 10 "R"
8 -15 10 25 11 "R"
8 -6 10 25 12 "R"
8 -12 50 25 13 "A"
8 3 50 25 14 "A"
8 -6 50 25 15 "A"
8 1 50 25 16 "A"
8 3 50 25 17 "A"
8 2 10 25 18 "R"
8 4 10 25 19 "R"
8 -12 50 25 20 "A"
8 -12 10 25 21 "R"
8 2 10 25 22 "R"
8 -12 10 25 23 "R"
8 -12 10 25 24 "R"
8 4 10 25 25 "R"
8 2 10 25 26 "R"
8 -6 10 25 27 "R"
8 -6 50 25 28 "A"
8 -12 50 25 29 "A"
8 -6 10 25 30 "R"
8 -6 50 25 31 "A"
8 -6 10 25 32 "R"
8 -6 50 25 33 "A"
8 4 10 25 34 "R"
8 -6 10 25 35 "R"
8 -6 50 25 36 "A"
8 -12 10 25 37 "R"
8 4 10 25 38 "R"
8 5 10 25 39 "R"
8 -6 10 25 40 "R"
8 -6 50 25 41 "A"
8 2 10 25 42 "R"
8 -12 10 25 43 "R"
8 -6 10 25 44 "R"
8 4 40 25 45 "F"
8 -6 50 25 46 "A"
8 2 10 25 47 "R"
8 -6 10 25 48 "R"
8 -12 50 25 49 "A"
8 1 50 25 50 "A"
8 -12 50 25 51 "A"
8 -3 40 25 52 "F"
8 1 50 25 53 "A"
8 -6 50 25 54 "A"
8 4 10 25 55 "R"
8 2 10 25 56 "R"
8 4 10 25 57 "R"
8 2 10 25 58 "R"
8 4 10 25 59 "R"
8 -6 10 25 60 "R"
8 -15 50 25 61 "A"
8 1 50 25 62 "A"
8 -6 50 25 63 "A"
8 2 10 25 64 "R"
8 -12 10 25 65 "R"
8 -6 10 25 66 "R"
8 -15 50 25 67 "A"
8 -6 50 25 68 "A"
8 2 10 25 69 "R"
8 -6 10 25 70 "R"
8 3 50 25 71 "A"
8 3 50 25 72 "A"
8 -15 50 25 73 "A"
8 -6 50 25 74 "A"
8 2 10 25 75 "R"
8 -12 10 25 76 "R"
8 -6 10 25 77 "R"
8 -6 50 25 78 "A"
8 -6 10 25 79 "R"
8 1 50 25 80 "A"
8 3 50 25 81 "A"
8 -6 50 25 82 "A"
8 4 10 25 83 "R"
8 -6 10 25 84 "R"
8 -15 50 25 85 "A"
8 -3 20 25 86 "V"
8 -6 10 25 87 "R"
8 -6 50 25 88 "A"
8 -12 10 25 89 "R"
8 1 50 25 90 "A"
8 12 50 25 91 "A"
8 2 10 25 92 "R"
8 -12 10 25 93 "R"
8 -9 20 25 94 "V"
8 2 10 25 95 "R"
8 -12 10 25 96 "R"
8 3 50 25 97 "A"
8 1 50 25 98 "A"
8 -15 10 25 99 "R"
8 -6 50 25 100 "A"
8 2 10 25 101 "R"
8 -6 10 25 102 "R"
8 -15 10 25 103 "R"
8 2 40 25 104 "F"
8 -12 50 25 105 "A"
8 1 20 25 106 "V"
8 4 10 25 107 "R"
8 -6 10 25 108 "R"
8 -6 50 25 109 "A"
8 -6 10 25 110 "R"
8 1 50 25 111 "A"
8 -6 50 25 112 "A"
8 -15 10 25 113 "R"
8 1 50 25 114 "A"
8 -12 50 25 115 "A"
8 -12 10 25 116 "R"
8 -36 40 25 117 "F"
8 -12 10 25 118 "R"
8 -12 10 25 119 "R"
8 1 50 25 120 "A"
8 -12 10 25 121 "R"
8 -6 50 25 122 "A"
8 -12 10 25 123 "R"
8 -6 50 25 124 "A"
8 -12 10 25 125 "R"
8 2 10 25 126 "R"
8 2 10 25 127 "R"
8 2 10 25 128 "R"
8 -12 10 25 129 "R"
8 1 50 25 130 "A"
8 3 50 25 131 "A"
8 1 50 26 1 "A"
8 1 20 26 2 "V"
8 4 40 26 3 "F"
8 -6 50 26 4 "A"
8 -12 10 26 5 "R"
8 1 50 26 6 "A"
8 1 50 26 7 "A"
8 -6 50 26 8 "A"
8 -12 50 26 9 "A"
8 80 50 26 10 "A"
8 2 40 26 11 "F"
8 1 50 26 12 "A"
8 1 50 26 13 "A"
8 -6 50 26 14 "A"
8 -6 10 26 15 "R"
8 -6 10 26 16 "R"
8 -12 50 26 17 "A"
8 -6 10 26 18 "R"
8 -12 50 26 19 "A"
8 1 50 26 20 "A"
8 3 50 26 21 "A"
8 -12 50 26 22 "A"
8 -12 50 26 23 "A"
8 2 10 26 24 "R"
8 2 10 26 25 "R"
8 -12 10 26 26 "R"
8 1 50 26 27 "A"
8 -6 50 26 28 "A"
8 -15 50 26 29 "A"
8 4 10 26 30 "R"
8 -6 10 26 31 "R"
8 1 50 26 32 "A"
8 12 50 26 33 "A"
8 -12 50 26 34 "A"
8 -15 10 26 35 "R"
8 -6 10 26 36 "R"
8 3 50 26 37 "A"
8 1 50 26 38 "A"
8 -12 50 26 39 "A"
8 1 50 26 40 "A"
8 12 50 26 41 "A"
8 3 50 26 42 "A"
8 -12 50 26 43 "A"
8 2 10 26 44 "R"
8 -12 10 26 45 "R"
8 1 50 26 46 "A"
8 -15 50 26 47 "A"
8 1 50 26 48 "A"
8 4 10 26 49 "R"
8 2 10 26 50 "R"
8 -6 10 26 51 "R"
8 1 50 26 52 "A"
8 3 50 26 53 "A"
8 -6 50 26 54 "A"
8 5 10 26 55 "R"
8 -6 10 26 56 "R"
8 -12 50 26 57 "A"
8 2 10 26 58 "R"
8 4 10 26 59 "R"
8 -12 10 26 60 "R"
8 -6 10 26 61 "R"
8 -6 50 26 62 "A"
8 12 50 26 63 "A"
8 1 50 26 64 "A"
8 3 50 26 65 "A"
8 -6 50 26 66 "A"
8 2 10 26 67 "R"
8 2 10 26 68 "R"
8 -6 10 26 69 "R"
8 -6 50 26 70 "A"
8 2 10 26 71 "R"
8 -6 10 26 72 "R"
8 -12 50 26 73 "A"
8 3 50 26 74 "A"
8 12 50 26 75 "A"
8 1 50 26 76 "A"
8 -12 50 26 77 "A"
8 -6 10 26 78 "R"
8 3 50 26 79 "A"
8 -12 50 26 80 "A"
8 3 50 26 81 "A"
8 1 50 26 82 "A"
8 -6 50 26 83 "A"
8 -6 50 26 84 "A"
8 4 10 26 85 "R"
8 -6 10 26 86 "R"
8 3 50 26 87 "A"
8 -6 50 26 88 "A"
8 4 10 26 89 "R"
8 2 10 26 90 "R"
8 -12 10 26 91 "R"
8 -6 50 26 92 "A"
8 5 10 26 93 "R"
8 -6 10 26 94 "R"
8 -12 50 26 95 "A"
8 3 50 26 96 "A"
8 3 50 26 97 "A"
8 3 50 26 98 "A"
8 1 50 26 99 "A"
8 1 50 26 100 "A"
8 1 50 26 101 "A"
8 3 50 26 102 "A"
8 12 50 26 103 "A"
8 -12 50 26 104 "A"
8 5 10 26 105 "R"
8 -6 10 26 106 "R"
8 -6 50 26 107 "A"
8 -6 50 26 108 "A"
8 4 10 26 109 "R"
8 -6 10 26 110 "R"
8 -6 50 27 1 "A"
8 1 50 27 2 "A"
8 12 50 27 3 "A"
8 -3 40 27 4 "F"
8 -12 10 27 5 "R"
8 -6 50 27 6 "A"
8 -12 10 27 7 "R"
8 -6 50 27 8 "A"
8 5 10 27 9 "R"
8 1 50 27 10 "A"
8 3 50 27 11 "A"
8 1 50 27 12 "A"
8 3 50 27 13 "A"
8 -6 50 27 14 "A"
8 -12 10 27 15 "R"
8 2 10 27 16 "R"
8 -15 10 27 17 "R"
8 2 10 27 18 "R"
8 4 10 27 19 "R"
8 -6 10 27 20 "R"
8 -15 50 27 21 "A"
8 -12 10 27 22 "R"
8 3 50 27 23 "A"
8 -6 50 27 24 "A"
8 12 50 27 25 "A"
8 -12 50 27 26 "A"
8 4 10 27 27 "R"
8 -6 10 27 28 "R"
8 3 50 27 29 "A"
8 1 50 27 30 "A"
8 -12 50 27 31 "A"
8 -6 10 27 32 "R"
8 -12 50 27 33 "A"
8 1 50 27 34 "A"
8 12 50 27 35 "A"
8 3 50 27 36 "A"
8 3 50 27 37 "A"
8 -6 50 27 38 "A"
8 4 10 27 39 "R"
8 2 10 27 40 "R"
8 5 10 27 41 "R"
8 2 10 27 42 "R"
8 2 10 27 43 "R"
8 2 10 27 44 "R"
8 -6 10 27 45 "R"
8 -6 50 27 46 "A"
8 -6 10 27 47 "R"
8 1 50 27 48 "A"
8 -15 50 27 49 "A"
8 1 50 27 50 "A"
8 1 50 27 51 "A"
8 1 50 27 52 "A"
8 3 50 27 53 "A"
8 1 50 27 54 "A"
8 1 50 27 55 "A"
8 -12 50 27 56 "A"
8 2 10 27 57 "R"
8 4 10 27 58 "R"
8 -6 10 27 59 "R"
8 -6 50 27 60 "A"
8 -12 10 27 61 "R"
8 -3 40 27 62 "F"
8 1 50 27 63 "A"
8 -6 50 27 64 "A"
8 4 10 27 65 "R"
8 2 10 27 66 "R"
8 -12 10 27 67 "R"
8 1 50 27 68 "A"
8 -12 50 27 69 "A"
8 2 10 27 70 "R"
8 -6 10 27 71 "R"
8 1 50 27 72 "A"
8 4 10 27 73 "R"
8 -12 10 27 74 "R"
8 -9 40 27 75 "F"
8 -6 10 27 76 "R"
8 -12 50 27 77 "A"
8 -6 50 27 78 "A"
8 -12 10 27 79 "R"
8 -6 50 27 80 "A"
8 -12 10 27 81 "R"
8 -6 50 27 82 "A"
8 4 10 27 83 "R"
8 -6 10 27 84 "R"
8 -6 50 27 85 "A"
8 -12 10 27 86 "R"
8 -6 10 27 87 "R"
8 -6 50 27 88 "A"
8 -15 50 27 89 "A"
8 1 50 27 90 "A"
8 -15 50 27 91 "A"
8 2 10 27 92 "R"
8 -6 10 27 93 "R"
8 3 50 27 94 "A"
8 -12 50 27 95 "A"
8 1 50 27 96 "A"
8 3 50 27 97 "A"
8 -6 50 27 98 "A"
8 -6 10 27 99 "R"
8 -6 50 27 100 "A"
8 2 10 27 101 "R"
8 2 10 27 102 "R"
8 -12 10 27 103 "R"
8 3 50 27 104 "A"
8 12 50 27 105 "A"
8 1 50 27 106 "A"
8 -15 50 27 107 "A"
8 2 10 27 108 "R"
8 3 50 27 109 "A"
8 1 50 27 110 "A"
8 -6 50 27 111 "A"
8 1 50 27 112 "A"
8 3 50 27 113 "A"
8 -12 50 27 114 "A"
8 -6 50 27 115 "A"
8 -6 50 27 116 "A"
8 -12 10 27 117 "R"
8 1 50 27 118 "A"
8 1 50 27 119 "A"
8 -6 50 27 120 "A"
8 -6 50 27 121 "A"
8 2 10 27 122 "R"
8 -15 10 27 123 "R"
8 2 10 27 124 "R"
8 -15 10 27 125 "R"
8 3 20 27 126 "V"
8 -15 50 27 127 "A"
8 1 50 27 128 "A"
8 -6 10 27 129 "R"
8 2 40 27 130 "F"
8 -12 50 27 131 "A"
8 1 50 27 132 "A"
8 -12 50 27 133 "A"
8 2 40 27 134 "F"
8 3 50 27 135 "A"
8 -6 50 27 136 "A"
8 5 10 27 137 "R"
8 -6 50 28 1 "A"
8 1 50 28 2 "A"
8 12 50 28 3 "A"
8 -3 40 28 4 "F"
8 -12 50 28 5 "A"
8 -6 10 28 6 "R"
8 -9 40 28 7 "F"
8 -6 10 28 8 "R"
8 5 40 28 9 "F"
8 1 50 28 10 "A"
8 3 50 28 11 "A"
8 1 50 28 12 "A"
8 3 50 28 13 "A"
8 -6 50 28 14 "A"
8 -12 10 28 15 "R"
8 1 50 28 16 "A"
8 -15 50 28 17 "A"
8 1 50 28 18 "A"
8 3 50 28 19 "A"
8 -6 50 28 20 "A"
8 -15 50 28 21 "A"
8 -12 10 28 22 "R"
8 3 50 28 23 "A"
8 -6 50 28 24 "A"
8 5 10 28 25 "R"
8 -12 10 28 26 "R"
8 3 50 28 27 "A"
8 -6 50 28 28 "A"
8 3 50 28 29 "A"
8 1 50 28 30 "A"
8 -12 50 28 31 "A"
8 -6 10 28 32 "R"
8 -12 10 28 33 "R"
8 2 10 28 34 "R"
8 5 10 28 35 "R"
8 4 10 28 36 "R"
8 4 10 28 37 "R"
8 -6 10 28 38 "R"
8 3 50 28 39 "A"
8 1 50 28 40 "A"
8 12 50 28 41 "A"
8 1 50 28 42 "A"
8 1 50 28 43 "A"
8 1 50 28 44 "A"
8 -6 50 28 45 "A"
8 -6 50 28 46 "A"
8 -6 10 28 47 "R"
8 1 50 28 48 "A"
8 -15 50 28 49 "A"
8 2 40 28 50 "F"
8 1 50 28 51 "A"
8 1 50 28 52 "A"
8 3 50 28 53 "A"
8 1 50 28 54 "A"
8 1 50 28 55 "A"
8 -12 10 28 56 "R"
8 2 10 28 57 "R"
8 4 10 28 58 "R"
8 -6 10 28 59 "R"
8 -6 50 28 60 "A"
8 -12 10 28 61 "R"
8 -6 10 28 62 "R"
8 1 50 28 63 "A"
8 -6 50 28 64 "A"
8 4 10 28 65 "R"
8 2 10 28 66 "R"
8 -12 10 28 67 "R"
8 2 10 28 68 "R"
8 -12 10 28 69 "R"
8 2 10 28 70 "R"
8 -6 10 28 71 "R"
8 1 50 28 72 "A"
8 3 50 28 73 "A"
8 -12 50 28 74 "A"
8 -12 50 28 75 "A"
8 -3 20 28 76 "V"
8 -12 50 28 77 "A"
8 -6 10 28 78 "R"
8 -12 10 28 79 "R"
8 -6 50 28 80 "A"
8 -12 10 28 81 "R"
8 -6 10 28 82 "R"
8 3 50 28 83 "A"
8 -6 50 28 84 "A"
8 -6 10 28 85 "R"
8 -12 10 28 86 "R"
8 -6 50 28 87 "A"
8 -6 10 28 88 "R"
8 -15 50 28 89 "A"
8 2 10 28 90 "R"
8 -15 10 28 91 "R"
8 2 10 28 92 "R"
8 -6 10 28 93 "R"
8 3 50 28 94 "A"
8 -12 50 28 95 "A"
8 1 50 28 96 "A"
8 3 50 28 97 "A"
8 -6 50 28 98 "A"
8 -6 10 28 99 "R"
8 -6 50 28 100 "A"
8 2 10 28 101 "R"
8 2 10 28 102 "R"
8 -12 10 28 103 "R"
8 3 50 28 104 "A"
8 12 50 28 105 "A"
8 1 50 28 106 "A"
8 -15 50 28 107 "A"
8 2 10 28 108 "R"
8 4 10 28 109 "R"
8 2 10 28 110 "R"
8 -6 10 28 111 "R"
8 1 20 28 112 "V"
8 3 50 28 113 "A"
8 -12 50 28 114 "A"
8 -3 20 28 115 "V"
8 -6 50 28 116 "A"
8 -12 10 28 117 "R"
8 2 10 28 118 "R"
8 2 10 28 119 "R"
8 -6 10 28 120 "R"
8 -3 20 28 121 "V"
8 1 50 28 122 "A"
8 -15 50 28 123 "A"
8 2 10 28 124 "R"
8 -15 10 28 125 "R"
8 4 10 28 126 "R"
8 -15 10 28 127 "R"
8 2 10 28 128 "R"
8 -6 10 28 129 "R"
8 1 50 28 130 "A"
8 -12 50 28 131 "A"
8 1 50 28 132 "A"
8 -12 50 28 133 "A"
8 -6 50 29 1 "A"
8 2 10 29 2 "R"
8 5 10 29 3 "R"
8 -6 10 29 4 "R"
8 -12 50 29 5 "A"
8 -6 50 29 6 "A"
8 -12 10 29 7 "R"
8 -6 50 29 8 "A"
8 5 10 29 9 "R"
8 1 50 29 10 "A"
8 3 50 29 11 "A"
8 1 50 29 12 "A"
8 3 50 29 13 "A"
8 -6 50 29 14 "A"
8 -12 10 29 15 "R"
8 2 40 29 16 "F"
8 -15 50 29 17 "A"
8 2 10 29 18 "R"
8 4 10 29 19 "R"
8 -6 10 29 20 "R"
8 -15 50 29 21 "A"
8 -9 20 29 22 "V"
8 3 50 29 23 "A"
8 -6 50 29 24 "A"
8 5 10 29 25 "R"
8 -12 10 29 26 "R"
8 3 50 29 27 "A"
8 -6 50 29 28 "A"
8 4 10 29 29 "R"
8 2 10 29 30 "R"
8 -12 10 29 31 "R"
8 -6 50 29 32 "A"
8 -12 50 29 33 "A"
8 2 10 29 34 "R"
8 5 10 29 35 "R"
8 4 10 29 36 "R"
8 4 10 29 37 "R"
8 -6 10 29 38 "R"
8 3 50 29 39 "A"
8 1 50 29 40 "A"
8 12 50 29 41 "A"
8 1 50 29 42 "A"
8 1 50 29 43 "A"
8 1 50 29 44 "A"
8 -6 50 29 45 "A"
8 -6 10 29 46 "R"
8 -6 50 29 47 "A"
8 2 10 29 48 "R"
8 -15 10 29 49 "R"
8 2 10 29 50 "R"
8 2 10 29 51 "R"
8 2 10 29 52 "R"
8 4 10 29 53 "R"
8 1 50 29 54 "A"
8 2 10 29 55 "R"
8 -12 10 29 56 "R"
8 2 10 29 57 "R"
8 4 10 29 58 "R"
8 -6 10 29 59 "R"
8 -3 40 29 60 "F"
8 -12 50 29 61 "A"
8 -6 10 29 62 "R"
8 2 40 29 63 "F"
8 -6 50 29 64 "A"
8 4 10 29 65 "R"
8 2 10 29 66 "R"
8 -12 10 29 67 "R"
8 2 10 29 68 "R"
8 -12 10 29 69 "R"
8 2 10 29 70 "R"
8 -6 10 29 71 "R"
8 2 40 29 72 "F"
8 3 50 29 73 "A"
8 -12 50 29 74 "A"
8 -12 50 29 75 "A"
8 -6 50 29 76 "A"
8 -12 10 29 77 "R"
8 -3 20 29 78 "V"
8 -12 50 29 79 "A"
8 -6 50 29 80 "A"
8 -12 10 29 81 "R"
8 -6 10 29 82 "R"
8 3 50 29 83 "A"
8 -6 50 29 84 "A"
8 -6 10 29 85 "R"
8 -12 50 29 86 "A"
8 -6 10 29 87 "R"
8 -6 50 29 88 "A"
8 -15 10 29 89 "R"
8 2 10 29 90 "R"
8 -15 50 29 91 "A"
8 2 10 29 92 "R"
8 -6 10 29 93 "R"
8 3 50 29 94 "A"
8 -12 50 29 95 "A"
8 1 20 29 96 "V"
8 4 10 29 97 "R"
8 -6 10 29 98 "R"
8 -6 50 29 99 "A"
8 -6 50 29 100 "A"
8 1 50 29 101 "A"
8 1 50 29 102 "A"
8 -12 50 29 103 "A"
8 3 20 29 104 "V"
8 5 10 29 105 "R"
8 2 10 29 106 "R"
8 -15 10 29 107 "R"
8 1 50 29 108 "A"
8 3 50 29 109 "A"
8 1 50 29 110 "A"
8 -6 50 29 111 "A"
8 1 50 29 112 "A"
8 4 10 29 113 "R"
8 -12 10 29 114 "R"
8 -3 40 29 115 "F"
8 -6 10 29 116 "R"
8 -12 50 29 117 "A"
8 2 10 29 118 "R"
8 2 10 29 119 "R"
8 -6 10 29 120 "R"
8 -6 50 29 121 "A"
8 1 50 29 122 "A"
8 -15 10 29 123 "R"
8 1 20 29 124 "V"
8 -15 10 29 125 "R"
8 4 10 29 126 "R"
8 -15 10 29 127 "R"
8 2 10 29 128 "R"
8 -6 10 29 129 "R"
8 1 50 29 130 "A"
8 -12 50 29 131 "A"
8 2 10 29 132 "R"
8 -12 10 29 133 "R"
8 2 10 29 134 "R"
8 4 10 29 135 "R"
8 -12 50 30 1 "A"
8 2 10 30 2 "R"
8 -12 10 30 3 "R"
8 -6 50 30 4 "A"
8 -12 10 30 5 "R"
8 -6 50 30 6 "A"
8 -12 10 30 7 "R"
8 -6 10 30 8 "R"
8 -15 50 30 9 "A"
8 -6 50 30 10 "A"
8 1 50 30 11 "A"
8 1 50 30 12 "A"
8 3 50 30 13 "A"
8 -6 50 30 14 "A"
8 4 10 30 15 "R"
8 1 50 30 16 "A"
8 3 50 30 17 "A"
8 1 50 30 18 "A"
8 -15 50 30 19 "A"
8 -6 10 30 20 "R"
8 -12 50 30 21 "A"
8 -6 50 30 22 "A"
8 2 10 30 23 "R"
8 2 10 30 24 "R"
8 4 10 30 25 "R"
8 -12 10 30 26 "R"
8 -12 10 30 27 "R"
8 -6 10 30 28 "R"
8 4 10 30 29 "R"
8 -6 10 30 30 "R"
8 -12 50 30 31 "A"
8 -15 50 30 32 "A"
8 5 10 30 33 "R"
8 -6 50 30 34 "A"
8 2 10 30 35 "R"
8 -6 10 30 36 "R"
8 1 50 30 37 "A"
8 3 50 30 38 "A"
8 1 50 30 39 "A"
8 1 50 30 40 "A"
8 -6 50 30 41 "A"
8 -6 10 30 42 "R"
8 -6 50 30 43 "A"
8 2 10 30 44 "R"
8 -6 10 30 45 "R"
8 -6 50 30 46 "A"
8 -12 10 30 47 "R"
8 -12 10 30 48 "R"
8 -3 40 30 49 "F"
8 -6 50 30 50 "A"
8 4 10 30 51 "R"
8 2 10 30 52 "R"
8 5 10 30 53 "R"
8 -6 50 30 54 "A"
8 -12 50 30 55 "A"
8 2 40 30 56 "F"
8 -12 50 30 57 "A"
8 1 50 30 58 "A"
8 -6 50 30 59 "A"
8 2 10 30 60 "R"
8 -12 10 30 61 "R"
8 2 10 30 62 "R"
8 4 10 30 63 "R"
8 -6 10 30 64 "R"
8 3 50 30 65 "A"
8 1 50 30 66 "A"
8 -12 50 30 67 "A"
8 1 20 30 68 "V"
8 4 10 30 69 "R"
8 -6 10 30 70 "R"
8 1 50 30 71 "A"
8 -6 50 30 72 "A"
8 -12 50 30 73 "A"
8 -6 10 30 74 "R"
8 -15 50 30 75 "A"
8 1 20 30 76 "V"
8 -12 50 30 77 "A"
8 2 10 30 78 "R"
8 -12 10 30 79 "R"
8 2 10 30 80 "R"
8 -12 10 30 81 "R"
8 -6 50 30 82 "A"
8 3 50 30 83 "A"
8 1 50 30 84 "A"
8 3 50 30 85 "A"
8 -6 50 30 86 "A"
8 -12 10 30 87 "R"
8 2 40 30 88 "F"
8 -6 50 30 89 "A"
8 -6 10 30 90 "R"
8 -12 50 30 91 "A"
8 -6 10 30 92 "R"
8 5 10 30 93 "R"
8 2 10 30 94 "R"
8 -12 10 30 95 "R"
8 -6 50 30 96 "A"
8 5 10 30 97 "R"
8 -6 50 30 98 "A"
8 -6 10 30 99 "R"
8 -3 20 30 100 "V"
8 -15 50 30 101 "A"
8 -6 50 30 102 "A"
8 -12 10 30 103 "R"
8 4 10 30 104 "R"
8 2 10 30 105 "R"
8 4 10 30 106 "R"
8 2 10 30 107 "R"
8 -6 10 30 108 "R"
8 1 50 30 109 "A"
8 -6 50 30 110 "A"
8 -12 10 30 111 "R"
8 -6 10 30 112 "R"
8 3 50 30 113 "A"
8 -12 50 30 114 "A"
8 -3 20 30 115 "V"
8 1 50 30 116 "A"
8 1 50 30 117 "A"
8 1 50 30 118 "A"
8 -6 50 30 119 "A"
8 -6 10 30 120 "R"
8 -12 50 30 121 "A"
8 -9 40 30 122 "F"
8 12 50 30 123 "A"
8 1 50 30 124 "A"
8 -15 10 30 125 "R"
8 4 10 30 126 "R"
8 4 10 30 127 "R"
8 4 10 30 128 "R"
8 -6 10 30 129 "R"
8 -6 50 30 130 "A"
8 -12 10 30 131 "R"
8 -6 10 30 132 "R"
8 -12 10 30 133 "R"
8 1 50 30 134 "A"
8 -6 50 30 135 "A"
8 2 10 30 136 "R"
8 -6 50 31 1 "A"
8 2 10 31 2 "R"
8 -12 10 31 3 "R"
8 -6 50 31 4 "A"
8 -12 10 31 5 "R"
8 -6 50 31 6 "A"
8 -6 10 31 7 "R"
8 1 50 31 8 "A"
8 -12 50 31 9 "A"
8 -6 10 31 10 "R"
8 3 50 31 11 "A"
8 -6 50 31 12 "A"
8 12 50 31 13 "A"
8 1 50 31 14 "A"
8 -12 50 31 15 "A"
8 -6 50 31 16 "A"
8 -12 50 31 17 "A"
8 1 50 31 18 "A"
8 -15 50 31 19 "A"
8 -6 10 31 20 "R"
8 3 20 31 21 "V"
8 -6 50 31 22 "A"
8 5 10 31 23 "R"
8 1 50 31 24 "A"
8 -12 50 31 25 "A"
8 1 20 31 26 "V"
8 -6 50 31 27 "A"
8 1 50 31 28 "A"
8 -12 50 31 29 "A"
8 -3 20 31 30 "V"
8 3 50 31 31 "A"
8 3 50 31 32 "A"
8 -6 50 31 33 "A"
8 -6 10 31 34 "R"
8 -12 50 31 35 "A"
8 2 10 31 36 "R"
8 4 10 31 37 "R"
8 -6 10 31 38 "R"
8 -15 50 31 39 "A"
8 1 20 31 40 "V"
8 -12 10 31 41 "R"
8 2 10 31 42 "R"
8 2 10 31 43 "R"
8 -6 10 31 44 "R"
8 3 50 31 45 "A"
8 1 50 31 46 "A"
8 1 50 31 47 "A"
8 3 50 31 48 "A"
8 -15 50 31 49 "A"
8 -9 20 31 50 "V"
8 4 10 31 51 "R"
8 2 10 31 52 "R"
8 -15 10 31 53 "R"
8 -6 10 31 54 "R"
8 -6 50 31 55 "A"
8 2 10 31 56 "R"
8 2 10 31 57 "R"
8 2 10 31 58 "R"
8 4 10 31 59 "R"
8 1 50 31 60 "A"
8 -6 50 31 61 "A"
8 2 10 31 62 "R"
8 4 10 31 63 "R"
8 -6 50 31 64 "A"
8 -6 50 31 65 "A"
8 1 50 31 66 "A"
8 3 50 31 67 "A"
8 -6 50 31 68 "A"
8 5 10 31 69 "R"
8 4 10 31 70 "R"
8 -6 10 31 71 "R"
8 -6 50 31 72 "A"
8 -6 10 31 73 "R"
8 2 40 31 74 "F"
8 12 50 31 75 "A"
8 -6 50 31 76 "A"
8 -12 10 31 77 "R"
8 2 10 31 78 "R"
8 -12 10 31 79 "R"
8 -6 10 31 80 "R"
8 -3 40 31 81 "F"
8 -12 10 31 82 "R"
8 4 40 31 83 "F"
8 -6 50 31 84 "A"
8 1 50 31 85 "A"
8 -6 50 31 86 "A"
8 2 10 31 87 "R"
8 -15 10 31 88 "R"
8 -3 20 31 89 "V"
8 3 50 31 90 "A"
8 3 50 31 91 "A"
8 1 50 31 92 "A"
8 3 50 31 93 "A"
8 1 50 31 94 "A"
8 -12 50 31 95 "A"
8 2 10 31 96 "R"
8 -6 10 31 97 "R"
8 1 50 31 98 "A"
8 -6 50 31 99 "A"
8 1 50 31 100 "A"
8 3 50 31 101 "A"
8 1 50 31 102 "A"
8 12 50 31 103 "A"
8 1 50 31 104 "A"
8 12 50 31 105 "A"
8 -6 10 31 106 "R"
8 -6 50 31 107 "A"
8 -6 10 31 108 "R"
8 -15 50 31 109 "A"
8 2 10 31 110 "R"
8 -12 10 31 111 "R"
8 -6 10 31 112 "R"
8 -6 50 31 113 "A"
8 1 50 31 114 "A"
8 1 50 31 115 "A"
8 -6 50 31 116 "A"
8 4 10 31 117 "R"
8 2 10 31 118 "R"
8 -12 10 31 119 "R"
8 -6 50 31 120 "A"
8 -6 10 31 121 "R"
8 1 50 31 122 "A"
8 -12 50 31 123 "A"
8 1 50 31 124 "A"
8 -6 50 31 125 "A"
8 2 10 31 126 "R"
8 4 10 31 127 "R"
8 2 10 31 128 "R"
8 -12 10 31 129 "R"
8 -3 40 31 130 "F"
8 -12 10 31 131 "R"
8 1 50 31 132 "A"
8 -12 50 31 133 "A"
8 -6 50 31 134 "A"
8 -6 10 31 135 "R"
8 -6 50 31 136 "A"
8 3 50 31 137 "A"
8 2 10 31 138 "R"
8 -6 10 31 139 "R"
8 -6 50 31 140 "A"
8 4 10 31 141 "R"
8 4 10 31 142 "R"
8 4 10 31 143 "R"
8 2 10 31 144 "R"
8 -12 10 31 145 "R"
8 3 50 31 146 "A"
8 1 50 31 147 "A"
8 1 50 31 148 "A"
8 -15 50 31 149 "A"
8 -6 50 31 150 "A"
8 2 10 31 151 "R"
8 -12 10 32 1 "R"
8 1 50 32 2 "A"
8 -12 50 32 3 "A"
8 -6 10 32 4 "R"
8 -12 50 32 5 "A"
8 -6 10 32 6 "R"
8 -12 10 32 7 "R"
8 -6 10 32 8 "R"
8 -15 50 32 9 "A"
8 -240 20 32 10 "V"
8 1 50 32 11 "A"
8 1 50 32 12 "A"
8 3 50 32 13 "A"
8 -6 50 32 14 "A"
8 4 10 32 15 "R"
8 2 10 32 16 "R"
8 3 50 32 17 "A"
8 1 50 32 18 "A"
8 -15 50 32 19 "A"
8 -6 50 32 20 "A"
8 -12 10 32 21 "R"
8 -6 10 32 22 "R"
8 1 50 32 23 "A"
8 1 50 32 24 "A"
8 3 50 32 25 "A"
8 -12 50 32 26 "A"
8 -12 50 32 27 "A"
8 -6 50 32 28 "A"
8 3 50 32 29 "A"
8 -6 50 32 30 "A"
8 -12 50 32 31 "A"
8 -36 20 32 32 "V"
8 5 10 32 33 "R"
8 -6 10 32 34 "R"
8 1 50 32 35 "A"
8 -6 50 32 36 "A"
8 1 50 32 37 "A"
8 3 50 32 38 "A"
8 1 50 32 39 "A"
8 1 50 32 40 "A"
8 -6 50 32 41 "A"
8 -6 50 32 42 "A"
8 -6 50 32 43 "A"
8 1 50 32 44 "A"
8 -6 50 32 45 "A"
8 -6 10 32 46 "R"
8 -12 10 32 47 "R"
8 -12 50 32 48 "A"
8 -6 10 32 49 "R"
8 -6 50 32 50 "A"
8 3 50 32 51 "A"
8 1 50 32 52 "A"
8 12 50 32 53 "A"
8 -6 50 32 54 "A"
8 -12 10 32 55 "R"
8 1 50 32 56 "A"
8 -12 50 32 57 "A"
8 2 10 32 58 "R"
8 -6 10 32 59 "R"
8 80 50 32 60 "A"
8 -12 50 32 61 "A"
8 1 20 32 62 "V"
8 4 10 32 63 "R"
8 -6 10 32 64 "R"
8 3 50 32 65 "A"
8 1 50 32 66 "A"
8 -12 50 32 67 "A"
8 2 10 32 68 "R"
8 4 10 32 69 "R"
8 -6 10 32 70 "R"
8 1 50 32 71 "A"
8 -6 10 32 72 "R"
8 -12 50 32 73 "A"
8 -6 50 32 74 "A"
8 -15 50 32 75 "A"
8 1 20 32 76 "V"
8 -12 10 32 77 "R"
8 1 50 32 78 "A"
8 -12 50 32 79 "A"
8 1 50 32 80 "A"
8 -12 50 32 81 "A"
8 -6 50 32 82 "A"
8 4 10 32 83 "R"
8 1 50 32 84 "A"
8 3 50 32 85 "A"
8 -6 50 32 86 "A"
8 -12 50 32 87 "A"
8 2 10 32 88 "R"
8 -6 10 32 89 "R"
8 -6 50 32 90 "A"
8 -12 10 32 91 "R"
8 -6 50 32 92 "A"
8 5 10 32 93 "R"
8 2 10 32 94 "R"
8 -12 10 32 95 "R"
8 -3 20 33 1 "V"
8 2 10 33 2 "R"
8 2 10 33 3 "R"
8 -6 50 33 4 "A"
8 -12 10 33 5 "R"
8 2 40 33 6 "F"
8 -12 50 33 7 "A"
8 -6 10 33 8 "R"
8 -12 50 33 9 "A"
8 4 10 33 10 "R"
8 -6 10 33 11 "R"
8 2 10 33 12 "R"
8 -12 10 33 13 "R"
8 -3 40 33 14 "F"
8 4 10 33 15 "R"
8 2 10 33 16 "R"
8 2 10 33 17 "R"
8 2 10 33 18 "R"
8 -12 10 33 19 "R"
8 -3 40 33 20 "F"
8 1 50 33 21 "A"
8 1 50 33 22 "A"
8 3 50 33 23 "A"
8 -12 50 33 24 "A"
8 4 10 33 25 "R"
8 2 10 33 26 "R"
8 5 10 33 27 "R"
8 -6 50 33 28 "A"
8 4 10 33 29 "R"
8 -6 50 33 30 "A"
8 -15 10 33 31 "R"
8 -6 10 33 32 "R"
8 -12 50 33 33 "A"
8 2 10 33 34 "R"
8 -12 10 33 35 "R"
8 -6 50 33 36 "A"
8 -12 10 33 37 "R"
8 -6 10 33 38 "R"
8 -6 50 33 39 "A"
8 1 50 33 40 "A"
8 -6 50 33 41 "A"
8 2 10 33 42 "R"
8 -15 10 33 43 "R"
8 4 10 33 44 "R"
8 -6 10 33 45 "R"
8 -12 50 33 46 "A"
8 2 10 33 47 "R"
8 2 10 33 48 "R"
8 -6 10 33 49 "R"
8 1 50 33 50 "A"
8 -12 50 33 51 "A"
8 1 20 33 52 "V"
8 2 10 33 53 "R"
8 2 10 33 54 "R"
8 2 10 33 55 "R"
8 2 10 33 56 "R"
8 2 10 33 57 "R"
8 4 10 33 58 "R"
8 -12 10 33 59 "R"
8 2 10 33 60 "R"
8 -12 10 33 61 "R"
8 4 10 33 62 "R"
8 -12 10 33 63 "R"
8 -6 10 33 64 "R"
8 1 50 33 65 "A"
8 1 50 33 66 "A"
8 -6 50 33 67 "A"
8 -6 10 33 68 "R"
8 -6 50 33 69 "A"
8 2 10 33 70 "R"
8 5 10 33 71 "R"
8 4 10 33 72 "R"
8 -12 10 33 73 "R"
8 -6 10 33 74 "R"
8 5 40 33 75 "F"
8 -6 50 33 76 "A"
8 -6 50 33 77 "A"
8 -6 10 33 78 "R"
8 1 50 33 79 "A"
8 1 50 33 80 "A"
8 -6 50 33 81 "A"
8 -12 10 33 82 "R"
8 4 10 33 83 "R"
8 2 10 33 84 "R"
8 -6 10 33 85 "R"
8 -6 50 33 86 "A"
8 -15 10 33 87 "R"
8 -6 10 33 88 "R"
8 -12 50 33 89 "A"
8 -6 50 33 90 "A"
8 -12 10 33 91 "R"
8 1 50 33 92 "A"
8 1 50 33 93 "A"
8 -12 50 33 94 "A"
8 -12 50 33 95 "A"
8 1 20 33 96 "V"
8 -12 10 33 97 "R"
8 2 10 33 98 "R"
8 3 50 33 99 "A"
8 1 50 33 100 "A"
8 5 10 33 101 "R"
8 2 10 33 102 "R"
8 2 10 33 103 "R"
8 -6 10 33 104 "R"
8 1 50 33 105 "A"
8 -6 50 33 106 "A"
8 -6 10 33 107 "R"
8 -6 10 33 108 "R"
8 3 50 33 109 "A"
8 -12 50 33 110 "A"
8 12 20 33 111 "V"
8 -12 10 33 112 "R"
8 3 50 33 113 "A"
8 -15 50 33 114 "A"
8 4 40 33 115 "F"
8 2 10 33 116 "R"
8 -6 10 33 117 "R"
8 4 10 33 118 "R"
8 -15 10 33 119 "R"
8 2 10 33 120 "R"
8 5 10 33 121 "R"
8 1 50 33 122 "A"
8 -6 50 33 123 "A"
8 2 10 33 124 "R"
8 -12 10 33 125 "R"
8 -6 50 33 126 "A"
8 1 50 33 127 "A"
8 -6 50 33 128 "A"
8 -6 10 33 129 "R"
8 -6 10 33 130 "R"
8 3 50 33 131 "A"
8 3 50 33 132 "A"
8 -12 50 33 133 "A"
8 1 50 34 1 "A"
8 2 10 34 2 "R"
8 4 10 34 3 "R"
8 -6 10 34 4 "R"
8 -12 50 34 5 "A"
8 2 10 34 6 "R"
8 2 10 34 7 "R"
8 -6 50 34 8 "A"
8 -12 50 34 9 "A"
8 1 50 34 10 "A"
8 1 50 34 11 "A"
8 1 50 34 12 "A"
8 1 50 34 13 "A"
8 -6 50 34 14 "A"
8 -6 10 34 15 "R"
8 -6 50 34 16 "A"
8 -12 10 34 17 "R"
8 -3 20 34 18 "V"
8 -12 50 34 19 "A"
8 1 50 34 20 "A"
8 3 50 34 21 "A"
8 -12 50 34 22 "A"
8 -9 20 34 23 "V"
8 1 50 34 24 "A"
8 1 50 34 25 "A"
8 -12 50 34 26 "A"
8 1 50 34 27 "A"
8 -6 50 34 28 "A"
8 -15 50 34 29 "A"
8 3 20 34 30 "V"
8 -6 10 34 31 "R"
8 1 50 34 32 "A"
8 12 50 34 33 "A"
8 -12 50 34 34 "A"
8 -15 50 34 35 "A"
8 -3 40 34 36 "F"
8 4 10 34 37 "R"
8 2 10 34 38 "R"
8 -12 10 34 39 "R"
8 1 50 34 40 "A"
8 12 50 34 41 "A"
8 3 50 34 42 "A"
8 -12 50 34 43 "A"
8 2 10 34 44 "R"
8 -12 10 34 45 "R"
8 1 20 34 46 "V"
8 -15 10 34 47 "R"
8 2 10 34 48 "R"
8 4 10 34 49 "R"
8 2 10 34 50 "R"
8 -6 10 34 51 "R"
8 1 50 34 52 "A"
8 3 50 34 53 "A"
8 -6 50 34 54 "A"
8 12 50 34 55 "A"
8 -6 50 34 56 "A"
8 -12 10 34 57 "R"
8 2 10 34 58 "R"
8 4 10 34 59 "R"
8 -12 10 34 60 "R"
8 -6 50 34 61 "A"
8 -6 50 34 62 "A"
8 5 10 34 63 "R"
8 2 10 34 64 "R"
8 4 10 34 65 "R"
8 -6 10 34 66 "R"
8 1 50 34 67 "A"
8 1 50 34 68 "A"
8 -6 50 34 69 "A"
8 -6 10 34 70 "R"
8 1 50 34 71 "A"
8 -6 50 34 72 "A"
8 -12 10 34 73 "R"
8 4 10 34 74 "R"
8 5 10 34 75 "R"
8 2 10 34 76 "R"
8 -12 10 34 77 "R"
8 -6 50 34 78 "A"
8 4 10 34 79 "R"
8 -12 10 34 80 "R"
8 3 50 34 81 "A"
8 1 50 34 82 "A"
8 -6 50 34 83 "A"
8 -6 10 34 84 "R"
8 3 50 34 85 "A"
8 -6 50 34 86 "A"
8 4 10 34 87 "R"
8 -6 10 34 88 "R"
8 3 50 34 89 "A"
8 1 50 34 90 "A"
8 -12 50 34 91 "A"
8 -3 20 34 92 "V"
8 12 50 34 93 "A"
8 -6 10 34 94 "R"
8 -12 10 34 95 "R"
8 3 50 34 96 "A"
8 3 50 34 97 "A"
8 3 50 34 98 "A"
8 1 50 34 99 "A"
8 1 50 34 100 "A"
8 1 50 34 101 "A"
8 3 50 34 102 "A"
8 12 50 34 103 "A"
8 -12 50 34 104 "A"
8 12 50 34 105 "A"
8 -6 50 34 106 "A"
8 -6 10 34 107 "R"
8 -6 50 34 108 "A"
8 4 40 34 109 "F"
8 -6 50 34 110 "A"
8 1 50 34 111 "A"
8 -6 50 34 112 "A"
8 2 10 34 113 "R"
8 2 10 34 114 "R"
8 -6 10 34 115 "R"
8 -6 50 34 116 "A"
8 -15 10 34 117 "R"
8 2 10 34 118 "R"
8 -6 10 34 119 "R"
8 3 50 34 120 "A"
8 -6 50 34 121 "A"
8 -6 10 34 122 "R"
8 -36 40 34 123 "F"
8 1 50 34 124 "A"
8 -12 50 34 125 "A"
8 -6 50 34 126 "A"
8 -6 10 34 127 "R"
8 2 10 34 128 "R"
8 -12 10 34 129 "R"
8 -12 50 34 130 "A"
8 4 10 34 131 "R"
8 2 10 34 132 "R"
8 -12 10 34 133 "R"
8 2 10 35 1 "R"
8 2 10 35 2 "R"
8 4 10 35 3 "R"
8 -6 10 35 4 "R"
8 -9 40 35 5 "F"
8 2 40 35 6 "F"
8 1 50 35 7 "A"
8 -6 50 35 8 "A"
8 -12 10 35 9 "R"
8 2 10 35 10 "R"
8 2 10 35 11 "R"
8 1 50 35 12 "A"
8 1 50 35 13 "A"
8 -6 50 35 14 "A"
8 -6 10 35 15 "R"
8 -3 40 35 16 "F"
8 -12 50 35 17 "A"
8 -3 40 35 18 "F"
8 -12 10 35 19 "R"
8 1 20 35 20 "V"
8 4 10 35 21 "R"
8 -12 10 35 22 "R"
8 -9 40 35 23 "F"
8 2 40 35 24 "F"
8 1 50 35 25 "A"
8 -12 50 35 26 "A"
8 1 20 35 27 "V"
8 -6 10 35 28 "R"
8 -15 50 35 29 "A"
8 4 10 35 30 "R"
8 -6 10 35 31 "R"
8 2 40 35 32 "F"
8 12 50 35 33 "A"
8 -12 50 35 34 "A"
8 -15 50 35 35 "A"
8 -6 50 35 36 "A"
8 3 20 35 37 "V"
8 2 10 35 38 "R"
8 -12 10 35 39 "R"
8 2 10 35 40 "R"
8 5 10 35 41 "R"
8 4 10 35 42 "R"
8 -12 10 35 43 "R"
8 2 10 35 44 "R"
8 -12 10 35 45 "R"
8 1 50 35 46 "A"
8 -15 50 35 47 "A"
8 1 20 35 48 "V"
8 4 10 35 49 "R"
8 1 50 35 50 "A"
8 -6 50 35 51 "A"
8 2 10 35 52 "R"
8 4 10 35 53 "R"
8 -6 10 35 54 "R"
8 12 50 35 55 "A"
8 -6 50 35 56 "A"
8 -12 50 35 57 "A"
8 1 20 35 58 "V"
8 4 10 35 59 "R"
8 -12 10 35 60 "R"
8 -6 50 35 61 "A"
8 -3 20 35 62 "V"
8 5 40 35 63 "F"
8 1 50 35 64 "A"
8 3 50 35 65 "A"
8 -6 50 35 66 "A"
8 2 10 35 67 "R"
8 2 10 35 68 "R"
8 -6 10 35 69 "R"
8 -6 50 35 70 "A"
8 2 10 35 71 "R"
8 -6 10 35 72 "R"
8 -12 50 35 73 "A"
8 3 50 35 74 "A"
8 12 50 35 75 "A"
8 1 50 35 76 "A"
8 -12 50 35 77 "A"
8 -6 10 35 78 "R"
8 3 50 35 79 "A"
8 -12 50 35 80 "A"
8 3 50 35 81 "A"
8 1 50 35 82 "A"
8 -6 50 35 83 "A"
8 -6 50 35 84 "A"
8 4 10 35 85 "R"
8 -6 10 35 86 "R"
8 3 50 35 87 "A"
8 -6 50 35 88 "A"
8 3 50 35 89 "A"
8 1 50 35 90 "A"
8 -12 50 35 91 "A"
8 -6 50 35 92 "A"
8 12 50 35 93 "A"
8 -6 50 35 94 "A"
8 -12 50 35 95 "A"
8 3 20 35 96 "V"
8 4 10 35 97 "R"
8 3 50 35 98 "A"
8 1 50 35 99 "A"
8 1 50 35 100 "A"
8 1 50 35 101 "A"
8 3 50 35 102 "A"
8 12 50 35 103 "A"
8 -12 50 35 104 "A"
8 5 10 35 105 "R"
8 -6 10 35 106 "R"
8 -6 50 35 107 "A"
8 -6 50 35 108 "A"
8 4 10 35 109 "R"
8 -6 10 35 110 "R"
8 1 50 35 111 "A"
8 -6 50 35 112 "A"
8 1 50 35 113 "A"
8 1 50 35 114 "A"
8 -6 50 35 115 "A"
8 -6 10 35 116 "R"
8 -15 50 35 117 "A"
8 2 10 35 118 "R"
8 -6 10 35 119 "R"
8 3 50 35 120 "A"
8 -6 50 35 121 "A"
8 -6 50 35 122 "A"
8 -15 10 35 123 "R"
8 1 50 35 124 "A"
8 -12 50 35 125 "A"
8 -6 50 35 126 "A"
8 -6 10 35 127 "R"
8 2 10 35 128 "R"
8 -12 10 35 129 "R"
8 -12 50 35 130 "A"
8 4 10 35 131 "R"
8 2 10 35 132 "R"
8 -12 10 35 133 "R"
8 -3 20 35 134 "V"
8 -12 10 35 135 "R"
8 4 10 35 136 "R"
8 -12 50 35 137 "A"
8 2 10 35 138 "R"
8 4 10 35 139 "R"
8 -12 10 35 140 "R"
8 2 40 35 141 "F"
8 1 50 35 142 "A"
8 -6 10 36 1 "R"
8 1 50 36 2 "A"
8 1 50 36 3 "A"
8 -6 50 36 4 "A"
8 -12 10 36 5 "R"
8 2 10 36 6 "R"
8 -12 10 36 7 "R"
8 -6 10 36 8 "R"
8 -12 50 36 9 "A"
8 4 10 36 10 "R"
8 -6 10 36 11 "R"
8 2 10 36 12 "R"
8 -12 10 36 13 "R"
8 -6 50 36 14 "A"
8 3 50 36 15 "A"
8 1 50 36 16 "A"
8 1 50 36 17 "A"
8 1 50 36 18 "A"
8 -12 50 36 19 "A"
8 -3 20 36 20 "V"
8 1 50 36 21 "A"
8 1 50 36 22 "A"
8 3 50 36 23 "A"
8 -12 50 36 24 "A"
8 3 50 36 25 "A"
8 1 50 36 26 "A"
8 12 50 36 27 "A"
8 -6 50 36 28 "A"
8 4 10 36 29 "R"
8 -6 10 36 30 "R"
8 -36 40 36 31 "F"
8 -6 10 36 32 "R"
8 -12 50 36 33 "A"
8 2 10 36 34 "R"
8 -12 10 36 35 "R"
8 -6 50 36 36 "A"
8 -12 10 36 37 "R"
8 -6 50 36 38 "A"
8 -6 10 36 39 "R"
8 2 10 36 40 "R"
8 -6 10 36 41 "R"
8 1 50 36 42 "A"
8 -15 50 36 43 "A"
8 3 50 36 44 "A"
8 -6 50 36 45 "A"
8 -12 50 36 46 "A"
8 2 10 36 47 "R"
8 2 10 36 48 "R"
8 -6 10 36 49 "R"
8 1 50 36 50 "A"
8 -12 50 36 51 "A"
8 2 10 36 52 "R"
8 2 10 36 53 "R"
8 2 10 36 54 "R"
8 2 10 36 55 "R"
8 2 10 36 56 "R"
8 2 10 36 57 "R"
8 4 10 36 58 "R"
8 -12 50 36 59 "A"
8 1 50 36 60 "A"
8 -12 50 36 61 "A"
8 3 50 36 62 "A"
8 -12 50 36 63 "A"
8 -3 20 36 64 "V"
8 2 10 36 65 "R"
8 2 10 36 66 "R"
8 -6 10 36 67 "R"
8 -6 50 36 68 "A"
8 -6 10 36 69 "R"
8 2 10 36 70 "R"
8 5 10 36 71 "R"
8 3 50 36 72 "A"
8 -12 50 36 73 "A"
8 -6 10 36 74 "R"
8 12 50 36 75 "A"
8 -6 50 36 76 "A"
8 -6 10 36 77 "R"
8 -6 50 36 78 "A"
8 1 50 36 79 "A"
8 1 50 36 80 "A"
8 -6 50 36 81 "A"
8 -12 10 36 82 "R"
8 3 20 36 83 "V"
8 2 10 36 84 "R"
8 -6 10 36 85 "R"
8 -6 50 36 86 "A"
8 -15 10 36 87 "R"
8 -6 50 36 88 "A"
8 -12 10 36 89 "R"
8 -6 50 36 90 "A"
8 -12 50 36 91 "A"
8 1 50 36 92 "A"
8 1 50 36 93 "A"
8 -12 50 36 94 "A"
8 -12 10 36 95 "R"
8 2 10 36 96 "R"
8 -12 10 36 97 "R"
8 1 50 36 98 "A"
8 3 50 36 99 "A"
8 1 50 36 100 "A"
8 12 50 36 101 "A"
8 1 50 36 102 "A"
8 1 50 36 103 "A"
8 -6 50 36 104 "A"
8 1 50 36 105 "A"
8 -6 50 36 106 "A"
8 -6 50 36 107 "A"
8 -6 10 36 108 "R"
8 4 40 36 109 "F"
8 -12 50 36 110 "A"
8 12 50 36 111 "A"
8 -12 50 36 112 "A"
8 3 50 36 113 "A"
8 -15 50 36 114 "A"
8 4 10 36 115 "R"
8 2 10 36 116 "R"
8 -6 10 36 117 "R"
8 3 50 36 118 "A"
8 -15 50 36 119 "A"
8 1 50 36 120 "A"
8 12 50 36 121 "A"
8 1 50 36 122 "A"
8 -6 50 36 123 "A"
8 1 50 36 124 "A"
8 -12 50 36 125 "A"
8 -6 10 36 126 "R"
8 1 50 36 127 "A"
8 -6 50 36 128 "A"
8 -6 50 36 129 "A"
8 -6 10 36 130 "R"
8 3 50 36 131 "A"
8 3 50 36 132 "A"
8 -12 50 36 133 "A"
8 -9 20 36 134 "V"
8 2 10 36 135 "R"
8 -6 10 36 136 "R"
8 1 50 36 137 "A"
8 1 50 36 138 "A"
8 1 50 36 139 "A"
8 -6 50 36 140 "A"
8 4 10 36 141 "R"
8 4 10 36 142 "R"
8 2 10 36 143 "R"
8 -6 10 36 144 "R"
8 3 50 37 1 "A"
8 -6 50 37 2 "A"
8 -12 10 37 3 "R"
8 -9 20 37 4 "V"
8 3 50 37 5 "A"
8 1 50 37 6 "A"
8 3 50 37 7 "A"
8 -6 50 37 8 "A"
8 4 10 37 9 "R"
8 1 50 37 10 "A"
8 -12 50 37 11 "A"
8 2 10 37 12 "R"
8 4 10 37 13 "R"
8 -6 10 37 14 "R"
8 -15 50 37 15 "A"
8 2 10 37 16 "R"
8 -6 50 37 17 "A"
8 -12 10 37 18 "R"
8 -12 10 37 19 "R"
8 -6 50 37 20 "A"
8 2 40 37 21 "F"
8 1 50 37 22 "A"
8 12 50 37 23 "A"
8 1 50 37 24 "A"
8 1 50 37 25 "A"
8 1 50 37 26 "A"
8 1 50 37 27 "A"
8 -6 50 37 28 "A"
8 2 10 37 29 "R"
8 -12 10 37 30 "R"
8 3 50 37 31 "A"
8 -6 50 37 32 "A"
8 -12 10 37 33 "R"
8 1 50 37 34 "A"
8 -15 50 37 35 "A"
8 -6 10 37 36 "R"
8 3 50 37 37 "A"
8 -6 50 37 38 "A"
8 -12 10 37 39 "R"
8 -6 10 37 40 "R"
8 -6 50 37 41 "A"
8 1 50 37 42 "A"
8 3 50 37 43 "A"
8 -6 50 37 44 "A"
8 -15 50 37 45 "A"
8 2 10 37 46 "R"
8 -15 10 37 47 "R"
8 -6 10 37 48 "R"
8 -12 10 37 49 "R"
8 -6 50 37 50 "A"
8 -12 10 37 51 "R"
8 2 10 37 52 "R"
8 4 10 37 53 "R"
8 4 10 37 54 "R"
8 -6 10 37 55 "R"
8 -6 50 37 56 "A"
8 -12 50 37 57 "A"
8 2 10 37 58 "R"
8 4 10 37 59 "R"
8 1 50 37 60 "A"
8 -6 50 37 61 "A"
8 2 10 37 62 "R"
8 4 10 37 63 "R"
8 -15 50 37 64 "A"
8 -12 10 37 65 "R"
8 -6 10 37 66 "R"
8 -6 50 37 67 "A"
8 -6 10 37 68 "R"
8 -6 50 37 69 "A"
8 -6 50 37 70 "A"
8 -15 10 37 71 "R"
8 -6 10 37 72 "R"
8 -12 10 37 73 "R"
8 -6 50 37 74 "A"
8 -12 50 37 75 "A"
8 -6 10 37 76 "R"
8 -12 50 37 77 "A"
8 -6 50 37 78 "A"
8 5 40 37 79 "F"
8 -12 50 37 80 "A"
8 3 50 37 81 "A"
8 3 50 37 82 "A"
8 -6 50 37 83 "A"
8 2 10 37 84 "R"
8 -6 10 37 85 "R"
8 1 50 37 86 "A"
8 -12 50 37 87 "A"
8 2 10 37 88 "R"
8 -12 10 37 89 "R"
8 1 50 37 90 "A"
8 -12 50 37 91 "A"
8 2 10 37 92 "R"
8 4 10 37 93 "R"
8 2 10 37 94 "R"
8 -6 10 37 95 "R"
8 -12 50 37 96 "A"
8 1 20 37 97 "V"
8 2 10 37 98 "R"
8 2 10 37 99 "R"
8 -6 10 37 100 "R"
8 2 10 37 101 "R"
8 4 10 37 102 "R"
8 4 10 37 103 "R"
8 -6 10 37 104 "R"
8 1 50 37 105 "A"
8 -6 50 37 106 "A"
8 4 10 37 107 "R"
8 -6 10 37 108 "R"
8 1 50 37 109 "A"
8 -6 50 37 110 "A"
8 -12 50 37 111 "A"
8 4 10 37 112 "R"
8 4 10 37 113 "R"
8 2 10 37 114 "R"
8 2 10 37 115 "R"
8 -6 10 37 116 "R"
8 1 20 37 117 "V"
8 1 50 37 118 "A"
8 -12 50 37 119 "A"
8 1 50 37 120 "A"
8 12 50 37 121 "A"
8 2 10 37 122 "R"
8 -6 10 37 123 "R"
8 1 50 37 124 "A"
8 1 50 37 125 "A"
8 -6 50 38 1 "A"
8 2 10 38 2 "R"
8 -12 10 38 3 "R"
8 -6 50 38 4 "A"
8 -12 50 38 5 "A"
8 -3 20 38 6 "V"
8 -6 50 38 7 "A"
8 2 10 38 8 "R"
8 -12 10 38 9 "R"
8 -6 50 38 10 "A"
8 4 10 38 11 "R"
8 -6 10 38 12 "R"
8 12 50 38 13 "A"
8 1 50 38 14 "A"
8 -12 50 38 15 "A"
8 -6 10 38 16 "R"
8 -9 40 38 17 "F"
8 1 50 38 18 "A"
8 -15 50 38 19 "A"
8 -6 10 38 20 "R"
8 4 40 38 21 "F"
8 -6 50 38 22 "A"
8 12 50 38 23 "A"
8 1 50 38 24 "A"
8 -12 50 38 25 "A"
8 1 50 38 26 "A"
8 -6 50 38 27 "A"
8 2 10 38 28 "R"
8 -12 10 38 29 "R"
8 -6 50 38 30 "A"
8 3 50 38 31 "A"
8 3 50 38 32 "A"
8 -6 50 38 33 "A"
8 -6 50 38 34 "A"
8 -12 50 38 35 "A"
8 1 50 38 36 "A"
8 3 50 38 37 "A"
8 -6 50 38 38 "A"
8 -15 50 38 39 "A"
8 1 50 38 40 "A"
8 -12 50 38 41 "A"
8 1 50 38 42 "A"
8 1 50 38 43 "A"
8 -6 50 38 44 "A"
8 3 50 38 45 "A"
8 1 50 38 46 "A"
8 1 50 38 47 "A"
8 3 50 38 48 "A"
8 -15 50 38 49 "A"
8 -9 40 38 50 "F"
8 4 10 38 51 "R"
8 2 10 38 52 "R"
8 -15 10 38 53 "R"
8 -6 10 38 54 "R"
8 -6 10 38 55 "R"
8 2 10 38 56 "R"
8 2 10 38 57 "R"
8 2 10 38 58 "R"
8 4 10 38 59 "R"
8 1 50 38 60 "A"
8 -6 50 38 61 "A"
8 1 50 38 62 "A"
8 3 50 38 63 "A"
8 -6 50 38 64 "A"
8 -6 50 38 65 "A"
8 2 10 38 66 "R"
8 4 10 38 67 "R"
8 -6 10 38 68 "R"
8 12 50 38 69 "A"
8 3 50 38 70 "A"
8 -6 50 38 71 "A"
8 -6 50 38 72 "A"
8 -6 10 38 73 "R"
8 1 50 38 74 "A"
8 12 50 38 75 "A"
8 -6 50 38 76 "A"
8 -12 50 38 77 "A"
8 1 20 38 78 "V"
8 -12 10 38 79 "R"
8 -6 50 38 80 "A"
8 -6 10 38 81 "R"
8 -12 50 38 82 "A"
8 3 20 38 83 "V"
8 -6 10 38 84 "R"
8 1 50 38 85 "A"
8 -6 50 38 86 "A"
8 1 50 38 87 "A"
8 -15 50 38 88 "A"
8 -6 50 38 89 "A"
8 4 10 38 90 "R"
8 4 10 38 91 "R"
8 1 50 38 92 "A"
8 4 40 38 93 "F"
8 1 50 38 94 "A"
8 -12 50 38 95 "A"
8 1 50 38 96 "A"
8 -6 50 38 97 "A"
8 2 10 38 98 "R"
8 -6 10 38 99 "R"
8 1 50 38 100 "A"
8 3 50 38 101 "A"
8 1 50 38 102 "A"
8 12 50 38 103 "A"
8 1 50 38 104 "A"
8 12 50 38 105 "A"
8 -6 50 38 106 "A"
8 -6 50 38 107 "A"
8 -6 10 38 108 "R"
8 -15 50 38 109 "A"
8 1 50 38 110 "A"
8 -12 50 38 111 "A"
8 -6 10 38 112 "R"
8 -6 10 38 113 "R"
8 1 50 38 114 "A"
8 2 40 38 115 "F"
8 -6 10 38 116 "R"
8 3 50 38 117 "A"
8 1 50 38 118 "A"
8 -12 50 38 119 "A"
8 -6 50 38 120 "A"
8 -6 10 38 121 "R"
8 2 10 38 122 "R"
8 -12 10 38 123 "R"
8 1 50 38 124 "A"
8 -6 50 38 125 "A"
8 2 10 38 126 "R"
8 4 40 38 127 "F"
8 1 50 38 128 "A"
8 -12 50 38 129 "A"
8 -3 40 38 130 "F"
8 -12 50 38 131 "A"
8 2 40 38 132 "F"
8 -12 50 38 133 "A"
8 -6 10 38 134 "R"
8 -6 50 38 135 "A"
8 -6 50 38 136 "A"
8 2 40 39 1 "F"
8 -6 50 39 2 "A"
8 4 10 39 3 "R"
8 3 50 39 4 "A"
8 12 50 39 5 "A"
8 -6 50 39 6 "A"
8 4 10 39 7 "R"
8 -6 10 39 8 "R"
8 4 40 39 9 "F"
8 1 50 39 10 "A"
8 -12 50 39 11 "A"
8 1 50 39 12 "A"
8 3 50 39 13 "A"
8 -6 50 39 14 "A"
8 -6 10 39 15 "R"
8 -6 50 39 16 "A"
8 -12 10 39 17 "R"
8 -6 50 39 18 "A"
8 -6 10 39 19 "R"
8 3 50 39 20 "A"
8 -15 50 39 21 "A"
8 -6 50 39 22 "A"
8 -6 10 39 23 "R"
8 5 10 39 24 "R"
8 4 10 39 25 "R"
8 2 10 39 26 "R"
8 4 10 39 27 "R"
8 -6 50 39 28 "A"
8 2 10 39 29 "R"
8 2 10 39 30 "R"
8 -12 50 39 31 "A"
8 -3 40 39 32 "F"
8 4 10 39 33 "R"
8 -12 10 39 34 "R"
8 1 50 39 35 "A"
8 1 50 39 36 "A"
8 -12 50 39 37 "A"
8 -3 40 39 38 "F"
8 -12 50 39 39 "A"
8 2 10 39 40 "R"
8 -12 10 39 41 "R"
8 -6 50 39 42 "A"
8 -12 10 39 43 "R"
8 1 50 39 44 "A"
8 1 50 39 45 "A"
8 -6 50 39 46 "A"
8 -15 50 39 47 "A"
8 1 20 39 48 "V"
8 1 50 39 49 "A"
8 -6 50 39 50 "A"
8 -6 50 39 51 "A"
8 -12 50 39 52 "A"
8 3 50 39 53 "A"
8 -6 50 39 54 "A"
8 -12 10 39 55 "R"
8 -12 50 39 56 "A"
8 -12 10 39 57 "R"
8 2 10 39 58 "R"
8 -6 10 39 59 "R"
8 80 50 39 60 "A"
8 -3 40 39 61 "F"
8 -6 50 39 62 "A"
8 3 50 39 63 "A"
8 -6 50 39 64 "A"
8 4 40 39 65 "F"
8 1 50 39 66 "A"
8 -6 50 39 67 "A"
8 3 50 39 68 "A"
8 -12 50 39 69 "A"
8 2 10 39 70 "R"
8 3 50 39 71 "A"
8 -6 50 39 72 "A"
8 3 50 39 73 "A"
8 1 50 39 74 "A"
8 3 50 39 75 "A"
8 -12 10 39 76 "R"
8 -12 50 39 77 "A"
8 1 50 39 78 "A"
8 1 50 39 79 "A"
8 1 50 39 80 "A"
8 -12 10 39 81 "R"
8 -6 10 39 82 "R"
8 -9 40 39 83 "F"
8 -6 50 39 84 "A"
8 -9 40 39 85 "F"
8 -12 10 39 86 "R"
8 -6 50 39 87 "A"
8 3 50 39 88 "A"
8 12 50 39 89 "A"
8 1 50 39 90 "A"
8 2 10 39 91 "R"
8 -6 10 39 92 "R"
8 -12 50 39 93 "A"
8 2 10 39 94 "R"
8 2 10 39 95 "R"
8 -3 40 39 96 "F"
8 4 10 39 97 "R"
8 2 10 39 98 "R"
8 4 10 39 99 "R"
8 1 50 39 100 "A"
8 -15 50 39 101 "A"
8 2 10 39 102 "R"
8 4 10 39 103 "R"
8 -6 50 39 104 "A"
8 4 10 39 105 "R"
8 -6 10 39 106 "R"
8 -12 10 39 107 "R"
8 1 50 39 108 "A"
8 3 50 39 109 "A"
8 1 50 39 110 "A"
8 -6 50 39 111 "A"
8 -12 10 39 112 "R"
8 -6 10 39 113 "R"
8 -3 40 39 114 "F"
8 3 50 39 115 "A"
8 1 50 39 116 "A"
8 3 50 39 117 "A"
8 3 50 39 118 "A"
8 -12 10 39 119 "R"
8 1 50 39 120 "A"
8 4 10 39 121 "R"
8 -6 10 39 122 "R"
8 -12 50 39 123 "A"
8 -6 50 39 124 "A"
8 -15 10 39 125 "R"
8 -3 20 39 126 "V"
8 -3 40 39 127 "F"
8 -3 40 39 128 "F"
8 -3 40 39 129 "F"
8 -6 10 40 1 "R"
8 1 50 40 2 "A"
8 -12 50 40 3 "A"
8 -3 40 40 4 "F"
8 -12 10 40 5 "R"
8 -6 10 40 6 "R"
8 -6 50 40 7 "A"
8 1 50 40 8 "A"
8 -12 50 40 9 "A"
8 -6 10 40 10 "R"
8 3 50 40 11 "A"
8 -6 50 40 12 "A"
8 5 10 40 13 "R"
8 2 10 40 14 "R"
8 -12 10 40 15 "R"
8 -3 40 40 16 "F"
8 -12 10 40 17 "R"
8 2 10 40 18 "R"
8 -15 10 40 19 "R"
8 -6 50 40 20 "A"
8 3 50 40 21 "A"
8 -6 50 40 22 "A"
8 12 50 40 23 "A"
8 1 50 40 24 "A"
8 -12 50 40 25 "A"
8 1 50 40 26 "A"
8 -6 50 40 27 "A"
8 2 10 40 28 "R"
8 -12 10 40 29 "R"
8 -6 50 40 30 "A"
8 3 50 40 31 "A"
8 3 50 40 32 "A"
8 -6 50 40 33 "A"
8 -6 10 40 34 "R"
8 -12 50 40 35 "A"
8 2 10 40 36 "R"
8 4 10 40 37 "R"
8 -6 50 40 38 "A"
8 -15 50 40 39 "A"
8 2 10 40 40 "R"
8 -12 10 40 41 "R"
8 1 50 40 42 "A"
8 1 50 40 43 "A"
8 -6 50 40 44 "A"
8 3 50 40 45 "A"
8 1 50 40 46 "A"
8 1 50 40 47 "A"
8 3 50 40 48 "A"
8 -15 50 40 49 "A"
8 -12 50 40 50 "A"
8 3 20 40 51 "V"
8 2 10 40 52 "R"
8 -15 10 40 53 "R"
8 -6 50 40 54 "A"
8 -3 40 40 55 "F"
8 1 50 40 56 "A"
8 1 50 40 57 "A"
8 1 50 40 58 "A"
8 3 50 40 59 "A"
8 1 50 40 60 "A"
8 -6 50 40 61 "A"
8 1 50 40 62 "A"
8 3 50 40 63 "A"
8 -6 10 40 64 "R"
8 -6 50 40 65 "A"
8 2 10 40 66 "R"
8 4 10 40 67 "R"
8 -6 10 40 68 "R"
8 12 50 40 69 "A"
8 3 50 40 70 "A"
8 -6 50 40 71 "A"
8 -6 50 40 72 "A"
8 -6 10 40 73 "R"
8 1 50 40 74 "A"
8 12 50 40 75 "A"
8 -6 50 40 76 "A"
8 -12 10 40 77 "R"
8 2 10 40 78 "R"
8 -12 10 40 79 "R"
8 -6 50 40 80 "A"
8 -6 10 40 81 "R"
8 -9 40 40 82 "F"
8 4 10 40 83 "R"
8 -6 10 40 84 "R"
8 1 50 40 85 "A"
8 -6 50 40 86 "A"
8 1 50 40 87 "A"
8 -15 50 40 88 "A"
8 -6 10 40 89 "R"
8 3 50 40 90 "A"
8 3 50 40 91 "A"
8 1 50 40 92 "A"
8 3 50 40 93 "A"
8 1 50 40 94 "A"
8 -12 50 40 95 "A"
8 1 50 40 96 "A"
8 -6 50 40 97 "A"
8 2 10 40 98 "R"
8 -6 10 40 99 "R"
8 1 50 40 100 "A"
8 3 50 40 101 "A"
8 1 50 40 102 "A"
8 12 50 40 103 "A"
8 1 50 40 104 "A"
8 12 50 40 105 "A"
8 -6 50 40 106 "A"
8 -6 50 40 107 "A"
8 -6 50 40 108 "A"
8 -15 50 40 109 "A"
8 1 20 40 110 "V"
8 -12 10 40 111 "R"
8 -6 10 40 112 "R"
8 -3 40 40 113 "F"
8 1 50 40 114 "A"
8 1 50 40 115 "A"
8 -6 50 40 116 "A"
8 4 10 40 117 "R"
8 2 10 40 118 "R"
8 -12 10 40 119 "R"
8 -6 50 40 120 "A"
8 -6 10 40 121 "R"
8 1 50 40 122 "A"
8 -12 50 40 123 "A"
8 1 20 40 124 "V"
8 -6 10 40 125 "R"
8 2 40 40 126 "F"
8 3 50 40 127 "A"
8 1 50 40 128 "A"
8 -12 50 40 129 "A"
8 -3 20 40 130 "V"
8 -9 40 40 131 "F"
8 1 50 40 132 "A"
8 -12 50 40 133 "A"
8 -6 10 40 134 "R"
8 -6 50 40 135 "A"
8 -6 10 40 136 "R"
8 3 50 40 137 "A"
8 1 50 40 138 "A"
8 -6 50 40 139 "A"
8 -6 50 40 140 "A"
8 4 10 40 141 "R"
8 3 50 40 142 "A"
8 4 10 40 143 "R"
8 2 10 40 144 "R"
8 -12 10 40 145 "R"
8 3 50 40 146 "A"
8 1 50 40 147 "A"
8 1 50 40 148 "A"
8 -15 50 40 149 "A"
8 -9 40 41 1 "F"
8 2 10 41 2 "R"
8 -6 50 41 3 "A"
8 -12 50 41 4 "A"
8 -3 20 41 5 "V"
8 -6 50 41 6 "A"
8 -15 50 41 7 "A"
8 2 10 41 8 "R"
8 4 10 41 9 "R"
8 2 10 41 10 "R"
8 -12 10 41 11 "R"
8 3 20 41 12 "V"
8 3 50 41 13 "A"
8 1 50 41 14 "A"
8 1 50 41 15 "A"
8 3 50 41 16 "A"
8 -12 50 41 17 "A"
8 -6 50 41 18 "A"
8 5 10 41 19 "R"
8 -12 50 41 20 "A"
8 2 10 41 21 "R"
8 2 10 41 22 "R"
8 -6 50 41 23 "A"
8 4 10 41 24 "R"
8 4 10 41 25 "R"
8 2 10 41 26 "R"
8 -15 10 41 27 "R"
8 -6 50 41 28 "A"
8 -9 40 41 29 "F"
8 -6 10 41 30 "R"
8 -12 10 41 31 "R"
8 2 10 41 32 "R"
8 -12 10 41 33 "R"
8 1 20 41 34 "V"
8 -6 50 41 35 "A"
8 1 50 41 36 "A"
8 -12 50 41 37 "A"
8 -12 10 41 38 "R"
8 2 10 41 39 "R"
8 2 10 41 40 "R"
8 -12 10 41 41 "R"
8 -6 50 41 42 "A"
8 -9 40 41 43 "F"
8 -12 10 41 44 "R"
8 -12 50 41 45 "A"
8 2 10 41 46 "R"
8 4 10 41 47 "R"
8 3 50 41 48 "A"
8 1 50 41 49 "A"
8 1 50 41 50 "A"
8 -12 50 41 51 "A"
8 -6 50 41 52 "A"
8 1 50 41 53 "A"
8 -6 50 41 54 "A"
8 -6 10 41 55 "R"
8 1 50 41 56 "A"
8 -12 50 41 57 "A"
8 1 50 41 58 "A"
8 -12 10 41 59 "R"
8 2 10 41 60 "R"
8 -12 10 41 61 "R"
8 4 10 41 62 "R"
8 3 50 41 63 "A"
8 1 50 41 64 "A"
8 1 50 41 65 "A"
8 1 50 41 66 "A"
8 1 50 41 67 "A"
8 -6 50 41 68 "A"
8 -6 10 41 69 "R"
8 1 50 41 70 "A"
8 -6 50 41 71 "A"
8 2 10 41 72 "R"
8 -12 10 41 73 "R"
8 4 10 41 74 "R"
8 -15 50 41 75 "A"
8 -12 10 41 76 "R"
8 -15 10 41 77 "R"
8 -6 50 41 78 "A"
8 2 40 41 79 "F"
8 1 50 41 80 "A"
8 -12 50 41 81 "A"
8 -6 50 41 82 "A"
8 2 10 41 83 "R"
8 -6 10 41 84 "R"
8 -12 10 41 85 "R"
8 1 50 41 86 "A"
8 -15 50 41 87 "A"
8 2 10 41 88 "R"
8 -6 10 41 89 "R"
8 1 50 41 90 "A"
8 -6 50 41 91 "A"
8 -6 10 41 92 "R"
8 -12 50 41 93 "A"
8 -6 10 41 94 "R"
8 12 50 41 95 "A"
8 -12 50 41 96 "A"
8 -6 10 41 97 "R"
8 1 50 41 98 "A"
8 4 10 41 99 "R"
8 -6 10 41 100 "R"
8 4 10 41 101 "R"
8 2 10 41 102 "R"
8 2 10 41 103 "R"
8 2 10 41 104 "R"
8 5 10 41 105 "R"
8 -6 50 41 106 "A"
8 4 10 41 107 "R"
8 -3 20 41 108 "V"
8 3 50 41 109 "A"
8 -6 50 41 110 "A"
8 -6 50 41 111 "A"
8 -6 10 41 112 "R"
8 5 10 41 113 "R"
8 1 50 41 114 "A"
8 -15 50 41 115 "A"
8 1 50 41 116 "A"
8 3 50 41 117 "A"
8 -6 50 41 118 "A"
8 4 10 41 119 "R"
8 -6 10 41 120 "R"
8 1 50 41 121 "A"
8 1 50 41 122 "A"
8 -6 50 41 123 "A"
8 -3 40 41 124 "F"
8 -9 40 41 125 "F"
8 -6 10 41 126 "R"
