"rat" "reward" "trou" "session" "round" "choice"
11 2 40 1 1 "R"
11 -6 40 1 2 "R"
11 3 20 1 3 "V"
11 4 10 1 4 "F"
11 5 40 1 5 "R"
11 -3 10 1 6 "F"
11 3 50 1 7 "A"
11 -6 50 1 8 "A"
11 4 40 1 9 "R"
11 2 40 1 10 "R"
11 -12 50 1 11 "A"
11 2 10 1 12 "F"
11 3 20 1 13 "V"
11 -6 50 1 14 "A"
11 -6 40 1 15 "R"
11 -6 50 1 16 "A"
11 -9 20 1 17 "V"
11 -3 10 1 18 "F"
11 -6 50 1 19 "A"
11 3 20 1 20 "V"
11 -15 50 1 21 "A"
11 -6 50 1 22 "A"
11 -6 40 1 23 "R"
11 5 10 1 24 "F"
11 3 50 1 25 "A"
11 2 40 1 26 "R"
11 3 50 1 27 "A"
11 -6 50 1 28 "A"
11 2 10 1 29 "F"
11 1 50 1 30 "A"
11 -12 50 1 31 "A"
11 -3 20 1 32 "V"
11 4 40 1 33 "R"
11 -9 10 1 34 "F"
11 1 50 1 35 "A"
11 1 50 1 36 "A"
11 -9 20 1 37 "V"
11 -6 40 1 38 "R"
11 -9 10 1 39 "F"
11 1 50 1 40 "A"
11 -9 20 1 41 "V"
11 -3 10 1 42 "F"
11 -12 50 1 43 "A"
11 2 40 1 44 "R"
11 2 40 1 45 "R"
11 -6 50 1 46 "A"
11 -15 40 1 47 "R"
11 2 40 1 48 "R"
11 1 50 1 49 "A"
11 -6 40 1 50 "R"
11 -6 50 1 51 "A"
11 -12 50 1 52 "A"
11 3 50 1 53 "A"
11 -3 20 1 54 "V"
11 -12 50 1 55 "A"
11 -12 40 1 56 "R"
11 -12 40 1 57 "R"
11 1 20 1 58 "V"
11 -6 40 1 59 "R"
11 2 10 1 60 "F"
11 -6 40 1 61 "R"
11 -6 50 1 62 "A"
11 4 40 1 63 "R"
11 -6 50 1 64 "A"
11 4 40 1 65 "R"
11 1 50 1 66 "A"
11 -6 40 1 67 "R"
11 3 50 1 68 "A"
11 -9 10 1 69 "F"
11 1 50 1 70 "A"
11 3 20 1 71 "V"
11 -3 20 1 72 "V"
11 3 50 1 73 "A"
11 2 10 1 74 "F"
11 3 50 1 75 "A"
11 -9 10 1 76 "F"
11 -12 40 1 77 "R"
11 1 50 1 78 "A"
11 2 10 1 79 "F"
11 2 40 1 80 "R"
11 -12 50 1 81 "A"
11 -3 10 1 82 "F"
11 -9 10 1 83 "F"
11 -6 50 1 84 "A"
11 -9 10 1 85 "F"
11 -12 50 1 86 "A"
11 -3 20 1 87 "V"
11 3 50 1 88 "A"
11 12 20 1 89 "V"
11 2 40 1 90 "R"
11 1 50 1 91 "A"
11 -6 50 1 92 "A"
11 -9 20 1 93 "V"
11 1 20 1 94 "V"
11 2 10 1 95 "F"
11 -3 20 1 96 "V"
11 3 50 1 97 "A"
11 2 10 1 98 "F"
11 4 40 1 99 "R"
11 2 40 1 100 "R"
11 -36 20 1 101 "V"
11 2 40 1 102 "R"
11 3 50 1 103 "A"
11 -3 20 1 104 "V"
11 3 50 1 105 "A"
11 -6 40 1 106 "R"
11 -12 50 1 107 "A"
11 2 40 1 108 "R"
11 3 50 1 109 "A"
11 2 40 1 110 "R"
11 -3 10 1 111 "F"
11 -12 50 1 112 "A"
11 -3 20 1 113 "V"
11 -3 20 1 114 "V"
11 4 40 1 115 "R"
11 1 50 1 116 "A"
11 3 50 1 117 "A"
11 4 40 1 118 "R"
11 -9 10 1 119 "F"
11 2 40 1 120 "R"
11 3 50 1 121 "A"
11 -6 40 1 122 "R"
11 -12 50 1 123 "A"
11 -3 10 1 124 "F"
11 -15 50 1 125 "A"
11 -3 20 1 126 "V"
11 -6 50 1 127 "A"
11 -3 20 1 128 "V"
11 -6 50 1 129 "A"
11 2 40 1 130 "R"
11 4 10 1 131 "F"
11 -3 10 1 132 "F"
11 -6 50 1 133 "A"
11 -36 10 1 134 "F"
11 4 10 1 135 "F"
11 1 50 1 136 "A"
11 -6 40 1 137 "R"
11 -6 50 1 138 "A"
11 5 40 1 139 "R"
11 2 10 1 140 "F"
11 -3 20 1 141 "V"
11 1 50 1 142 "A"
11 1 20 1 143 "V"
11 -6 50 1 144 "A"
11 5 10 1 145 "F"
11 -12 40 2 1 "R"
11 -6 50 2 2 "A"
11 -12 40 2 3 "R"
11 1 20 2 4 "V"
11 4 10 2 5 "F"
11 1 50 2 6 "A"
11 -9 10 2 7 "F"
11 -9 10 2 8 "F"
11 1 50 2 9 "A"
11 -3 20 2 10 "V"
11 -6 50 2 11 "A"
11 -6 50 2 12 "A"
11 -15 40 2 13 "R"
11 1 50 2 14 "A"
11 -3 10 2 15 "F"
11 -6 40 2 16 "R"
11 -3 10 2 17 "F"
11 2 10 2 18 "F"
11 3 50 2 19 "A"
11 1 50 2 20 "A"
11 4 10 2 21 "F"
11 -6 50 2 22 "A"
11 -9 10 2 23 "F"
11 -6 50 2 24 "A"
11 -3 10 2 25 "F"
11 1 20 2 26 "V"
11 -9 10 2 27 "F"
11 1 50 2 28 "A"
11 4 10 2 29 "F"
11 1 50 2 30 "A"
11 -12 50 2 31 "A"
11 -3 10 2 32 "F"
11 12 50 2 33 "A"
11 -3 10 2 34 "F"
11 3 50 2 35 "A"
11 -6 50 2 36 "A"
11 -36 20 2 37 "V"
11 1 50 2 38 "A"
11 -12 50 2 39 "A"
11 -6 50 2 40 "A"
11 -12 50 2 41 "A"
11 3 20 2 42 "V"
11 12 50 2 43 "A"
11 -3 20 2 44 "V"
11 -15 50 2 45 "A"
11 2 10 2 46 "F"
11 -12 50 2 47 "A"
11 4 10 2 48 "F"
11 2 40 2 49 "R"
11 1 50 2 50 "A"
11 3 50 2 51 "A"
11 1 50 2 52 "A"
11 -9 20 2 53 "V"
11 -3 20 2 54 "V"
11 -12 50 2 55 "A"
11 1 20 2 56 "V"
11 12 50 2 57 "A"
11 -3 20 2 58 "V"
11 -6 50 2 59 "A"
11 -240 10 2 60 "F"
11 -3 20 2 61 "V"
11 2 10 2 62 "F"
11 5 10 2 63 "F"
11 -15 50 2 64 "A"
11 -36 10 2 65 "F"
11 -3 20 2 66 "V"
11 3 50 2 67 "A"
11 -3 10 2 68 "F"
11 -6 50 2 69 "A"
11 -12 50 2 70 "A"
11 3 50 2 71 "A"
11 2 10 2 72 "F"
11 1 50 2 73 "A"
11 -3 20 2 74 "V"
11 -9 10 2 75 "F"
11 -3 10 2 76 "F"
11 2 10 2 77 "F"
11 2 10 2 78 "F"
11 -12 50 2 79 "A"
11 -3 10 2 80 "F"
11 -12 50 2 81 "A"
11 -3 10 2 82 "F"
11 3 20 2 83 "V"
11 -12 50 2 84 "A"
11 -3 10 2 85 "F"
11 -6 50 2 86 "A"
11 4 10 2 87 "F"
11 -6 50 2 88 "A"
11 4 10 2 89 "F"
11 2 10 2 90 "F"
11 -3 20 2 91 "V"
11 2 10 2 92 "F"
11 3 20 2 93 "V"
11 1 50 2 94 "A"
11 3 20 2 95 "V"
11 2 10 2 96 "F"
11 -12 50 2 97 "A"
11 -12 50 2 98 "A"
11 -3 10 2 99 "F"
11 -6 50 2 100 "A"
11 -3 10 2 101 "F"
11 1 50 2 102 "A"
11 -12 50 2 103 "A"
11 -6 40 2 104 "R"
11 3 20 2 105 "V"
11 2 10 2 106 "F"
11 -12 50 2 107 "A"
11 -9 10 2 108 "F"
11 -6 50 2 109 "A"
11 1 20 2 110 "V"
11 3 50 2 111 "A"
11 3 50 2 112 "A"
11 -9 10 2 113 "F"
11 -6 50 2 114 "A"
11 -6 50 3 1 "A"
11 2 40 3 2 "R"
11 1 50 3 3 "A"
11 -6 40 3 4 "R"
11 -12 50 3 5 "A"
11 2 40 3 6 "R"
11 -12 50 3 7 "A"
11 -6 40 3 8 "R"
11 -12 50 3 9 "A"
11 3 50 3 10 "A"
11 -6 50 3 11 "A"
11 1 50 3 12 "A"
11 -12 50 3 13 "A"
11 -3 20 3 14 "V"
11 3 20 3 15 "V"
11 1 50 3 16 "A"
11 2 10 3 17 "F"
11 1 20 3 18 "V"
11 -12 50 3 19 "A"
11 -3 10 3 20 "F"
11 2 40 3 21 "R"
11 2 10 3 22 "F"
11 3 50 3 23 "A"
11 -9 20 3 24 "V"
11 3 20 3 25 "V"
11 2 40 3 26 "R"
11 5 40 3 27 "R"
11 -6 40 3 28 "R"
11 3 50 3 29 "A"
11 -6 50 3 30 "A"
11 -15 40 3 31 "R"
11 -3 10 3 32 "F"
11 -12 50 3 33 "A"
11 2 40 3 34 "R"
11 -12 50 3 35 "A"
11 -6 50 3 36 "A"
11 -12 40 3 37 "R"
11 -3 20 3 38 "V"
11 -6 50 3 39 "A"
11 1 50 3 40 "A"
11 -6 40 3 41 "R"
11 2 10 3 42 "F"
11 -15 50 3 43 "A"
11 3 50 3 44 "A"
11 -6 50 3 45 "A"
11 -12 50 3 46 "A"
11 2 10 3 47 "F"
11 2 10 3 48 "F"
11 -6 50 3 49 "A"
11 1 50 3 50 "A"
11 -12 50 3 51 "A"
11 2 10 3 52 "F"
11 1 50 3 53 "A"
11 2 40 3 54 "R"
11 2 10 3 55 "F"
11 2 10 3 56 "F"
11 2 10 3 57 "F"
11 3 20 3 58 "V"
11 -12 50 3 59 "A"
11 2 10 3 60 "F"
11 -12 50 3 61 "A"
11 3 50 3 62 "A"
11 -9 10 3 63 "F"
11 -3 20 3 64 "V"
11 1 50 3 65 "A"
11 2 40 3 66 "R"
11 -6 50 3 67 "A"
11 -3 10 3 68 "F"
11 -6 40 3 69 "R"
11 1 20 3 70 "V"
11 12 20 3 71 "V"
11 3 50 3 72 "A"
11 -12 50 3 73 "A"
11 -6 50 3 74 "A"
11 12 50 3 75 "A"
11 -6 40 3 76 "R"
11 -6 50 3 77 "A"
11 -3 10 3 78 "F"
11 2 40 3 79 "R"
11 1 50 3 80 "A"
11 -6 50 3 81 "A"
11 -12 50 3 82 "A"
11 3 50 3 83 "A"
11 1 50 3 84 "A"
11 -3 20 3 85 "V"
11 -6 50 3 86 "A"
11 -36 10 3 87 "F"
11 -6 50 3 88 "A"
11 -12 40 3 89 "R"
11 -6 40 3 90 "R"
11 -12 50 3 91 "A"
11 2 40 3 92 "R"
11 2 10 3 93 "F"
11 -9 20 3 94 "V"
11 -12 40 3 95 "R"
11 1 50 3 96 "A"
11 -9 10 3 97 "F"
11 2 40 3 98 "R"
11 3 50 3 99 "A"
11 2 40 3 100 "R"
11 12 50 3 101 "A"
11 1 50 3 102 "A"
11 1 50 3 103 "A"
11 -6 40 3 104 "R"
11 2 10 3 105 "F"
11 -6 40 3 106 "R"
11 -6 50 3 107 "A"
11 -3 10 3 108 "F"
11 4 40 3 109 "R"
11 -12 40 3 110 "R"
11 12 50 3 111 "A"
11 -12 50 3 112 "A"
11 4 10 3 113 "F"
11 -15 50 3 114 "A"
11 4 10 3 115 "F"
11 1 50 3 116 "A"
11 -6 50 3 117 "A"
11 4 40 3 118 "R"
11 -15 40 3 119 "R"
11 2 10 3 120 "F"
11 12 50 3 121 "A"
11 2 40 3 122 "R"
11 -3 10 3 123 "F"
11 2 10 3 124 "F"
11 -9 10 3 125 "F"
11 -3 10 3 126 "F"
11 1 50 3 127 "A"
11 -3 10 3 128 "F"
11 -6 50 3 129 "A"
11 -6 50 3 130 "A"
11 4 40 3 131 "R"
11 4 40 3 132 "R"
11 -12 50 3 133 "A"
11 -9 10 3 134 "F"
11 -6 50 4 1 "A"
11 2 40 4 2 "R"
11 -12 40 4 3 "R"
11 -6 50 4 4 "A"
11 -9 20 4 5 "V"
11 -6 50 4 6 "A"
11 -6 50 4 7 "A"
11 1 50 4 8 "A"
11 -9 10 4 9 "F"
11 -3 10 4 10 "F"
11 3 50 4 11 "A"
11 -6 50 4 12 "A"
11 5 40 4 13 "R"
11 2 40 4 14 "R"
11 -12 50 4 15 "A"
11 -6 40 4 16 "R"
11 -9 20 4 17 "V"
11 1 20 4 18 "V"
11 -15 50 4 19 "A"
11 -6 50 4 20 "A"
11 3 20 4 21 "V"
11 -3 10 4 22 "F"
11 5 40 4 23 "R"
11 1 50 4 24 "A"
11 -12 50 4 25 "A"
11 2 40 4 26 "R"
11 -3 10 4 27 "F"
11 1 50 4 28 "A"
11 -12 50 4 29 "A"
11 -6 40 4 30 "R"
11 4 40 4 31 "R"
11 3 50 4 32 "A"
11 -6 50 4 33 "A"
11 -6 40 4 34 "R"
11 -12 40 4 35 "R"
11 2 40 4 36 "R"
11 4 10 4 37 "F"
11 -6 50 4 38 "A"
11 -15 50 4 39 "A"
11 2 40 4 40 "R"
11 -12 50 4 41 "A"
11 2 10 4 42 "F"
11 1 50 4 43 "A"
11 -3 10 4 44 "F"
11 3 50 4 45 "A"
11 2 10 4 46 "F"
11 1 50 4 47 "A"
11 3 50 4 48 "A"
11 -36 10 4 49 "F"
11 -12 50 4 50 "A"
11 3 50 4 51 "A"
11 2 40 4 52 "R"
11 -15 50 4 53 "A"
11 -6 40 4 54 "R"
11 -6 40 4 55 "R"
11 2 10 4 56 "F"
11 1 50 4 57 "A"
11 2 40 4 58 "R"
11 4 40 4 59 "R"
11 1 50 4 60 "A"
11 -6 50 4 61 "A"
11 1 20 4 62 "V"
11 4 40 4 63 "R"
11 -6 50 4 64 "A"
11 -6 50 4 65 "A"
11 2 40 4 66 "R"
11 4 10 4 67 "F"
11 -6 50 4 68 "A"
11 12 20 4 69 "V"
11 3 50 4 70 "A"
11 -3 10 4 71 "F"
11 -6 50 4 72 "A"
11 -3 10 4 73 "F"
11 1 50 4 74 "A"
11 5 10 4 75 "F"
11 -3 20 4 76 "V"
11 -9 10 4 77 "F"
11 2 40 4 78 "R"
11 -9 10 4 79 "F"
11 -6 50 4 80 "A"
11 -6 50 4 81 "A"
11 -9 10 4 82 "F"
11 3 50 4 83 "A"
11 -6 40 4 84 "R"
11 2 40 4 85 "R"
11 -6 50 4 86 "A"
11 2 40 4 87 "R"
11 -36 20 4 88 "V"
11 -6 50 4 89 "A"
11 4 10 4 90 "F"
11 3 50 4 91 "A"
11 1 20 4 92 "V"
11 4 40 4 93 "R"
11 1 50 4 94 "A"
11 -9 10 4 95 "F"
11 1 50 4 96 "A"
11 -6 40 4 97 "R"
11 2 10 4 98 "F"
11 -6 50 4 99 "A"
11 2 10 4 100 "F"
11 4 10 4 101 "F"
11 1 50 4 102 "A"
11 12 50 4 103 "A"
11 2 40 4 104 "R"
11 12 50 4 105 "A"
11 -6 50 4 106 "A"
11 -6 50 4 107 "A"
11 -3 10 4 108 "F"
11 -15 50 4 109 "A"
11 1 50 4 110 "A"
11 -12 50 4 111 "A"
11 -3 10 4 112 "F"
11 -6 50 4 113 "A"
11 1 50 4 114 "A"
11 2 10 4 115 "F"
11 -6 50 4 116 "A"
11 3 50 4 117 "A"
11 2 10 4 118 "F"
11 -12 50 4 119 "A"
11 -3 10 4 120 "F"
11 -3 10 4 121 "F"
11 1 20 4 122 "V"
11 -12 40 4 123 "R"
11 1 50 4 124 "A"
11 -3 10 4 125 "F"
11 1 50 4 126 "A"
11 4 40 4 127 "R"
11 1 50 4 128 "A"
11 -9 10 4 129 "F"
11 -6 50 4 130 "A"
11 -9 10 4 131 "F"
11 2 10 4 132 "F"
11 -12 40 4 133 "R"
11 -6 50 4 134 "A"
11 -6 50 4 135 "A"
11 -3 20 4 136 "V"
11 3 50 4 137 "A"
11 1 50 4 138 "A"
11 -3 10 4 139 "F"
11 -3 10 4 140 "F"
11 4 10 4 141 "F"
11 4 40 4 142 "R"
11 3 50 4 143 "A"
11 2 40 4 144 "R"
11 -9 10 4 145 "F"
11 3 50 4 146 "A"
11 2 40 4 147 "R"
11 1 50 4 148 "A"
11 -15 50 4 149 "A"
11 -6 50 4 150 "A"
11 1 50 4 151 "A"
11 -6 50 4 152 "A"
11 2 40 5 1 "R"
11 -6 40 5 2 "R"
11 -12 50 5 3 "A"
11 3 50 5 4 "A"
11 -6 40 5 5 "R"
11 1 50 5 6 "A"
11 -12 40 5 7 "R"
11 1 50 5 8 "A"
11 -12 50 5 9 "A"
11 2 10 5 10 "F"
11 -15 50 5 11 "A"
11 -3 20 5 12 "V"
11 -12 50 5 13 "A"
11 3 50 5 14 "A"
11 -6 40 5 15 "R"
11 1 20 5 16 "V"
11 3 50 5 17 "A"
11 1 20 5 18 "V"
11 3 50 5 19 "A"
11 -9 20 5 20 "V"
11 -9 10 5 21 "F"
11 1 50 5 22 "A"
11 -12 50 5 23 "A"
11 -12 50 5 24 "A"
11 3 20 5 25 "V"
11 2 10 5 26 "F"
11 -3 20 5 27 "V"
11 -6 50 5 28 "A"
11 -9 10 5 29 "F"
11 -6 50 5 30 "A"
11 -3 10 5 31 "F"
11 -3 10 5 32 "F"
11 -3 10 5 33 "F"
11 3 50 5 34 "A"
11 -6 40 5 35 "R"
11 -6 50 5 36 "A"
11 -12 50 5 37 "A"
11 3 50 5 38 "A"
11 5 40 5 39 "R"
11 -6 50 5 40 "A"
11 -3 10 5 41 "F"
11 1 50 5 42 "A"
11 -12 50 5 43 "A"
11 -3 10 5 44 "F"
11 3 50 5 45 "A"
11 -3 20 5 46 "V"
11 1 50 5 47 "A"
11 -6 50 5 48 "A"
11 -9 10 5 49 "F"
11 1 50 5 50 "A"
11 -12 50 5 51 "A"
11 -6 50 5 52 "A"
11 2 10 5 53 "F"
11 -6 50 5 54 "A"
11 3 50 5 55 "A"
11 2 40 5 56 "R"
11 3 20 5 57 "V"
11 1 50 5 58 "A"
11 3 20 5 59 "V"
11 80 20 5 60 "V"
11 -36 20 5 61 "V"
11 2 40 5 62 "R"
11 -3 20 5 63 "V"
11 1 50 5 64 "A"
11 -9 20 5 65 "V"
11 -3 10 5 66 "F"
11 -15 50 5 67 "A"
11 -6 50 5 68 "A"
11 1 50 5 69 "A"
11 -3 20 5 70 "V"
11 3 50 5 71 "A"
11 3 20 5 72 "V"
11 -36 20 5 73 "V"
11 -3 10 5 74 "F"
11 1 50 5 75 "A"
11 -12 40 5 76 "R"
11 -3 10 5 77 "F"
11 -6 50 5 78 "A"
11 -3 10 5 79 "F"
11 1 50 5 80 "A"
11 3 20 5 81 "V"
11 -3 20 5 82 "V"
11 3 50 5 83 "A"
11 -3 10 5 84 "F"
11 -15 50 5 85 "A"
11 -3 10 5 86 "F"
11 -6 50 5 87 "A"
11 -3 10 5 88 "F"
11 -12 50 5 89 "A"
11 2 10 5 90 "F"
11 12 20 5 91 "V"
11 1 20 5 92 "V"
11 -9 20 5 93 "V"
11 -9 20 5 94 "V"
11 2 40 5 95 "R"
11 -12 40 5 96 "R"
11 4 10 5 97 "F"
11 1 20 5 98 "V"
11 -15 50 5 99 "A"
11 -3 10 5 100 "F"
11 1 50 5 101 "A"
11 -6 50 5 102 "A"
11 -36 10 5 103 "F"
11 1 50 5 104 "A"
11 -12 40 5 105 "R"
11 2 40 5 106 "R"
11 3 50 5 107 "A"
11 -3 20 5 108 "V"
11 -6 50 5 109 "A"
11 -3 10 5 110 "F"
11 2 10 5 111 "F"
11 -6 50 5 112 "A"
11 -36 10 5 113 "F"
11 2 10 5 114 "F"
11 -9 20 5 115 "V"
11 -9 10 5 116 "F"
11 -36 10 5 117 "F"
11 -12 40 5 118 "R"
11 -9 10 5 119 "F"
11 2 10 5 120 "F"
11 -12 50 5 121 "A"
11 -3 10 5 122 "F"
11 -12 50 5 123 "A"
11 -6 50 5 124 "A"
11 -9 20 5 125 "V"
11 2 10 5 126 "F"
11 2 40 5 127 "R"
11 1 50 5 128 "A"
11 -12 40 5 129 "R"
11 -6 50 6 1 "A"
11 2 40 6 2 "R"
11 -12 50 6 3 "A"
11 -3 10 6 4 "F"
11 -12 50 6 5 "A"
11 -6 50 6 6 "A"
11 -6 50 6 7 "A"
11 2 40 6 8 "R"
11 -12 50 6 9 "A"
11 -6 40 6 10 "R"
11 4 40 6 11 "R"
11 -3 10 6 12 "F"
11 12 50 6 13 "A"
11 1 50 6 14 "A"
11 -12 50 6 15 "A"
11 -6 50 6 16 "A"
11 -12 50 6 17 "A"
11 2 40 6 18 "R"
11 -36 10 6 19 "F"
11 -6 50 6 20 "A"
11 4 10 6 21 "F"
11 -6 50 6 22 "A"
11 12 50 6 23 "A"
11 2 40 6 24 "R"
11 -12 50 6 25 "A"
11 2 40 6 26 "R"
11 -6 50 6 27 "A"
11 1 20 6 28 "V"
11 -12 50 6 29 "A"
11 -6 50 6 30 "A"
11 4 10 6 31 "F"
11 4 40 6 32 "R"
11 -6 50 6 33 "A"
11 -6 50 6 34 "A"
11 -12 50 6 35 "A"
11 2 10 6 36 "F"
11 3 50 6 37 "A"
11 -6 40 6 38 "R"
11 -36 20 6 39 "V"
11 2 10 6 40 "F"
11 -12 50 6 41 "A"
11 1 50 6 42 "A"
11 1 50 6 43 "A"
11 -6 40 6 44 "R"
11 4 10 6 45 "F"
11 1 20 6 46 "V"
11 1 50 6 47 "A"
11 3 50 6 48 "A"
11 -15 50 6 49 "A"
11 -9 20 6 50 "V"
11 3 50 6 51 "A"
11 1 20 6 52 "V"
11 -15 50 6 53 "A"
11 -6 50 6 54 "A"
11 -6 40 6 55 "R"
11 2 10 6 56 "F"
11 1 50 6 57 "A"
11 1 20 6 58 "V"
11 3 20 6 59 "V"
11 1 50 6 60 "A"
11 -6 40 6 61 "R"
11 1 50 6 62 "A"
11 3 50 6 63 "A"
11 -3 20 6 64 "V"
11 -6 50 6 65 "A"
11 1 50 6 66 "A"
11 4 10 6 67 "F"
11 -6 50 6 68 "A"
11 5 10 6 69 "F"
11 3 50 6 70 "A"
11 -3 10 6 71 "F"
11 -6 50 6 72 "A"
11 -3 10 6 73 "F"
11 1 50 6 74 "A"
11 5 10 6 75 "F"
11 -6 50 6 76 "A"
11 -9 20 6 77 "V"
11 2 40 6 78 "R"
11 -9 20 6 79 "V"
11 -6 40 6 80 "R"
11 -6 50 6 81 "A"
11 -12 40 6 82 "R"
11 3 50 6 83 "A"
11 -6 50 6 84 "A"
11 1 50 6 85 "A"
11 -6 50 6 86 "A"
11 1 50 6 87 "A"
11 -15 50 6 88 "A"
11 -6 50 6 89 "A"
11 3 50 6 90 "A"
11 4 40 6 91 "R"
11 1 50 6 92 "A"
11 3 50 6 93 "A"
11 2 40 6 94 "R"
11 -12 50 6 95 "A"
11 1 50 6 96 "A"
11 -3 10 6 97 "F"
11 1 50 6 98 "A"
11 -6 50 6 99 "A"
11 2 40 6 100 "R"
11 3 50 6 101 "A"
11 1 50 6 102 "A"
11 12 20 6 103 "V"
11 2 40 6 104 "R"
11 5 10 6 105 "F"
11 -3 20 6 106 "V"
11 -6 50 6 107 "A"
11 -6 40 6 108 "R"
11 -15 50 6 109 "A"
11 1 50 6 110 "A"
11 -12 50 6 111 "A"
11 -3 10 6 112 "F"
11 -6 40 6 113 "R"
11 2 40 6 114 "R"
11 1 50 6 115 "A"
11 -6 50 6 116 "A"
11 4 10 6 117 "F"
11 2 40 6 118 "R"
11 -12 50 6 119 "A"
11 -6 50 6 120 "A"
11 -6 50 6 121 "A"
11 2 40 6 122 "R"
11 -12 40 6 123 "R"
11 2 10 6 124 "F"
11 -6 40 6 125 "R"
11 1 50 6 126 "A"
11 3 50 6 127 "A"
11 1 50 6 128 "A"
11 -12 50 6 129 "A"
11 -6 50 6 130 "A"
11 -12 50 6 131 "A"
11 -9 10 7 1 "F"
11 1 50 7 2 "A"
11 -6 40 7 3 "R"
11 -12 50 7 4 "A"
11 -6 50 7 5 "A"
11 -3 20 7 6 "V"
11 -36 20 7 7 "V"
11 1 50 7 8 "A"
11 4 10 7 9 "F"
11 80 20 7 10 "V"
11 -9 20 7 11 "V"
11 3 50 7 12 "A"
11 3 50 7 13 "A"
11 2 10 7 14 "F"
11 1 50 7 15 "A"
11 4 40 7 16 "R"
11 -9 20 7 17 "V"
11 -6 50 7 18 "A"
11 12 50 7 19 "A"
11 -12 40 7 20 "R"
11 1 50 7 21 "A"
11 1 50 7 22 "A"
11 -6 40 7 23 "R"
11 3 20 7 24 "V"
11 3 50 7 25 "A"
11 2 40 7 26 "R"
11 -15 50 7 27 "A"
11 -3 20 7 28 "V"
11 -12 50 7 29 "A"
11 -6 40 7 30 "R"
11 -12 50 7 31 "A"
11 2 10 7 32 "F"
11 -12 50 7 33 "A"
11 1 50 7 34 "A"
11 -6 50 7 35 "A"
11 2 10 7 36 "F"
11 -12 50 7 37 "A"
11 -12 50 7 38 "A"
11 2 10 7 39 "F"
11 1 50 7 40 "A"
11 -12 40 7 41 "R"
11 -6 50 7 42 "A"
11 -12 50 7 43 "A"
11 -12 50 7 44 "A"
11 -12 40 7 45 "R"
11 1 50 7 46 "A"
11 3 50 7 47 "A"
11 3 20 7 48 "V"
11 1 50 7 49 "A"
11 2 10 7 50 "F"
11 -9 20 7 51 "V"
11 -6 40 7 52 "R"
11 2 40 7 53 "R"
11 -6 50 7 54 "A"
11 -6 40 7 55 "R"
11 1 50 7 56 "A"
11 -9 20 7 57 "V"
11 1 20 7 58 "V"
11 -12 40 7 59 "R"
11 2 40 7 60 "R"
11 -12 40 7 61 "R"
11 3 50 7 62 "A"
11 4 40 7 63 "R"
11 1 50 7 64 "A"
11 1 50 7 65 "A"
11 1 50 7 66 "A"
11 2 10 7 67 "F"
11 -3 10 7 68 "F"
11 -6 50 7 69 "A"
11 2 10 7 70 "F"
11 -3 20 7 71 "V"
11 1 20 7 72 "V"
11 -9 20 7 73 "V"
11 4 10 7 74 "F"
11 -15 50 7 75 "A"
11 -12 40 7 76 "R"
11 -15 50 7 77 "A"
11 -3 10 7 78 "F"
11 1 50 7 79 "A"
11 1 50 7 80 "A"
11 -12 50 7 81 "A"
11 -6 50 7 82 "A"
11 2 10 7 83 "F"
11 -6 40 7 84 "R"
11 -12 50 7 85 "A"
11 2 10 7 86 "F"
11 -15 50 7 87 "A"
11 1 20 7 88 "V"
11 -3 10 7 89 "F"
11 1 50 7 90 "A"
11 -3 10 7 91 "F"
11 -6 50 7 92 "A"
11 -9 20 7 93 "V"
11 -6 50 7 94 "A"
11 12 50 7 95 "A"
11 -12 50 7 96 "A"
11 -3 20 7 97 "V"
11 2 40 7 98 "R"
11 3 20 7 99 "V"
11 -6 40 7 100 "R"
11 4 40 7 101 "R"
11 1 20 7 102 "V"
11 2 40 7 103 "R"
11 1 50 7 104 "A"
11 12 20 7 105 "V"
11 -6 40 7 106 "R"
11 3 50 7 107 "A"
11 -3 10 7 108 "F"
11 3 50 7 109 "A"
11 -6 40 7 110 "R"
11 -6 50 7 111 "A"
11 -3 20 7 112 "V"
11 5 10 7 113 "F"
11 1 50 7 114 "A"
11 -15 50 7 115 "A"
11 2 40 7 116 "R"
11 3 20 7 117 "V"
11 -6 50 7 118 "A"
11 3 20 7 119 "V"
11 -6 50 7 120 "A"
11 1 20 7 121 "V"
11 -3 20 8 1 "V"
11 2 10 8 2 "F"
11 -12 40 8 3 "R"
11 -6 50 8 4 "A"
11 -9 10 8 5 "F"
11 -3 10 8 6 "F"
11 -6 50 8 7 "A"
11 1 50 8 8 "A"
11 -12 50 8 9 "A"
11 -3 10 8 10 "F"
11 4 10 8 11 "F"
11 -6 50 8 12 "A"
11 5 10 8 13 "F"
11 2 10 8 14 "F"
11 -9 20 8 15 "V"
11 -6 50 8 16 "A"
11 -12 50 8 17 "A"
11 2 10 8 18 "F"
11 -15 50 8 19 "A"
11 -6 50 8 20 "A"
11 4 10 8 21 "F"
11 -6 50 8 22 "A"
11 12 50 8 23 "A"
11 1 20 8 24 "V"
11 -12 50 8 25 "A"
11 1 50 8 26 "A"
11 -3 20 8 27 "V"
11 1 20 8 28 "V"
11 -12 50 8 29 "A"
11 -6 50 8 30 "A"
11 4 10 8 31 "F"
11 3 50 8 32 "A"
11 -3 10 8 33 "F"
11 -6 50 8 34 "A"
11 -9 20 8 35 "V"
11 1 20 8 36 "V"
11 3 50 8 37 "A"
11 -3 20 8 38 "V"
11 -15 50 8 39 "A"
11 2 10 8 40 "F"
11 -12 50 8 41 "A"
11 1 50 8 42 "A"
11 2 10 8 43 "F"
11 -3 10 8 44 "F"
11 4 40 8 45 "R"
11 1 50 8 46 "A"
11 1 20 8 47 "V"
11 3 50 8 48 "A"
11 -36 10 8 49 "F"
11 -12 40 8 50 "R"
11 4 10 8 51 "F"
11 1 20 8 52 "V"
11 -15 50 8 53 "A"
11 -6 50 8 54 "A"
11 -3 20 8 55 "V"
11 1 20 8 56 "V"
11 1 50 8 57 "A"
11 1 20 8 58 "V"
11 4 40 8 59 "R"
11 2 10 8 60 "F"
11 -6 50 8 61 "A"
11 2 10 8 62 "F"
11 4 10 8 63 "F"
11 -6 40 8 64 "R"
11 -6 50 8 65 "A"
11 1 50 8 66 "A"
11 4 10 8 67 "F"
11 -6 50 8 68 "A"
11 5 10 8 69 "F"
11 3 50 8 70 "A"
11 -3 20 8 71 "V"
11 -3 10 8 72 "F"
11 -6 50 8 73 "A"
11 2 10 8 74 "F"
11 5 40 8 75 "R"
11 -3 20 8 76 "V"
11 -12 50 8 77 "A"
11 2 10 8 78 "F"
11 -12 50 8 79 "A"
11 -3 20 8 80 "V"
11 -6 50 8 81 "A"
11 -12 50 8 82 "A"
11 4 10 8 83 "F"
11 -6 40 8 84 "R"
11 1 20 8 85 "V"
11 -6 50 8 86 "A"
11 2 10 8 87 "F"
11 -36 10 8 88 "F"
11 -6 50 8 89 "A"
11 3 50 8 90 "A"
11 4 10 8 91 "F"
11 2 40 8 92 "R"
11 4 10 8 93 "F"
11 1 20 8 94 "V"
11 -9 10 8 95 "F"
11 2 40 8 96 "R"
11 -6 50 8 97 "A"
11 2 10 8 98 "F"
11 -6 50 8 99 "A"
11 1 50 8 100 "A"
11 4 10 8 101 "F"
11 2 40 8 102 "R"
11 12 50 8 103 "A"
11 1 50 8 104 "A"
11 12 50 8 105 "A"
11 -3 20 8 106 "V"
11 -3 20 8 107 "V"
11 -6 50 8 108 "A"
11 -36 10 8 109 "F"
11 1 20 8 110 "V"
11 -12 50 8 111 "A"
11 -3 10 8 112 "F"
11 -6 50 8 113 "A"
11 2 10 8 114 "F"
11 1 50 8 115 "A"
11 -3 10 8 116 "F"
11 3 50 8 117 "A"
11 2 10 8 118 "F"
11 -9 20 8 119 "V"
11 -3 10 8 120 "F"
11 -6 50 8 121 "A"
11 2 10 8 122 "F"
11 -12 50 8 123 "A"
11 2 10 8 124 "F"
11 -6 50 8 125 "A"
11 2 10 8 126 "F"
11 4 40 8 127 "R"
11 1 20 8 128 "V"
11 -12 50 8 129 "A"
11 -3 10 8 130 "F"
11 -12 50 8 131 "A"
11 1 20 8 132 "V"
11 -12 50 8 133 "A"
11 -3 10 8 134 "F"
11 -3 10 8 135 "F"
11 -3 10 8 136 "F"
11 3 50 8 137 "A"
11 2 10 8 138 "F"
11 -9 10 9 1 "F"
11 1 20 9 2 "V"
11 -3 20 9 3 "V"
11 -9 10 9 4 "F"
11 -6 40 9 5 "R"
11 -3 10 9 6 "F"
11 -36 10 9 7 "F"
11 1 50 9 8 "A"
11 3 20 9 9 "V"
11 1 50 9 10 "A"
11 -12 50 9 11 "A"
11 3 50 9 12 "A"
11 4 10 9 13 "F"
11 1 20 9 14 "V"
11 2 40 9 15 "R"
11 3 20 9 16 "V"
11 -9 10 9 17 "F"
11 -3 10 9 18 "F"
11 5 10 9 19 "F"
11 -9 10 9 20 "F"
11 2 10 9 21 "F"
11 2 40 9 22 "R"
11 -6 50 9 23 "A"
11 3 50 9 24 "A"
11 4 40 9 25 "R"
11 1 20 9 26 "V"
11 -36 20 9 27 "V"
11 -3 10 9 28 "F"
11 -12 40 9 29 "R"
11 -3 10 9 30 "F"
11 -12 50 9 31 "A"
11 2 10 9 32 "F"
11 -9 20 9 33 "V"
11 1 50 9 34 "A"
11 -6 40 9 35 "R"
11 2 10 9 36 "F"
11 -12 40 9 37 "R"
11 -9 10 9 38 "F"
11 2 10 9 39 "F"
11 2 10 9 40 "F"
11 -9 10 9 41 "F"
11 -6 50 9 42 "A"
11 -9 20 9 43 "V"
11 -9 20 9 44 "V"
11 -12 50 9 45 "A"
11 2 10 9 46 "F"
11 3 50 9 47 "A"
11 4 10 9 48 "F"
11 1 20 9 49 "V"
11 1 50 9 50 "A"
11 -12 50 9 51 "A"
11 -3 10 9 52 "F"
11 2 40 9 53 "R"
11 -3 10 9 54 "F"
11 -3 10 9 55 "F"
11 1 20 9 56 "V"
11 -9 10 9 57 "F"
11 2 10 9 58 "F"
11 -9 20 9 59 "V"
11 80 20 9 60 "V"
11 -9 20 9 61 "V"
11 3 20 9 62 "V"
11 4 10 9 63 "F"
11 1 20 9 64 "V"
11 2 10 9 65 "F"
11 2 40 9 66 "R"
11 1 50 9 67 "A"
11 -6 50 9 68 "A"
11 -3 20 9 69 "V"
11 1 50 9 70 "A"
11 -6 50 9 71 "A"
11 1 20 9 72 "V"
11 -12 50 9 73 "A"
11 4 10 9 74 "F"
11 -36 20 9 75 "V"
11 -12 50 9 76 "A"
11 -15 50 9 77 "A"
11 -3 20 9 78 "V"
11 1 20 9 79 "V"
11 2 10 9 80 "F"
11 -9 20 9 81 "V"
11 -3 10 9 82 "F"
11 1 20 9 83 "V"
11 -3 20 9 84 "V"
11 -9 10 9 85 "F"
11 1 20 9 86 "V"
11 -36 20 9 87 "V"
11 2 10 9 88 "F"
11 -6 40 9 89 "R"
11 2 10 9 90 "F"
11 -3 10 9 91 "F"
11 -3 10 9 92 "F"
11 -9 10 9 93 "F"
11 -3 10 9 94 "F"
11 5 10 9 95 "F"
11 -9 20 9 96 "V"
11 -3 20 9 97 "V"
11 1 20 9 98 "V"
11 4 10 9 99 "F"
11 -3 20 9 100 "V"
11 4 10 9 101 "F"
11 2 10 9 102 "F"
11 1 20 9 103 "V"
11 2 10 9 104 "F"
11 5 10 9 105 "F"
11 -3 10 9 106 "F"
11 4 10 9 107 "F"
11 4 10 10 1 "F"
11 -3 20 10 2 "V"
11 -9 10 10 3 "F"
11 -9 10 10 4 "F"
11 4 10 10 5 "F"
11 1 20 10 6 "V"
11 3 20 10 7 "V"
11 -3 20 10 8 "V"
11 4 40 10 9 "R"
11 1 20 10 10 "V"
11 -9 20 10 11 "V"
11 1 50 10 12 "A"
11 3 50 10 13 "A"
11 -3 10 10 14 "F"
11 -36 20 10 15 "V"
11 2 10 10 16 "F"
11 -3 20 10 17 "V"
11 -12 40 10 18 "R"
11 -12 50 10 19 "A"
11 -3 10 10 20 "F"
11 1 50 10 21 "A"
11 1 20 10 22 "V"
11 5 10 10 23 "F"
11 1 20 10 24 "V"
11 1 50 10 25 "A"
11 2 10 10 26 "F"
11 1 50 10 27 "A"
11 -3 10 10 28 "F"
11 2 40 10 29 "R"
11 -12 50 10 30 "A"
11 3 50 10 31 "A"
11 -3 10 10 32 "F"
11 -12 40 10 33 "R"
11 1 50 10 34 "A"
11 -15 50 10 35 "A"
11 -3 10 10 36 "F"
11 4 10 10 37 "F"
11 -3 10 10 38 "F"
11 -12 50 10 39 "A"
11 -3 10 10 40 "F"
11 -6 50 10 41 "A"
11 2 10 10 42 "F"
11 3 50 10 43 "A"
11 -3 10 10 44 "F"
11 -15 40 10 45 "R"
11 2 10 10 46 "F"
11 -15 50 10 47 "A"
11 -6 50 10 48 "A"
11 -9 10 10 49 "F"
11 -3 10 10 50 "F"
11 -12 50 10 51 "A"
11 2 10 10 52 "F"
11 4 40 10 53 "R"
11 3 20 10 54 "V"
11 -6 50 10 55 "A"
11 -6 50 10 56 "A"
11 -9 10 10 57 "F"
11 1 50 10 58 "A"
11 3 20 10 59 "V"
11 2 10 10 60 "F"
11 -3 10 10 61 "F"
11 1 50 10 62 "A"
11 4 10 10 63 "F"
11 -36 10 10 64 "F"
11 -12 50 10 65 "A"
11 -6 50 10 66 "A"
11 -6 40 10 67 "R"
11 -3 10 10 68 "F"
11 -3 20 10 69 "V"
11 -3 10 10 70 "F"
11 -36 10 10 71 "F"
11 -3 10 10 72 "F"
11 -9 10 10 73 "F"
11 -6 50 10 74 "A"
11 -9 10 10 75 "F"
11 -6 50 10 76 "A"
11 -12 50 10 77 "A"
11 -3 10 10 78 "F"
11 12 50 10 79 "A"
11 -9 20 10 80 "V"
11 4 10 10 81 "F"
11 4 10 10 82 "F"
11 -3 10 10 83 "F"
11 2 10 10 84 "F"
11 -6 50 10 85 "A"
11 2 10 10 86 "F"
11 -9 10 10 87 "F"
11 1 50 10 88 "A"
11 -9 10 10 89 "F"
11 1 20 10 90 "V"
11 -12 50 10 91 "A"
11 2 10 10 92 "F"
11 4 10 10 93 "F"
11 2 10 10 94 "F"
11 -3 10 10 95 "F"
11 -12 50 10 96 "A"
11 1 50 10 97 "A"
11 2 10 10 98 "F"
11 1 20 10 99 "V"
11 -6 50 10 100 "A"
11 2 10 10 101 "F"
11 4 10 10 102 "F"
11 4 10 10 103 "F"
11 -3 10 10 104 "F"
11 2 10 10 105 "F"
11 -6 50 10 106 "A"
11 4 10 10 107 "F"
11 -6 50 10 108 "A"
11 2 10 10 109 "F"
11 -3 10 10 110 "F"
11 -9 20 10 111 "V"
11 3 50 10 112 "A"
11 4 10 10 113 "F"
11 2 10 10 114 "F"
11 2 10 10 115 "F"
11 -3 10 10 116 "F"
11 1 50 10 117 "A"
11 2 10 10 118 "F"
11 -9 10 10 119 "F"
11 1 50 10 120 "A"
11 12 50 10 121 "A"
11 2 10 10 122 "F"
11 -3 10 10 123 "F"
11 1 20 10 124 "V"
11 1 50 10 125 "A"
11 2 10 10 126 "F"
11 -9 10 10 127 "F"
11 1 50 10 128 "A"
11 -12 50 10 129 "A"
11 2 10 10 130 "F"
11 -12 50 10 131 "A"
11 -6 50 11 1 "A"
11 1 50 11 2 "A"
11 -12 50 11 3 "A"
11 -3 10 11 4 "F"
11 -12 50 11 5 "A"
11 -3 10 11 6 "F"
11 -3 10 11 7 "F"
11 2 10 11 8 "F"
11 -9 10 11 9 "F"
11 -240 10 11 10 "F"
11 4 10 11 11 "F"
11 -3 10 11 12 "F"
11 12 50 11 13 "A"
11 2 10 11 14 "F"
11 -9 10 11 15 "F"
11 -6 50 11 16 "A"
11 -9 10 11 17 "F"
11 2 10 11 18 "F"
11 -15 40 11 19 "R"
11 -3 10 11 20 "F"
11 4 10 11 21 "F"
11 -3 10 11 22 "F"
11 12 20 11 23 "V"
11 2 10 11 24 "F"
11 -12 50 11 25 "A"
11 2 10 11 26 "F"
11 -6 50 11 27 "A"
11 1 50 11 28 "A"
11 -9 10 11 29 "F"
11 -3 10 11 30 "F"
11 3 50 11 31 "A"
11 4 10 11 32 "F"
11 -6 50 11 33 "A"
11 -3 10 11 34 "F"
11 -12 50 11 35 "A"
11 2 10 11 36 "F"
11 3 50 11 37 "A"
11 -6 50 11 38 "A"
11 -36 10 11 39 "F"
11 1 50 11 40 "A"
11 -9 10 11 41 "F"
11 1 50 11 42 "A"
11 2 10 11 43 "F"
11 -3 10 11 44 "F"
11 3 50 11 45 "A"
11 2 10 11 46 "F"
11 2 10 11 47 "F"
11 3 50 11 48 "A"
11 -36 10 11 49 "F"
11 -9 10 11 50 "F"
11 4 10 11 51 "F"
11 2 10 11 52 "F"
11 -36 10 11 53 "F"
11 -6 50 11 54 "A"
11 -3 10 11 55 "F"
11 1 50 11 56 "A"
11 2 10 11 57 "F"
11 2 10 11 58 "F"
11 4 40 11 59 "R"
11 2 10 11 60 "F"
11 -3 10 11 61 "F"
11 1 50 11 62 "A"
11 3 50 11 63 "A"
11 -3 10 11 64 "F"
11 -3 10 11 65 "F"
11 2 10 11 66 "F"
11 3 50 11 67 "A"
11 -3 10 11 68 "F"
11 12 50 11 69 "A"
11 4 10 11 70 "F"
11 -6 50 11 71 "A"
11 -3 20 11 72 "V"
11 -3 10 11 73 "F"
11 1 50 11 74 "A"
11 5 40 11 75 "R"
11 -6 50 11 76 "A"
11 -9 10 11 77 "F"
11 1 50 11 78 "A"
11 -9 10 11 79 "F"
11 -3 10 11 80 "F"
11 -6 50 11 81 "A"
11 -9 10 11 82 "F"
11 4 10 11 83 "F"
11 -3 10 11 84 "F"
11 2 10 11 85 "F"
11 -6 40 11 86 "R"
11 2 10 11 87 "F"
11 -36 10 11 88 "F"
11 -6 50 11 89 "A"
11 4 10 11 90 "F"
11 4 10 11 91 "F"
11 1 50 11 92 "A"
11 3 50 11 93 "A"
11 2 10 11 94 "F"
11 -12 50 11 95 "A"
11 2 10 11 96 "F"
11 -3 10 11 97 "F"
11 2 10 11 98 "F"
11 -3 10 11 99 "F"
11 1 50 11 100 "A"
11 4 10 11 101 "F"
11 2 40 11 102 "R"
11 12 20 11 103 "V"
11 1 50 11 104 "A"
11 5 10 11 105 "F"
11 -3 10 11 106 "F"
11 1 50 12 1 "A"
11 -3 10 12 2 "F"
11 -12 50 12 3 "A"
11 4 10 12 4 "F"
11 -3 20 12 5 "V"
11 1 20 12 6 "V"
11 -12 50 12 7 "A"
11 2 10 12 8 "F"
11 -12 50 12 9 "A"
11 2 10 12 10 "F"
11 -36 10 12 11 "F"
11 -6 50 12 12 "A"
11 -12 50 12 13 "A"
11 4 10 12 14 "F"
11 -6 50 12 15 "A"
11 2 40 12 16 "R"
11 3 50 12 17 "A"
11 2 10 12 18 "F"
11 3 50 12 19 "A"
11 -12 50 12 20 "A"
11 -9 10 12 21 "F"
11 1 50 12 22 "A"
11 -12 50 12 23 "A"
11 -9 10 12 24 "F"
11 4 10 12 25 "F"
11 1 50 12 26 "A"
11 -3 10 12 27 "F"
11 -6 50 12 28 "A"
11 -9 10 12 29 "F"
11 -6 50 12 30 "A"
11 -3 10 12 31 "F"
11 -3 10 12 32 "F"
11 -6 50 12 33 "A"
11 4 40 12 34 "R"
11 -3 10 12 35 "F"
11 -6 50 12 36 "A"
11 -9 10 12 37 "F"
11 4 10 12 38 "F"
11 12 50 12 39 "A"
11 -6 50 12 40 "A"
11 -3 10 12 41 "F"
11 2 10 12 42 "F"
11 -12 40 12 43 "R"
11 -3 10 12 44 "F"
11 3 50 12 45 "A"
11 -6 50 12 46 "A"
11 2 10 12 47 "F"
11 -6 50 12 48 "A"
11 -9 10 12 49 "F"
11 1 50 12 50 "A"
11 -9 10 12 51 "F"
11 -3 10 12 52 "F"
11 2 40 12 53 "R"
11 -6 50 12 54 "A"
11 4 10 12 55 "F"
11 1 50 12 56 "A"
11 4 10 12 57 "F"
11 1 50 12 58 "A"
11 3 20 12 59 "V"
11 -6 50 12 60 "A"
11 -15 50 12 61 "A"
11 2 10 12 62 "F"
11 -6 50 12 63 "A"
11 2 10 12 64 "F"
11 -12 50 12 65 "A"
11 -3 10 12 66 "F"
11 -15 50 12 67 "A"
11 -3 10 12 68 "F"
11 2 40 12 69 "R"
11 -3 10 12 70 "F"
11 3 50 12 71 "A"
11 3 50 12 72 "A"
11 -36 10 12 73 "F"
11 -6 50 12 74 "A"
11 2 10 12 75 "F"
11 -12 50 12 76 "A"
11 -3 10 12 77 "F"
11 -6 50 12 78 "A"
11 -3 10 12 79 "F"
11 1 20 12 80 "V"
11 3 50 12 81 "A"
11 -3 10 12 82 "F"
11 3 50 12 83 "A"
11 -3 10 12 84 "F"
11 -36 10 12 85 "F"
11 -6 50 12 86 "A"
11 -6 50 12 87 "A"
11 -3 10 12 88 "F"
11 -12 50 12 89 "A"
11 2 10 12 90 "F"
11 12 50 12 91 "A"
11 2 10 12 92 "F"
11 -9 10 12 93 "F"
11 -12 50 12 94 "A"
11 2 10 12 95 "F"
11 -12 50 12 96 "A"
11 4 10 12 97 "F"
11 1 50 12 98 "A"
11 -15 50 12 99 "A"
11 -3 10 12 100 "F"
11 1 20 12 101 "V"
11 -6 50 12 102 "A"
11 -36 10 12 103 "F"
11 2 10 12 104 "F"
11 -9 20 12 105 "V"
11 1 50 12 106 "A"
11 4 10 12 107 "F"
11 -6 40 12 108 "R"
11 -3 10 12 109 "F"
11 -6 50 12 110 "A"
11 1 50 12 111 "A"
11 -3 10 12 112 "F"
11 -36 10 12 113 "F"
11 2 10 12 114 "F"
11 -9 10 12 115 "F"
11 -9 10 12 116 "F"
11 -36 10 12 117 "F"
11 -12 50 12 118 "A"
11 -9 10 12 119 "F"
11 1 50 12 120 "A"
11 -9 10 12 121 "F"
11 -3 10 12 122 "F"
11 -9 10 12 123 "F"
11 -3 10 12 124 "F"
11 -9 10 12 125 "F"
11 2 10 12 126 "F"
11 1 50 12 127 "A"
11 2 10 12 128 "F"
11 -12 50 12 129 "A"
11 2 10 12 130 "F"
11 3 50 12 131 "A"
11 2 10 12 132 "F"
11 -9 10 12 133 "F"
11 2 10 12 134 "F"
11 4 40 12 135 "R"
11 -3 10 12 136 "F"
11 -6 50 12 137 "A"
11 2 40 12 138 "R"
11 -3 10 12 139 "F"
11 -3 10 12 140 "F"
11 -36 10 12 141 "F"
11 2 10 12 142 "F"
11 -9 10 12 143 "F"
11 -3 10 12 144 "F"
11 -12 50 12 145 "A"
11 1 20 13 1 "V"
11 2 10 13 2 "F"
11 4 10 13 3 "F"
11 -6 40 13 4 "R"
11 -12 40 13 5 "R"
11 2 10 13 6 "F"
11 2 10 13 7 "F"
11 -3 10 13 8 "F"
11 -12 40 13 9 "R"
11 2 40 13 10 "R"
11 2 10 13 11 "F"
11 2 10 13 12 "F"
11 1 50 13 13 "A"
11 -3 10 13 14 "F"
11 -6 40 13 15 "R"
11 -6 50 13 16 "A"
11 -9 20 13 17 "V"
11 -3 10 13 18 "F"
11 -12 40 13 19 "R"
11 2 10 13 20 "F"
11 3 50 13 21 "A"
11 -9 10 13 22 "F"
11 -12 50 13 23 "A"
11 2 10 13 24 "F"
11 2 10 13 25 "F"
11 -12 40 13 26 "R"
11 1 50 13 27 "A"
11 -3 20 13 28 "V"
11 -36 10 13 29 "F"
11 4 10 13 30 "F"
11 -3 10 13 31 "F"
11 2 10 13 32 "F"
11 12 50 13 33 "A"
11 -9 10 13 34 "F"
11 -15 50 13 35 "A"
11 -3 10 13 36 "F"
11 3 50 13 37 "A"
11 1 20 13 38 "V"
11 -9 10 13 39 "F"
11 2 40 13 40 "R"
11 5 10 13 41 "F"
11 4 40 13 42 "R"
11 -9 10 13 43 "F"
11 2 10 13 44 "F"
11 -12 50 13 45 "A"
11 1 20 13 46 "V"
11 -36 10 13 47 "F"
11 2 10 13 48 "F"
11 4 10 13 49 "F"
11 2 40 13 50 "R"
11 -3 10 13 51 "F"
11 2 10 13 52 "F"
11 4 40 13 53 "R"
11 -6 50 13 54 "A"
11 5 10 13 55 "F"
11 -3 10 13 56 "F"
11 -12 50 13 57 "A"
11 2 10 13 58 "F"
11 4 40 13 59 "R"
11 -9 10 13 60 "F"
11 -6 40 13 61 "R"
11 -3 10 13 62 "F"
11 5 40 13 63 "R"
11 2 10 13 64 "F"
11 4 10 13 65 "F"
11 -3 20 13 66 "V"
11 1 50 13 67 "A"
11 2 10 13 68 "F"
11 -6 50 13 69 "A"
11 -3 10 13 70 "F"
11 2 10 13 71 "F"
11 -3 10 13 72 "F"
11 -12 40 13 73 "R"
11 4 10 13 74 "F"
11 12 50 13 75 "A"
11 2 10 13 76 "F"
11 -12 50 13 77 "A"
11 -3 10 13 78 "F"
11 4 40 13 79 "R"
11 -9 10 13 80 "F"
11 3 50 13 81 "A"
11 2 10 13 82 "F"
11 -6 40 13 83 "R"
11 -3 20 13 84 "V"
11 4 10 13 85 "F"
11 -3 10 13 86 "F"
11 4 10 13 87 "F"
11 -6 40 13 88 "R"
11 4 10 13 89 "F"
11 2 10 13 90 "F"
11 -12 50 13 91 "A"
11 -3 10 13 92 "F"
11 5 40 13 93 "R"
11 -3 10 13 94 "F"
11 -9 10 13 95 "F"
11 4 10 13 96 "F"
11 4 10 13 97 "F"
11 4 10 13 98 "F"
11 2 40 13 99 "R"
11 2 10 13 100 "F"
11 1 50 13 101 "A"
11 4 10 13 102 "F"
11 12 50 13 103 "A"
11 -12 40 13 104 "R"
11 5 10 13 105 "F"
11 -3 10 13 106 "F"
11 -6 50 13 107 "A"
11 -6 50 13 108 "A"
11 4 10 13 109 "F"
11 -3 10 13 110 "F"
11 2 40 13 111 "R"
11 -3 10 13 112 "F"
11 2 10 13 113 "F"
11 2 10 13 114 "F"
11 -3 10 13 115 "F"
11 -3 10 13 116 "F"
11 -15 40 13 117 "R"
11 2 10 13 118 "F"
11 -3 10 13 119 "F"
11 4 10 13 120 "F"
11 -6 40 13 121 "R"
11 -3 10 13 122 "F"
11 -15 50 13 123 "A"
11 2 10 13 124 "F"
11 -12 50 13 125 "A"
11 -3 10 13 126 "F"
11 -3 10 13 127 "F"
11 2 10 13 128 "F"
11 -12 50 13 129 "A"
11 -9 10 13 130 "F"
11 4 10 13 131 "F"
11 2 10 13 132 "F"
11 -12 50 13 133 "A"
11 -3 10 13 134 "F"
11 -9 10 13 135 "F"
11 4 10 13 136 "F"
11 -9 10 13 137 "F"
11 2 40 13 138 "R"
11 4 10 13 139 "F"
11 -12 40 14 1 "R"
11 2 40 14 2 "R"
11 -9 10 14 3 "F"
11 -3 10 14 4 "F"
11 -12 40 14 5 "R"
11 -6 40 14 6 "R"
11 -12 50 14 7 "A"
11 -3 10 14 8 "F"
11 -36 10 14 9 "F"
11 -6 50 14 10 "A"
11 2 10 14 11 "F"
11 1 50 14 12 "A"
11 4 40 14 13 "R"
11 -3 10 14 14 "F"
11 4 10 14 15 "F"
11 1 50 14 16 "A"
11 3 50 14 17 "A"
11 1 50 14 18 "A"
11 -15 50 14 19 "A"
11 -6 50 14 20 "A"
11 -9 10 14 21 "F"
11 -6 40 14 22 "R"
11 2 10 14 23 "F"
11 2 10 14 24 "F"
11 4 10 14 25 "F"
11 -9 10 14 26 "F"
11 -12 40 14 27 "R"
11 -3 10 14 28 "F"
11 3 50 14 29 "A"
11 -3 10 14 30 "F"
11 -12 50 14 31 "A"
11 -15 50 14 32 "A"
11 5 10 14 33 "F"
11 -6 50 14 34 "A"
11 2 10 14 35 "F"
11 -3 10 14 36 "F"
11 2 10 14 37 "F"
11 3 50 14 38 "A"
11 2 10 14 39 "F"
11 2 10 14 40 "F"
11 -6 40 14 41 "R"
11 -6 40 14 42 "R"
11 -6 40 14 43 "R"
11 2 10 14 44 "F"
11 -6 50 14 45 "A"
11 -3 10 14 46 "F"
11 -12 50 14 47 "A"
11 -12 50 14 48 "A"
11 -3 10 14 49 "F"
11 -6 50 14 50 "A"
11 4 10 14 51 "F"
11 2 10 14 52 "F"
11 5 10 14 53 "F"
11 -6 50 14 54 "A"
11 -9 10 14 55 "F"
11 2 10 14 56 "F"
11 -12 50 14 57 "A"
11 2 10 14 58 "F"
11 -6 50 14 59 "A"
11 2 10 14 60 "F"
11 -9 10 14 61 "F"
11 2 40 14 62 "R"
11 3 50 14 63 "A"
11 -3 10 14 64 "F"
11 3 50 14 65 "A"
11 1 50 14 66 "A"
11 -9 10 14 67 "F"
11 1 50 14 68 "A"
11 4 10 14 69 "F"
11 -3 10 14 70 "F"
11 2 10 14 71 "F"
11 -6 50 14 72 "A"
11 -9 10 14 73 "F"
11 -6 50 14 74 "A"
11 -15 40 14 75 "R"
11 2 10 14 76 "F"
11 -12 50 14 77 "A"
11 2 10 14 78 "F"
11 -12 50 14 79 "A"
11 2 10 14 80 "F"
11 -9 10 14 81 "F"
11 -6 40 14 82 "R"
11 3 50 14 83 "A"
11 2 10 14 84 "F"
11 3 50 14 85 "A"
11 -6 50 14 86 "A"
11 -9 10 14 87 "F"
11 1 50 14 88 "A"
11 -6 40 14 89 "R"
11 -3 10 14 90 "F"
11 -9 10 14 91 "F"
11 -3 10 14 92 "F"
11 5 10 14 93 "F"
11 2 10 14 94 "F"
11 -9 10 14 95 "F"
11 -6 50 14 96 "A"
11 5 10 14 97 "F"
11 -6 50 14 98 "A"
11 -6 50 14 99 "A"
11 -3 10 14 100 "F"
11 -15 40 14 101 "R"
11 -3 10 14 102 "F"
11 -9 10 14 103 "F"
11 4 10 14 104 "F"
11 2 10 14 105 "F"
11 4 10 14 106 "F"
11 2 40 14 107 "R"
11 -6 50 14 108 "A"
11 2 10 14 109 "F"
11 -3 10 14 110 "F"
11 -9 10 14 111 "F"
11 -3 10 14 112 "F"
11 3 50 14 113 "A"
11 -9 10 14 114 "F"
11 -3 10 14 115 "F"
11 1 50 14 116 "A"
11 2 10 14 117 "F"
11 1 50 14 118 "A"
11 -6 50 14 119 "A"
11 -3 10 14 120 "F"
11 -12 50 14 121 "A"
11 -9 10 14 122 "F"
11 12 50 14 123 "A"
11 1 50 14 124 "A"
11 -36 10 14 125 "F"
11 3 50 14 126 "A"
11 4 10 14 127 "F"
11 3 50 14 128 "A"
11 -3 10 14 129 "F"
11 -3 10 14 130 "F"
11 -9 10 14 131 "F"
11 -6 40 14 132 "R"
11 -12 50 14 133 "A"
11 1 50 14 134 "A"
11 -3 10 14 135 "F"
11 2 10 14 136 "F"
11 3 50 14 137 "A"
11 -3 10 14 138 "F"
11 -9 10 14 139 "F"
11 -6 40 14 140 "R"
11 -6 50 14 141 "A"
11 2 10 14 142 "F"
11 2 10 14 143 "F"
11 2 10 14 144 "F"
11 -3 10 14 145 "F"
11 -9 10 14 146 "F"
11 4 10 14 147 "F"
11 2 10 14 148 "F"
11 4 40 14 149 "R"
11 -9 10 15 1 "F"
11 2 40 15 2 "R"
11 -3 10 15 3 "F"
11 -9 10 15 4 "F"
11 -3 10 15 5 "F"
11 -3 10 15 6 "F"
11 -15 50 15 7 "A"
11 2 40 15 8 "R"
11 3 50 15 9 "A"
11 1 50 15 10 "A"
11 -12 50 15 11 "A"
11 4 10 15 12 "F"
11 4 10 15 13 "F"
11 1 50 15 14 "A"
11 2 10 15 15 "F"
11 3 50 15 16 "A"
11 -9 10 15 17 "F"
11 -3 10 15 18 "F"
11 12 50 15 19 "A"
11 -12 50 15 20 "A"
11 2 10 15 21 "F"
11 2 40 15 22 "R"
11 -3 10 15 23 "F"
11 4 10 15 24 "F"
11 4 10 15 25 "F"
11 2 10 15 26 "F"
11 -36 10 15 27 "F"
11 -3 10 15 28 "F"
11 -12 50 15 29 "A"
11 -3 10 15 30 "F"
11 -9 10 15 31 "F"
11 2 40 15 32 "R"
11 -9 10 15 33 "F"
11 1 50 15 34 "A"
11 -3 10 15 35 "F"
11 2 10 15 36 "F"
11 -9 10 15 37 "F"
11 -12 50 15 38 "A"
11 2 10 15 39 "F"
11 1 50 15 40 "A"
11 -9 10 15 41 "F"
11 -3 10 15 42 "F"
11 -12 40 15 43 "R"
11 -12 50 15 44 "A"
11 -9 10 15 45 "F"
11 2 10 15 46 "F"
11 3 50 15 47 "A"
11 3 50 15 48 "A"
11 2 10 15 49 "F"
11 2 10 15 50 "F"
11 -12 50 15 51 "A"
11 -3 10 15 52 "F"
11 1 50 15 53 "A"
11 -3 10 15 54 "F"
11 -6 50 15 55 "A"
11 2 40 15 56 "R"
11 -9 10 15 57 "F"
11 2 10 15 58 "F"
11 -9 10 15 59 "F"
11 1 50 15 60 "A"
11 -12 50 15 61 "A"
11 4 10 15 62 "F"
11 3 50 15 63 "A"
11 2 10 15 64 "F"
11 1 50 15 65 "A"
11 2 10 15 66 "F"
11 1 50 15 67 "A"
11 -6 50 15 68 "A"
11 -3 10 15 69 "F"
11 1 50 15 70 "A"
11 -6 50 15 71 "A"
11 2 10 15 72 "F"
11 -12 50 15 73 "A"
11 4 10 15 74 "F"
11 -36 10 15 75 "F"
11 -9 10 15 76 "F"
11 -36 10 15 77 "F"
11 -6 50 15 78 "A"
11 2 10 15 79 "F"
11 1 50 15 80 "A"
11 -12 50 15 81 "A"
11 -3 10 15 82 "F"
11 1 50 15 83 "A"
11 -3 10 15 84 "F"
11 -12 50 15 85 "A"
11 1 50 15 86 "A"
11 -36 10 15 87 "F"
11 2 10 15 88 "F"
11 -3 10 15 89 "F"
11 2 10 15 90 "F"
11 -6 50 15 91 "A"
11 -6 50 15 92 "A"
11 -9 10 15 93 "F"
11 -6 50 15 94 "A"
11 5 10 15 95 "F"
11 -9 10 15 96 "F"
11 -6 50 15 97 "A"
11 2 10 15 98 "F"
11 3 50 15 99 "A"
11 -3 10 15 100 "F"
11 4 10 15 101 "F"
11 2 10 15 102 "F"
11 2 10 15 103 "F"
11 2 10 15 104 "F"
11 12 50 15 105 "A"
11 -3 10 15 106 "F"
11 3 50 15 107 "A"
11 -3 10 15 108 "F"
11 3 50 15 109 "A"
11 -3 10 15 110 "F"
11 -6 50 15 111 "A"
11 -3 10 15 112 "F"
11 5 40 15 113 "R"
11 2 10 15 114 "F"
11 -15 50 15 115 "A"
11 2 10 15 116 "F"
11 3 50 15 117 "A"
11 -3 10 15 118 "F"
11 4 10 15 119 "F"
11 -6 50 15 120 "A"
11 2 10 15 121 "F"
11 2 10 15 122 "F"
11 -6 50 15 123 "A"
11 -3 10 15 124 "F"
11 -9 10 15 125 "F"
11 -6 40 15 126 "R"
11 -36 10 15 127 "F"
11 -6 50 15 128 "A"
11 -3 10 15 129 "F"
11 -6 50 15 130 "A"
11 -9 10 15 131 "F"
11 -3 10 15 132 "F"
11 -12 50 15 133 "A"
11 -3 10 15 134 "F"
11 -9 10 16 1 "F"
11 1 50 16 2 "A"
11 -9 10 16 3 "F"
11 -6 50 16 4 "A"
11 -9 10 16 5 "F"
11 -3 10 16 6 "F"
11 -12 50 16 7 "A"
11 -6 50 16 8 "A"
11 -15 50 16 9 "A"
11 -3 10 16 10 "F"
11 1 50 16 11 "A"
11 1 50 16 12 "A"
11 4 10 16 13 "F"
11 -6 40 16 14 "R"
11 3 50 16 15 "A"
11 2 10 16 16 "F"
11 3 50 16 17 "A"
11 2 10 16 18 "F"
11 -15 40 16 19 "R"
11 -3 10 16 20 "F"
11 -9 10 16 21 "F"
11 -3 10 16 22 "F"
11 1 50 16 23 "A"
11 2 10 16 24 "F"
11 3 50 16 25 "A"
11 -9 10 16 26 "F"
11 -12 50 16 27 "A"
11 -3 20 16 28 "V"
11 3 50 16 29 "A"
11 -3 10 16 30 "F"
11 -9 10 16 31 "F"
11 -15 50 16 32 "A"
11 5 10 16 33 "F"
11 -6 40 16 34 "R"
11 2 10 16 35 "F"
11 -6 40 16 36 "R"
11 2 10 16 37 "F"
11 4 10 16 38 "F"
11 2 10 16 39 "F"
11 1 50 16 40 "A"
11 -3 10 16 41 "F"
11 -6 50 16 42 "A"
11 -3 10 16 43 "F"
11 2 10 16 44 "F"
11 -6 50 16 45 "A"
11 -3 10 16 46 "F"
11 -9 10 16 47 "F"
11 -9 10 16 48 "F"
11 -3 10 16 49 "F"
11 -6 40 16 50 "R"
11 4 10 16 51 "F"
11 2 10 16 52 "F"
11 5 40 16 53 "R"
11 -6 40 16 54 "R"
11 -9 10 16 55 "F"
11 2 40 16 56 "R"
11 -9 10 16 57 "F"
11 2 10 16 58 "F"
11 -6 40 16 59 "R"
11 -240 10 16 60 "F"
11 -12 50 16 61 "A"
11 2 10 16 62 "F"
11 4 10 16 63 "F"
11 -3 10 16 64 "F"
11 3 20 16 65 "V"
11 1 50 16 66 "A"
11 -9 10 16 67 "F"
11 2 40 16 68 "R"
11 4 10 16 69 "F"
11 -6 50 16 70 "A"
11 2 10 16 71 "F"
11 -3 10 16 72 "F"
11 -9 10 16 73 "F"
11 -3 20 16 74 "V"
11 -15 50 16 75 "A"
11 2 10 16 76 "F"
11 -12 50 16 77 "A"
11 2 10 16 78 "F"
11 -9 10 16 79 "F"
11 1 50 16 80 "A"
11 -9 10 16 81 "F"
11 -6 50 16 82 "A"
11 4 10 16 83 "F"
11 2 10 16 84 "F"
11 3 50 16 85 "A"
11 -3 10 16 86 "F"
11 -9 10 16 87 "F"
11 2 10 16 88 "F"
11 -6 40 16 89 "R"
11 -3 10 16 90 "F"
11 -9 20 16 91 "V"
11 -6 40 16 92 "R"
11 5 10 16 93 "F"
11 2 10 16 94 "F"
11 -9 10 16 95 "F"
11 -6 40 16 96 "R"
11 5 10 16 97 "F"
11 -3 10 16 98 "F"
11 -6 50 16 99 "A"
11 -3 10 16 100 "F"
11 -15 50 16 101 "A"
11 -3 10 16 102 "F"
11 -9 20 16 103 "V"
11 3 50 16 104 "A"
11 -12 40 17 1 "R"
11 2 10 17 2 "F"
11 -3 10 17 3 "F"
11 -12 50 17 4 "A"
11 -3 10 17 5 "F"
11 -3 10 17 6 "F"
11 -15 40 17 7 "R"
11 2 10 17 8 "F"
11 3 20 17 9 "V"
11 80 20 17 10 "V"
11 -9 10 17 11 "F"
11 4 10 17 12 "F"
11 4 10 17 13 "F"
11 2 10 17 14 "F"
11 1 50 17 15 "A"
11 4 10 17 16 "F"
11 -9 10 17 17 "F"
11 -3 10 17 18 "F"
11 12 20 17 19 "V"
11 -9 20 17 20 "V"
11 2 10 17 21 "F"
11 2 10 17 22 "F"
11 -6 50 17 23 "A"
11 4 10 17 24 "F"
11 4 10 17 25 "F"
11 2 10 17 26 "F"
11 -15 50 17 27 "A"
11 -6 40 17 28 "R"
11 -9 10 17 29 "F"
11 -3 10 17 30 "F"
11 -12 40 17 31 "R"
11 2 10 17 32 "F"
11 -12 40 17 33 "R"
11 2 10 17 34 "F"
11 -6 50 17 35 "A"
11 2 10 17 36 "F"
11 -12 50 17 37 "A"
11 -9 10 17 38 "F"
11 2 10 17 39 "F"
11 2 10 17 40 "F"
11 -9 10 17 41 "F"
11 -6 50 17 42 "A"
11 -12 40 17 43 "R"
11 -9 10 17 44 "F"
11 -12 40 17 45 "R"
11 2 10 17 46 "F"
11 3 50 17 47 "A"
11 4 40 17 48 "R"
11 2 40 17 49 "R"
11 2 10 17 50 "F"
11 -12 50 17 51 "A"
11 -3 10 17 52 "F"
11 2 10 17 53 "F"
11 -3 10 17 54 "F"
11 -6 40 17 55 "R"
11 1 50 17 56 "A"
11 -9 10 17 57 "F"
11 2 10 17 58 "F"
11 -12 40 17 59 "R"
11 -240 10 17 60 "F"
11 -9 10 17 61 "F"
11 4 10 17 62 "F"
11 3 50 17 63 "A"
11 2 10 17 64 "F"
11 1 50 17 65 "A"
11 1 50 17 66 "A"
11 1 50 17 67 "A"
11 -3 20 17 68 "V"
11 -6 50 17 69 "A"
11 2 10 17 70 "F"
11 -6 40 17 71 "R"
11 1 50 17 72 "A"
11 -9 10 17 73 "F"
11 3 50 17 74 "A"
11 -36 10 17 75 "F"
11 -9 10 17 76 "F"
11 -15 40 17 77 "R"
11 -3 10 17 78 "F"
11 2 40 17 79 "R"
11 1 50 17 80 "A"
11 -9 10 17 81 "F"
11 -6 50 17 82 "A"
11 2 10 17 83 "F"
11 -3 10 18 1 "F"
11 2 10 18 2 "F"
11 2 10 18 3 "F"
11 -3 10 18 4 "F"
11 -9 10 18 5 "F"
11 2 10 18 6 "F"
11 -12 40 18 7 "R"
11 -6 50 18 8 "A"
11 -12 50 18 9 "A"
11 -240 10 18 10 "F"
11 -3 10 18 11 "F"
11 2 10 18 12 "F"
11 -9 10 18 13 "F"
11 -3 10 18 14 "F"
11 4 40 18 15 "R"
11 1 50 18 16 "A"
11 2 10 18 17 "F"
11 2 10 18 18 "F"
11 -12 50 18 19 "A"
11 -3 10 18 20 "F"
11 1 50 18 21 "A"
11 2 10 18 22 "F"
11 4 10 18 23 "F"
11 -9 10 18 24 "F"
11 4 10 18 25 "F"
11 2 10 18 26 "F"
11 5 10 18 27 "F"
11 -3 10 18 28 "F"
11 4 10 18 29 "F"
11 -6 40 18 30 "R"
11 -36 20 18 31 "V"
11 -6 50 18 32 "A"
11 -12 50 18 33 "A"
11 2 10 18 34 "F"
11 -12 50 18 35 "A"
11 -3 10 18 36 "F"
11 -9 10 18 37 "F"
11 -3 10 18 38 "F"
11 -3 10 18 39 "F"
11 1 50 18 40 "A"
11 -3 10 18 41 "F"
11 2 10 18 42 "F"
11 -36 10 18 43 "F"
11 3 50 18 44 "A"
11 -3 10 18 45 "F"
11 -9 10 18 46 "F"
11 1 50 18 47 "A"
11 2 10 18 48 "F"
11 -3 10 18 49 "F"
11 1 50 18 50 "A"
11 -9 10 18 51 "F"
11 2 10 18 52 "F"
11 2 40 18 53 "R"
11 1 50 18 54 "A"
11 2 10 18 55 "F"
11 2 10 18 56 "F"
11 1 50 18 57 "A"
11 4 10 18 58 "F"
11 -12 40 18 59 "R"
11 2 10 18 60 "F"
11 -9 10 18 61 "F"
11 4 10 18 62 "F"
11 -12 40 18 63 "R"
11 -3 10 18 64 "F"
11 2 10 18 65 "F"
11 2 40 18 66 "R"
11 -3 10 18 67 "F"
11 -6 40 18 68 "R"
11 -6 50 18 69 "A"
11 2 10 18 70 "F"
11 5 40 18 71 "R"
11 4 10 18 72 "F"
11 -12 40 18 73 "R"
11 -6 40 18 74 "R"
11 5 10 18 75 "F"
11 -3 10 18 76 "F"
11 -3 10 18 77 "F"
11 -6 50 18 78 "A"
11 2 10 18 79 "F"
11 2 10 18 80 "F"
11 -6 40 18 81 "R"
11 -12 50 18 82 "A"
11 3 50 18 83 "A"
11 2 10 18 84 "F"
11 -3 10 18 85 "F"
11 -6 50 18 86 "A"
11 -36 10 18 87 "F"
11 -6 50 18 88 "A"
11 -9 10 18 89 "F"
11 -3 10 18 90 "F"
11 -12 50 18 91 "A"
11 2 10 18 92 "F"
11 2 40 18 93 "R"
11 -12 50 18 94 "A"
11 -9 10 18 95 "F"
11 2 10 18 96 "F"
11 -12 40 18 97 "R"
11 2 40 18 98 "R"
11 4 10 18 99 "F"
11 1 50 18 100 "A"
11 12 50 18 101 "A"
11 2 10 18 102 "F"
11 1 50 18 103 "A"
11 -3 10 18 104 "F"
11 2 40 18 105 "R"
11 -3 10 18 106 "F"
11 -6 50 18 107 "A"
11 -3 10 18 108 "F"
11 4 10 18 109 "F"
11 -9 10 18 110 "F"
11 5 10 18 111 "F"
11 -12 50 18 112 "A"
11 4 10 18 113 "F"
11 -36 10 18 114 "F"
11 3 50 18 115 "A"
11 2 10 18 116 "F"
11 -6 50 18 117 "A"
11 3 50 18 118 "A"
11 4 40 19 1 "R"
11 -3 10 19 2 "F"
11 -9 20 19 3 "V"
11 -9 10 19 4 "F"
11 4 40 19 5 "R"
11 1 50 19 6 "A"
11 4 10 19 7 "F"
11 -3 10 19 8 "F"
11 4 10 19 9 "F"
11 2 10 19 10 "F"
11 -9 10 19 11 "F"
11 1 50 19 12 "A"
11 4 10 19 13 "F"
11 -3 10 19 14 "F"
11 -36 10 19 15 "F"
11 2 10 19 16 "F"
11 -3 10 19 17 "F"
11 -9 10 19 18 "F"
11 -12 50 19 19 "A"
11 -3 10 19 20 "F"
11 2 10 19 21 "F"
11 2 10 19 22 "F"
11 5 10 19 23 "F"
11 1 50 19 24 "A"
11 2 10 19 25 "F"
11 2 10 19 26 "F"
11 1 50 19 27 "A"
11 -3 10 19 28 "F"
11 2 10 19 29 "F"
11 -9 10 19 30 "F"
11 4 10 19 31 "F"
11 -3 10 19 32 "F"
11 -12 50 19 33 "A"
11 2 10 19 34 "F"
11 -15 50 19 35 "A"
11 -3 10 19 36 "F"
11 4 40 19 37 "R"
11 -3 10 19 38 "F"
11 -12 40 19 39 "R"
11 -3 10 19 40 "F"
11 -3 10 19 41 "F"
11 1 50 19 42 "A"
11 4 10 19 43 "F"
11 -3 10 19 44 "F"
11 -36 10 19 45 "F"
11 2 40 19 46 "R"
11 -36 10 19 47 "F"
11 -3 10 19 48 "F"
11 -9 10 19 49 "F"
11 -3 10 19 50 "F"
11 -9 10 19 51 "F"
11 2 10 19 52 "F"
11 4 10 19 53 "F"
11 3 50 19 54 "A"
11 -3 10 19 55 "F"
11 -3 10 19 56 "F"
11 -12 50 19 57 "A"
11 1 50 19 58 "A"
11 4 10 19 59 "F"
11 1 50 19 60 "A"
11 -3 10 19 61 "F"
11 2 10 19 62 "F"
11 4 10 19 63 "F"
11 -36 10 19 64 "F"
11 -12 50 19 65 "A"
11 -6 50 19 66 "A"
11 -3 10 19 67 "F"
11 -3 10 19 68 "F"
11 -6 50 19 69 "A"
11 -6 50 19 70 "A"
11 -36 10 19 71 "F"
11 -3 10 19 72 "F"
11 -12 50 19 73 "A"
11 -6 50 19 74 "A"
11 -9 10 19 75 "F"
11 -6 40 19 76 "R"
11 -12 50 19 77 "A"
11 -3 10 19 78 "F"
11 12 50 19 79 "A"
11 -9 10 19 80 "F"
11 4 40 19 81 "R"
11 3 50 19 82 "A"
11 -3 10 19 83 "F"
11 1 50 19 84 "A"
11 -3 10 19 85 "F"
11 2 10 19 86 "F"
11 -12 50 19 87 "A"
11 1 50 19 88 "A"
11 -9 10 19 89 "F"
11 1 50 19 90 "A"
11 -9 10 19 91 "F"
11 2 10 19 92 "F"
11 3 50 19 93 "A"
11 2 40 19 94 "R"
11 -3 10 19 95 "F"
11 -9 10 19 96 "F"
11 1 50 19 97 "A"
11 2 10 19 98 "F"
11 1 50 19 99 "A"
11 -3 10 19 100 "F"
11 1 50 19 101 "A"
11 4 10 19 102 "F"
11 3 50 19 103 "A"
11 -6 50 19 104 "A"
11 2 10 19 105 "F"
11 -3 10 19 106 "F"
11 3 20 19 107 "V"
11 -6 50 19 108 "A"
11 2 10 19 109 "F"
11 -3 10 19 110 "F"
11 -12 50 19 111 "A"
11 3 50 19 112 "A"
11 4 10 19 113 "F"
11 2 10 19 114 "F"
11 2 10 19 115 "F"
11 -6 50 19 116 "A"
11 2 10 19 117 "F"
11 1 50 19 118 "A"
11 -9 10 19 119 "F"
11 1 50 19 120 "A"
11 5 10 19 121 "F"
11 1 50 19 122 "A"
11 -6 50 19 123 "A"
11 2 10 19 124 "F"
11 2 10 19 125 "F"
11 2 10 19 126 "F"
11 -12 50 19 127 "A"
11 2 10 19 128 "F"
11 -9 10 19 129 "F"
11 2 10 19 130 "F"
11 -9 10 19 131 "F"
11 -6 50 19 132 "A"
11 4 10 19 133 "F"
11 -3 10 19 134 "F"
11 4 10 19 135 "F"
11 -3 10 19 136 "F"
11 -6 50 19 137 "A"
11 -3 10 19 138 "F"
11 1 50 19 139 "A"
11 -3 10 19 140 "F"
11 2 10 19 141 "F"
11 -3 10 20 1 "F"
11 2 10 20 2 "F"
11 -9 10 20 3 "F"
11 -6 50 20 4 "A"
11 -12 40 20 5 "R"
11 -3 10 20 6 "F"
11 -3 10 20 7 "F"
11 2 10 20 8 "F"
11 -12 50 20 9 "A"
11 -6 40 20 10 "R"
11 3 50 20 11 "A"
11 -6 50 20 12 "A"
11 12 50 20 13 "A"
11 2 40 20 14 "R"
11 -9 10 20 15 "F"
11 -6 50 20 16 "A"
11 -12 50 20 17 "A"
11 2 10 20 18 "F"
11 -15 40 20 19 "R"
11 -3 10 20 20 "F"
11 3 50 20 21 "A"
11 -3 10 20 22 "F"
11 12 50 20 23 "A"
11 1 50 20 24 "A"
11 -9 10 20 25 "F"
11 1 50 20 26 "A"
11 -6 50 20 27 "A"
11 1 50 20 28 "A"
11 -9 10 20 29 "F"
11 -6 50 20 30 "A"
11 3 50 20 31 "A"
11 4 10 20 32 "F"
11 -3 10 20 33 "F"
11 -6 40 20 34 "R"
11 -9 10 20 35 "F"
11 1 50 20 36 "A"
11 4 10 20 37 "F"
11 -3 10 20 38 "F"
11 -15 50 20 39 "A"
11 2 10 20 40 "F"
11 -9 10 20 41 "F"
11 1 50 20 42 "A"
11 2 10 20 43 "F"
11 -3 10 20 44 "F"
11 3 50 20 45 "A"
11 1 50 20 46 "A"
11 2 10 20 47 "F"
11 3 50 20 48 "A"
11 -15 50 20 49 "A"
11 -12 50 20 50 "A"
11 4 10 20 51 "F"
11 1 50 20 52 "A"
11 -36 10 20 53 "F"
11 -3 10 20 54 "F"
11 -3 10 20 55 "F"
11 2 10 20 56 "F"
11 1 50 20 57 "A"
11 2 10 20 58 "F"
11 3 50 20 59 "A"
11 2 10 20 60 "F"
11 -6 50 20 61 "A"
11 2 10 20 62 "F"
11 3 50 20 63 "A"
11 -3 10 20 64 "F"
11 -6 50 20 65 "A"
11 2 10 20 66 "F"
11 3 50 20 67 "A"
11 -3 10 20 68 "F"
11 5 40 20 69 "R"
11 3 50 20 70 "A"
11 -3 10 20 71 "F"
11 -3 10 20 72 "F"
11 -6 50 20 73 "A"
11 1 50 20 74 "A"
11 5 10 20 75 "F"
11 -3 10 20 76 "F"
11 -12 50 20 77 "A"
11 1 50 20 78 "A"
11 -9 10 20 79 "F"
11 -6 50 20 80 "A"
11 -3 10 20 81 "F"
11 -9 20 20 82 "V"
11 4 10 20 83 "F"
11 -6 40 20 84 "R"
11 2 10 20 85 "F"
11 -6 50 20 86 "A"
11 2 10 20 87 "F"
11 -36 10 20 88 "F"
11 -6 50 20 89 "A"
11 4 10 20 90 "F"
11 3 50 20 91 "A"
11 1 50 20 92 "A"
11 4 10 20 93 "F"
11 2 10 20 94 "F"
11 -12 50 20 95 "A"
11 2 10 20 96 "F"
11 -6 40 20 97 "R"
11 2 10 20 98 "F"
11 -6 50 20 99 "A"
11 2 10 20 100 "F"
11 3 50 20 101 "A"
11 2 10 20 102 "F"
11 12 50 20 103 "A"
11 2 10 20 104 "F"
11 5 40 20 105 "R"
11 -3 10 20 106 "F"
11 -6 50 20 107 "A"
11 -3 10 20 108 "F"
11 -36 20 20 109 "V"
11 1 50 20 110 "A"
11 -9 20 20 111 "V"
11 -3 10 20 112 "F"
11 -3 10 20 113 "F"
11 1 50 20 114 "A"
11 2 10 20 115 "F"
11 -3 10 20 116 "F"
11 4 10 20 117 "F"
11 2 10 20 118 "F"
11 -9 10 20 119 "F"
11 -3 10 20 120 "F"
11 -3 20 20 121 "V"
11 1 50 20 122 "A"
11 -9 10 20 123 "F"
11 1 50 20 124 "A"
11 -3 10 20 125 "F"
11 2 10 20 126 "F"
11 3 50 20 127 "A"
11 2 10 20 128 "F"
11 -12 50 20 129 "A"
11 -6 40 20 130 "R"
11 -12 50 20 131 "A"
11 1 20 20 132 "V"
11 -9 10 20 133 "F"
11 -6 50 20 134 "A"
11 -3 10 20 135 "F"
11 -3 20 20 136 "V"
11 3 50 20 137 "A"
11 1 50 21 1 "A"
11 -6 50 21 2 "A"
11 -9 10 21 3 "F"
11 4 10 21 4 "F"
11 -3 20 21 5 "V"
11 1 50 21 6 "A"
11 -12 50 21 7 "A"
11 2 10 21 8 "F"
11 -12 50 21 9 "A"
11 1 50 21 10 "A"
11 -36 10 21 11 "F"
11 -3 10 21 12 "F"
11 -9 10 21 13 "F"
11 3 50 21 14 "A"
11 -3 10 21 15 "F"
11 1 50 21 16 "A"
11 4 40 21 17 "R"
11 1 50 21 18 "A"
11 4 40 21 19 "R"
11 -12 40 21 20 "R"
11 -9 10 21 21 "F"
11 2 10 21 22 "F"
11 -12 50 21 23 "A"
11 -12 50 21 24 "A"
11 4 10 21 25 "F"
11 2 10 21 26 "F"
11 -3 10 21 27 "F"
11 -3 10 21 28 "F"
11 -12 50 21 29 "A"
11 -3 10 21 30 "F"
11 -3 10 21 31 "F"
11 -6 50 21 32 "A"
11 -3 10 21 33 "F"
11 3 50 21 34 "A"
11 -6 50 21 35 "A"
11 -6 50 21 36 "A"
11 -9 10 21 37 "F"
11 4 10 21 38 "F"
11 5 40 21 39 "R"
11 -3 10 21 40 "F"
11 -3 10 21 41 "F"
11 2 10 21 42 "F"
11 -9 10 21 43 "F"
11 -3 10 21 44 "F"
11 4 10 21 45 "F"
11 -3 10 21 46 "F"
11 2 10 21 47 "F"
11 -3 10 21 48 "F"
11 -12 50 21 49 "A"
11 2 10 21 50 "F"
11 -12 50 21 51 "A"
11 -3 10 21 52 "F"
11 1 50 21 53 "A"
11 -3 10 21 54 "F"
11 4 40 21 55 "R"
11 2 10 21 56 "F"
11 3 50 21 57 "A"
11 1 50 21 58 "A"
11 4 10 21 59 "F"
11 -3 10 21 60 "F"
11 -36 10 21 61 "F"
11 2 10 21 62 "F"
11 -6 40 21 63 "R"
11 2 10 21 64 "F"
11 -9 10 21 65 "F"
11 -6 50 21 66 "A"
11 -15 40 21 67 "R"
11 -3 10 21 68 "F"
11 2 10 21 69 "F"
11 -6 50 21 70 "A"
11 3 50 21 71 "A"
11 4 10 21 72 "F"
11 -36 10 21 73 "F"
11 -6 50 21 74 "A"
11 2 10 21 75 "F"
11 -9 10 21 76 "F"
11 -6 50 21 77 "A"
11 -3 10 21 78 "F"
11 -6 50 21 79 "A"
11 2 10 21 80 "F"
11 4 10 21 81 "F"
11 -3 10 21 82 "F"
11 4 10 21 83 "F"
11 -6 50 21 84 "A"
11 -36 10 21 85 "F"
11 -3 10 21 86 "F"
11 -6 50 21 87 "A"
11 -3 10 21 88 "F"
11 -12 50 21 89 "A"
11 1 50 21 90 "A"
11 5 10 21 91 "F"
11 2 10 21 92 "F"
11 -9 10 21 93 "F"
11 -9 10 21 94 "F"
11 1 50 21 95 "A"
11 -9 10 21 96 "F"
11 3 50 21 97 "A"
11 2 10 21 98 "F"
11 -36 10 21 99 "F"
11 -3 10 21 100 "F"
11 2 10 21 101 "F"
11 -6 40 21 102 "R"
11 -36 10 21 103 "F"
11 2 10 21 104 "F"
11 -12 50 21 105 "A"
11 2 10 21 106 "F"
11 4 10 21 107 "F"
11 -3 10 21 108 "F"
11 -6 50 21 109 "A"
11 -3 10 21 110 "F"
11 1 20 21 111 "V"
11 -3 10 21 112 "F"
11 -15 50 21 113 "A"
11 2 10 21 114 "F"
11 -12 50 21 115 "A"
11 -9 10 21 116 "F"
11 -15 50 21 117 "A"
11 -9 10 21 118 "F"
11 -12 50 21 119 "A"
11 1 50 21 120 "A"
11 -9 10 21 121 "F"
11 -6 50 21 122 "A"
11 -9 10 21 123 "F"
11 -6 50 21 124 "A"
11 -12 50 21 125 "A"
11 1 50 21 126 "A"
11 2 10 21 127 "F"
11 2 10 21 128 "F"
11 -9 10 21 129 "F"
11 2 10 21 130 "F"
11 4 40 21 131 "R"
11 2 10 21 132 "F"
11 -12 50 21 133 "A"
11 1 50 21 134 "A"
11 4 10 21 135 "F"
11 -6 50 21 136 "A"
11 -3 10 21 137 "F"
11 2 40 21 138 "R"
11 -3 10 21 139 "F"
11 -3 10 21 140 "F"
11 -36 10 21 141 "F"
11 2 10 21 142 "F"
11 -12 50 22 1 "A"
11 1 50 22 2 "A"
11 -3 10 22 3 "F"
11 -12 40 22 4 "R"
11 -3 10 22 5 "F"
11 -6 40 22 6 "R"
11 -36 10 22 7 "F"
11 2 10 22 8 "F"
11 4 10 22 9 "F"
11 80 50 22 10 "A"
11 -9 10 22 11 "F"
11 3 50 22 12 "A"
11 4 10 22 13 "F"
11 2 10 22 14 "F"
11 2 10 22 15 "F"
11 4 40 22 16 "R"
11 -9 10 22 17 "F"
11 -3 10 22 18 "F"
11 5 10 22 19 "F"
11 -9 10 22 20 "F"
11 1 50 22 21 "A"
11 2 10 22 22 "F"
11 -3 10 22 23 "F"
11 4 10 22 24 "F"
11 4 10 22 25 "F"
11 2 10 22 26 "F"
11 -15 40 22 27 "R"
11 -6 50 22 28 "A"
11 -12 50 22 29 "A"
11 -3 10 22 30 "F"
11 -12 50 22 31 "A"
11 2 10 22 32 "F"
11 -12 50 22 33 "A"
11 1 50 22 34 "A"
11 -3 10 22 35 "F"
11 2 10 22 36 "F"
11 -12 50 22 37 "A"
11 -12 50 22 38 "A"
11 2 10 22 39 "F"
11 2 10 22 40 "F"
11 -12 50 22 41 "A"
11 -3 10 22 42 "F"
11 -12 50 22 43 "A"
11 -9 10 22 44 "F"
11 -12 50 22 45 "A"
11 2 10 22 46 "F"
11 3 50 22 47 "A"
11 4 10 22 48 "F"
11 1 50 22 49 "A"
11 1 50 22 50 "A"
11 -9 10 22 51 "F"
11 -3 10 22 52 "F"
11 1 50 22 53 "A"
11 -3 10 22 54 "F"
11 -6 50 22 55 "A"
11 2 10 22 56 "F"
11 -9 10 22 57 "F"
11 2 10 22 58 "F"
11 -9 10 22 59 "F"
11 -240 10 22 60 "F"
11 -9 10 22 61 "F"
11 4 40 22 62 "R"
11 4 10 22 63 "F"
11 1 50 22 64 "A"
11 1 50 22 65 "A"
11 1 50 22 66 "A"
11 2 10 22 67 "F"
11 -6 50 22 68 "A"
11 -3 10 22 69 "F"
11 2 10 22 70 "F"
11 -6 50 22 71 "A"
11 2 10 22 72 "F"
11 -9 10 22 73 "F"
11 4 10 22 74 "F"
11 -36 10 22 75 "F"
11 -12 50 22 76 "A"
11 -15 50 22 77 "A"
11 -3 10 22 78 "F"
11 1 50 22 79 "A"
11 2 10 22 80 "F"
11 -12 50 22 81 "A"
11 -3 10 22 82 "F"
11 1 50 22 83 "A"
11 -3 10 22 84 "F"
11 -12 40 22 85 "R"
11 2 10 22 86 "F"
11 -36 10 22 87 "F"
11 2 40 22 88 "R"
11 -3 10 22 89 "F"
11 1 50 22 90 "A"
11 -3 10 22 91 "F"
11 -3 10 22 92 "F"
11 -3 10 23 1 "F"
11 1 50 23 2 "A"
11 2 10 23 3 "F"
11 -6 50 23 4 "A"
11 -9 10 23 5 "F"
11 1 50 23 6 "A"
11 -9 10 23 7 "F"
11 -3 10 23 8 "F"
11 -9 10 23 9 "F"
11 80 50 23 10 "A"
11 -3 10 23 11 "F"
11 1 50 23 12 "A"
11 -12 50 23 13 "A"
11 -6 50 23 14 "A"
11 4 10 23 15 "F"
11 1 50 23 16 "A"
11 1 50 23 17 "A"
11 1 50 23 18 "A"
11 -12 40 23 19 "R"
11 -6 50 23 20 "A"
11 2 10 23 21 "F"
11 1 50 23 22 "A"
11 4 40 23 23 "R"
11 -12 50 23 24 "A"
11 3 50 23 25 "A"
11 1 50 23 26 "A"
11 5 10 23 27 "F"
11 -3 10 23 28 "F"
11 4 10 23 29 "F"
11 -6 50 23 30 "A"
11 -15 40 23 31 "R"
11 -3 10 23 32 "F"
11 -12 50 23 33 "A"
11 1 50 23 34 "A"
11 -12 50 23 35 "A"
11 -3 10 23 36 "F"
11 -12 40 23 37 "R"
11 -3 10 23 38 "F"
11 -3 10 23 39 "F"
11 2 10 23 40 "F"
11 -3 10 23 41 "F"
11 2 10 23 42 "F"
11 -15 50 23 43 "A"
11 4 10 23 44 "F"
11 -3 20 23 45 "V"
11 -9 10 23 46 "F"
11 2 10 23 47 "F"
11 2 10 23 48 "F"
11 -6 50 23 49 "A"
11 2 10 23 50 "F"
11 -12 50 23 51 "A"
11 1 50 23 52 "A"
11 1 50 23 53 "A"
11 2 10 23 54 "F"
11 2 10 23 55 "F"
11 1 50 23 56 "A"
11 2 10 23 57 "F"
11 4 10 23 58 "F"
11 -12 50 23 59 "A"
11 2 10 23 60 "F"
11 -12 40 23 61 "R"
11 4 10 23 62 "F"
11 -12 50 23 63 "A"
11 -3 10 23 64 "F"
11 1 50 23 65 "A"
11 2 10 23 66 "F"
11 -6 50 23 67 "A"
11 -3 10 23 68 "F"
11 -6 50 23 69 "A"
11 2 10 23 70 "F"
11 5 10 23 71 "F"
11 3 50 23 72 "A"
11 -12 50 23 73 "A"
11 -3 10 23 74 "F"
11 5 40 23 75 "R"
11 -3 10 23 76 "F"
11 -3 20 23 77 "V"
11 -6 50 23 78 "A"
11 2 40 23 79 "R"
11 1 50 23 80 "A"
11 -3 10 23 81 "F"
11 -9 10 23 82 "F"
11 4 10 23 83 "F"
11 1 50 23 84 "A"
11 -3 10 23 85 "F"
11 -3 10 23 86 "F"
11 -15 50 23 87 "A"
11 -3 10 23 88 "F"
11 -9 10 23 89 "F"
11 -3 10 23 90 "F"
11 -9 10 23 91 "F"
11 2 10 23 92 "F"
11 1 50 23 93 "A"
11 -9 10 23 94 "F"
11 -12 50 23 95 "A"
11 2 10 23 96 "F"
11 -12 50 23 97 "A"
11 2 40 23 98 "R"
11 4 10 23 99 "F"
11 2 10 23 100 "F"
11 5 10 23 101 "F"
11 2 10 23 102 "F"
11 1 50 23 103 "A"
11 -3 10 23 104 "F"
11 2 10 23 105 "F"
11 -6 40 23 106 "R"
11 -6 40 23 107 "R"
11 -6 50 23 108 "A"
11 4 10 23 109 "F"
11 -12 40 23 110 "R"
11 12 50 23 111 "A"
11 -9 10 23 112 "F"
11 3 50 23 113 "A"
11 -36 10 23 114 "F"
11 4 10 23 115 "F"
11 2 10 23 116 "F"
11 -3 10 23 117 "F"
11 3 50 23 118 "A"
11 -36 10 23 119 "F"
11 1 50 23 120 "A"
11 5 10 23 121 "F"
11 1 50 23 122 "A"
11 -9 10 24 1 "F"
11 2 40 24 2 "R"
11 -12 40 24 3 "R"
11 -3 10 24 4 "F"
11 -9 10 24 5 "F"
11 -6 50 24 6 "A"
11 -12 40 24 7 "R"
11 -3 10 24 8 "F"
11 -36 10 24 9 "F"
11 -3 10 24 10 "F"
11 2 10 24 11 "F"
11 1 50 24 12 "A"
11 4 10 24 13 "F"
11 -3 10 24 14 "F"
11 4 10 24 15 "F"
11 2 40 24 16 "R"
11 4 10 24 17 "F"
11 2 10 24 18 "F"
11 -15 50 24 19 "A"
11 -3 10 24 20 "F"
11 -9 20 24 21 "V"
11 -3 10 24 22 "F"
11 2 40 24 23 "R"
11 2 40 24 24 "R"
11 4 10 24 25 "F"
11 -9 10 24 26 "F"
11 -9 20 24 27 "V"
11 -3 20 24 28 "V"
11 4 10 24 29 "F"
11 -3 10 24 30 "F"
11 -12 50 24 31 "A"
11 -36 10 24 32 "F"
11 12 20 24 33 "V"
11 -3 10 24 34 "F"
11 2 40 24 35 "R"
11 -3 10 24 36 "F"
11 2 10 24 37 "F"
11 3 50 24 38 "A"
11 2 10 24 39 "F"
11 1 50 24 40 "A"
11 -3 10 24 41 "F"
11 -6 40 24 42 "R"
11 -6 40 24 43 "R"
11 2 40 24 44 "R"
11 -6 50 24 45 "A"
11 -3 20 24 46 "V"
11 -9 10 24 47 "F"
11 -9 10 24 48 "F"
11 -3 10 24 49 "F"
11 -3 10 24 50 "F"
11 4 10 24 51 "F"
11 1 50 24 52 "A"
11 5 10 24 53 "F"
11 -3 10 24 54 "F"
11 -12 50 24 55 "A"
11 2 10 24 56 "F"
11 -12 40 24 57 "R"
11 1 50 24 58 "A"
11 -3 10 24 59 "F"
11 -240 20 24 60 "V"
11 -9 10 24 61 "F"
11 1 50 24 62 "A"
11 4 10 24 63 "F"
11 -3 10 24 64 "F"
11 4 10 24 65 "F"
11 2 40 24 66 "R"
11 -9 10 24 67 "F"
11 1 50 24 68 "A"
11 3 50 24 69 "A"
11 -6 50 24 70 "A"
11 2 10 24 71 "F"
11 -6 50 24 72 "A"
11 -12 50 24 73 "A"
11 -3 10 24 74 "F"
11 -15 50 24 75 "A"
11 2 10 24 76 "F"
11 -9 10 24 77 "F"
11 2 10 24 78 "F"
11 -12 50 24 79 "A"
11 2 10 24 80 "F"
11 -12 50 24 81 "A"
11 -3 10 24 82 "F"
11 3 50 24 83 "A"
11 2 10 24 84 "F"
11 3 50 24 85 "A"
11 -3 10 24 86 "F"
11 -12 50 24 87 "A"
11 2 10 24 88 "F"
11 -3 10 24 89 "F"
11 -6 50 24 90 "A"
11 -12 40 24 91 "R"
11 -9 10 25 1 "F"
11 1 50 25 2 "A"
11 -6 50 25 3 "A"
11 -9 10 25 4 "F"
11 -3 10 25 5 "F"
11 -6 50 25 6 "A"
11 -15 50 25 7 "A"
11 1 50 25 8 "A"
11 3 50 25 9 "A"
11 80 50 25 10 "A"
11 -9 10 25 11 "F"
11 4 10 25 12 "F"
11 3 50 25 13 "A"
11 2 10 25 14 "F"
11 2 10 25 15 "F"
11 3 50 25 16 "A"
11 -12 40 25 17 "R"
11 -3 10 25 18 "F"
11 12 50 25 19 "A"
11 -9 10 25 20 "F"
11 2 40 25 21 "R"
11 2 10 25 22 "F"
11 -6 50 25 23 "A"
11 4 10 25 24 "F"
11 4 10 25 25 "F"
11 1 50 25 26 "A"
11 -36 10 25 27 "F"
11 -6 50 25 28 "A"
11 -12 50 25 29 "A"
11 -6 50 25 30 "A"
11 -12 50 25 31 "A"
11 2 10 25 32 "F"
11 -9 10 25 33 "F"
11 1 50 25 34 "A"
11 -3 10 25 35 "F"
11 1 50 25 36 "A"
11 -9 10 25 37 "F"
11 -9 10 25 38 "F"
11 2 10 25 39 "F"
11 2 10 25 40 "F"
11 -12 50 25 41 "A"
11 -3 10 25 42 "F"
11 -12 50 25 43 "A"
11 -9 10 25 44 "F"
11 -9 10 25 45 "F"
11 2 10 25 46 "F"
11 3 50 25 47 "A"
11 4 10 25 48 "F"
11 1 50 25 49 "A"
11 2 10 25 50 "F"
11 -12 50 25 51 "A"
11 -3 10 25 52 "F"
11 2 10 25 53 "F"
11 -3 10 25 54 "F"
11 -6 50 25 55 "A"
11 2 10 25 56 "F"
11 -12 50 25 57 "A"
11 2 10 25 58 "F"
11 -12 40 25 59 "R"
11 2 10 25 60 "F"
11 -12 50 25 61 "A"
11 3 50 25 62 "A"
11 4 10 25 63 "F"
11 2 10 25 64 "F"
11 1 50 25 65 "A"
11 2 10 25 66 "F"
11 1 50 25 67 "A"
11 -6 40 25 68 "R"
11 -3 10 25 69 "F"
11 1 50 25 70 "A"
11 -3 10 25 71 "F"
11 2 10 25 72 "F"
11 -9 10 25 73 "F"
11 4 40 25 74 "R"
11 -36 10 25 75 "F"
11 -12 50 25 76 "A"
11 -15 50 25 77 "A"
11 -3 10 25 78 "F"
11 2 40 25 79 "R"
11 2 10 25 80 "F"
11 -12 50 25 81 "A"
11 -3 10 25 82 "F"
11 1 50 25 83 "A"
11 -3 10 25 84 "F"
11 -12 50 25 85 "A"
11 2 10 25 86 "F"
11 -15 50 25 87 "A"
11 2 10 25 88 "F"
11 -3 10 25 89 "F"
11 2 10 25 90 "F"
11 -6 50 25 91 "A"
11 -3 10 25 92 "F"
11 -12 40 25 93 "R"
11 -6 50 25 94 "A"
11 5 10 25 95 "F"
11 -12 40 25 96 "R"
11 -3 20 25 97 "V"
11 2 10 25 98 "F"
11 3 50 25 99 "A"
11 -3 10 25 100 "F"
11 3 50 25 101 "A"
11 2 10 25 102 "F"
11 1 50 25 103 "A"
11 2 10 25 104 "F"
11 5 10 25 105 "F"
11 -6 50 25 106 "A"
11 4 10 25 107 "F"
11 -3 10 25 108 "F"
11 3 50 25 109 "A"
11 -3 10 25 110 "F"
11 -6 50 25 111 "A"
11 -6 50 25 112 "A"
11 5 10 25 113 "F"
11 1 50 25 114 "A"
11 -36 10 25 115 "F"
11 1 50 25 116 "A"
11 4 10 25 117 "F"
11 -3 10 25 118 "F"
11 4 40 25 119 "R"
11 -3 10 25 120 "F"
11 1 50 25 121 "A"
11 1 50 25 122 "A"
11 -9 10 26 1 "F"
11 2 40 26 2 "R"
11 -12 40 26 3 "R"
11 -3 10 26 4 "F"
11 -12 50 26 5 "A"
11 -3 10 26 6 "F"
11 -12 40 26 7 "R"
11 -3 10 26 8 "F"
11 -15 50 26 9 "A"
11 -3 10 26 10 "F"
11 2 10 26 11 "F"
11 2 40 26 12 "R"
11 4 10 26 13 "F"
11 -3 10 26 14 "F"
11 4 40 26 15 "R"
11 1 50 26 16 "A"
11 3 50 26 17 "A"
11 1 50 26 18 "A"
11 -15 50 26 19 "A"
11 -3 10 26 20 "F"
11 -9 10 26 21 "F"
11 -6 40 26 22 "R"
11 2 10 26 23 "F"
11 1 50 26 24 "A"
11 4 10 26 25 "F"
11 -12 50 26 26 "A"
11 -12 50 26 27 "A"
11 -3 10 26 28 "F"
11 3 50 26 29 "A"
11 -3 10 26 30 "F"
11 -12 40 26 31 "R"
11 -36 10 26 32 "F"
11 5 10 26 33 "F"
11 -3 10 26 34 "F"
11 1 50 26 35 "A"
11 -6 50 26 36 "A"
11 2 10 26 37 "F"
11 4 10 26 38 "F"
11 2 10 26 39 "F"
11 2 10 26 40 "F"
11 -3 10 26 41 "F"
11 -3 10 26 42 "F"
11 -3 10 26 43 "F"
11 2 40 26 44 "R"
11 -3 10 26 45 "F"
11 -3 10 26 46 "F"
11 -9 10 26 47 "F"
11 -9 10 26 48 "F"
11 -3 10 26 49 "F"
11 -3 10 26 50 "F"
11 4 40 26 51 "R"
11 2 10 26 52 "F"
11 12 50 26 53 "A"
11 -3 10 26 54 "F"
11 -12 50 26 55 "A"
11 2 10 26 56 "F"
11 -12 50 26 57 "A"
11 2 10 26 58 "F"
11 -6 50 26 59 "A"
11 2 10 26 60 "F"
11 -9 10 26 61 "F"
11 1 50 26 62 "A"
11 4 10 26 63 "F"
11 -3 10 26 64 "F"
11 4 40 26 65 "R"
11 1 50 26 66 "A"
11 -12 40 26 67 "R"
11 2 40 26 68 "R"
11 4 40 26 69 "R"
11 -3 10 26 70 "F"
11 1 50 26 71 "A"
11 -6 50 26 72 "A"
11 -9 10 26 73 "F"
11 -6 50 26 74 "A"
11 -36 10 26 75 "F"
11 2 10 26 76 "F"
11 -9 10 26 77 "F"
11 1 50 26 78 "A"
11 -12 50 26 79 "A"
11 2 10 26 80 "F"
11 -12 50 26 81 "A"
11 -3 10 26 82 "F"
11 3 50 26 83 "A"
11 1 50 26 84 "A"
11 4 10 26 85 "F"
11 -3 10 26 86 "F"
11 -12 50 26 87 "A"
11 2 10 26 88 "F"
11 -6 50 26 89 "A"
11 -3 10 26 90 "F"
11 -12 50 26 91 "A"
11 -6 50 26 92 "A"
11 5 40 26 93 "R"
11 2 10 26 94 "F"
11 -12 50 26 95 "A"
11 -3 10 26 96 "F"
11 5 10 26 97 "F"
11 -3 10 26 98 "F"
11 -6 50 26 99 "A"
11 -6 50 26 100 "A"
11 -15 50 26 101 "A"
11 -3 10 26 102 "F"
11 -9 10 26 103 "F"
11 4 40 26 104 "R"
11 1 50 26 105 "A"
11 4 10 26 106 "F"
11 1 50 26 107 "A"
11 -3 10 26 108 "F"
11 1 50 26 109 "A"
11 -3 10 26 110 "F"
11 -9 10 26 111 "F"
11 -6 50 26 112 "A"
11 3 50 26 113 "A"
11 -12 50 26 114 "A"
11 -3 10 26 115 "F"
11 1 50 26 116 "A"
11 2 10 26 117 "F"
11 1 50 26 118 "A"
11 -3 10 26 119 "F"
11 -6 50 26 120 "A"
11 -3 10 27 1 "F"
11 2 40 27 2 "R"
11 2 40 27 3 "R"
11 -3 10 27 4 "F"
11 -12 50 27 5 "A"
11 1 50 27 6 "A"
11 -12 40 27 7 "R"
11 -6 50 27 8 "A"
11 -9 10 27 9 "F"
11 4 40 27 10 "R"
11 -3 10 27 11 "F"
11 2 10 27 12 "F"
11 -12 50 27 13 "A"
11 -3 10 27 14 "F"
11 3 50 27 15 "A"
11 1 20 27 16 "V"
11 2 10 27 17 "F"
11 2 10 27 18 "F"
11 -12 40 27 19 "R"
11 -6 50 27 20 "A"
11 2 10 27 21 "F"
11 2 10 27 22 "F"
11 4 10 27 23 "F"
11 -12 50 27 24 "A"
11 4 10 27 25 "F"
11 1 50 27 26 "A"
11 5 10 27 27 "F"
11 -6 50 27 28 "A"
11 4 10 27 29 "F"
11 -6 40 27 30 "R"
11 -36 10 27 31 "F"
11 -3 10 27 32 "F"
11 -9 10 27 33 "F"
11 1 50 27 34 "A"
11 -9 10 27 35 "F"
11 -3 10 27 36 "F"
11 -12 40 27 37 "R"
11 -3 10 27 38 "F"
11 -6 50 27 39 "A"
11 2 10 27 40 "F"
11 -6 50 27 41 "A"
11 2 10 27 42 "F"
11 -15 40 27 43 "R"
11 4 10 27 44 "F"
11 -6 50 27 45 "A"
11 -12 50 27 46 "A"
11 2 10 27 47 "F"
11 1 50 27 48 "A"
11 -6 50 27 49 "A"
11 2 10 27 50 "F"
11 -12 50 27 51 "A"
11 2 10 27 52 "F"
11 1 50 27 53 "A"
11 2 10 27 54 "F"
11 1 50 27 55 "A"
11 2 10 27 56 "F"
11 2 10 27 57 "F"
11 4 10 27 58 "F"
11 -9 10 27 59 "F"
11 1 50 27 60 "A"
11 -12 50 27 61 "A"
11 3 20 27 62 "V"
11 -9 10 27 63 "F"
11 -3 10 27 64 "F"
11 1 50 27 65 "A"
11 2 10 27 66 "F"
11 -3 10 27 67 "F"
11 -6 50 27 68 "A"
11 -6 50 27 69 "A"
11 2 40 27 70 "R"
11 5 10 27 71 "F"
11 3 50 27 72 "A"
11 -12 50 27 73 "A"
11 -3 10 27 74 "F"
11 12 50 27 75 "A"
11 -3 10 27 76 "F"
11 -3 10 27 77 "F"
11 -6 40 27 78 "R"
11 1 50 27 79 "A"
11 1 50 27 80 "A"
11 -3 10 27 81 "F"
11 -9 10 27 82 "F"
11 4 10 27 83 "F"
11 2 40 27 84 "R"
11 -3 10 27 85 "F"
11 -6 50 27 86 "A"
11 -36 20 27 87 "V"
11 -3 10 27 88 "F"
11 -9 10 27 89 "F"
11 -3 10 27 90 "F"
11 -12 40 27 91 "R"
11 2 40 27 92 "R"
11 2 10 27 93 "F"
11 -12 50 27 94 "A"
11 -12 50 27 95 "A"
11 1 50 27 96 "A"
11 -9 10 27 97 "F"
11 2 40 27 98 "R"
11 4 10 27 99 "F"
11 1 50 27 100 "A"
11 5 10 27 101 "F"
11 1 50 27 102 "A"
11 2 10 27 103 "F"
11 -6 50 27 104 "A"
11 2 10 27 105 "F"
11 -3 10 27 106 "F"
11 -6 40 27 107 "R"
11 -6 50 27 108 "A"
11 4 10 27 109 "F"
11 -12 50 27 110 "A"
11 12 50 27 111 "A"
11 -12 50 27 112 "A"
11 3 50 27 113 "A"
11 -36 10 27 114 "F"
11 4 40 27 115 "R"
11 2 10 27 116 "F"
11 -6 50 27 117 "A"
11 4 10 27 118 "F"
11 -15 40 27 119 "R"
11 2 10 27 120 "F"
11 5 40 27 121 "R"
11 2 10 27 122 "F"
11 -3 10 27 123 "F"
11 1 50 27 124 "A"
11 -9 10 27 125 "F"
11 -3 10 28 1 "F"
11 1 50 28 2 "A"
11 2 10 28 3 "F"
11 -3 10 28 4 "F"
11 -12 40 28 5 "R"
11 1 50 28 6 "A"
11 -9 10 28 7 "F"
11 -3 20 28 8 "V"
11 -12 50 28 9 "A"
11 -240 10 28 10 "F"
11 -3 10 28 11 "F"
11 2 40 28 12 "R"
11 -9 10 28 13 "F"
11 -6 40 28 14 "R"
11 3 50 28 15 "A"
11 2 40 28 16 "R"
11 2 10 28 17 "F"
11 2 40 28 18 "R"
11 -9 10 28 19 "F"
11 -3 10 28 20 "F"
11 2 40 28 21 "R"
11 2 10 28 22 "F"
11 4 10 28 23 "F"
11 -9 10 28 24 "F"
11 4 40 28 25 "R"
11 2 10 28 26 "F"
11 5 10 28 27 "F"
11 -6 40 28 28 "R"
11 3 50 28 29 "A"
11 -3 10 28 30 "F"
11 -36 10 28 31 "F"
11 -3 10 28 32 "F"
11 -12 50 28 33 "A"
11 2 10 28 34 "F"
11 -9 10 28 35 "F"
11 -3 10 28 36 "F"
11 -9 10 28 37 "F"
11 -3 10 28 38 "F"
11 -6 40 28 39 "R"
11 2 10 28 40 "F"
11 -6 40 28 41 "R"
11 2 10 28 42 "F"
11 -36 10 28 43 "F"
11 4 40 28 44 "R"
11 -3 10 28 45 "F"
11 -12 50 28 46 "A"
11 1 50 28 47 "A"
11 2 10 28 48 "F"
11 -6 40 28 49 "R"
11 2 10 28 50 "F"
11 -9 10 28 51 "F"
11 1 50 28 52 "A"
11 2 10 28 53 "F"
11 2 10 28 54 "F"
11 2 10 28 55 "F"
11 2 10 28 56 "F"
11 2 10 28 57 "F"
11 4 40 28 58 "R"
11 -9 10 28 59 "F"
11 2 40 28 60 "R"
11 -9 10 28 61 "F"
11 4 10 28 62 "F"
11 -9 10 28 63 "F"
11 -6 40 28 64 "R"
11 2 10 28 65 "F"
11 2 10 28 66 "F"
11 -6 50 28 67 "A"
11 -3 10 28 68 "F"
11 -6 40 28 69 "R"
11 2 40 28 70 "R"
11 5 10 28 71 "F"
11 3 50 28 72 "A"
11 -9 10 28 73 "F"
11 -3 10 28 74 "F"
11 12 50 28 75 "A"
11 -3 10 28 76 "F"
11 -6 40 28 77 "R"
11 -3 10 28 78 "F"
11 2 10 28 79 "F"
11 2 10 28 80 "F"
11 -3 10 28 81 "F"
11 -9 20 28 82 "V"
11 4 10 28 83 "F"
11 2 10 28 84 "F"
11 -6 50 28 85 "A"
11 -3 10 28 86 "F"
11 -15 40 28 87 "R"
11 -3 10 28 88 "F"
11 -12 40 28 89 "R"
11 -6 50 28 90 "A"
11 -12 40 28 91 "R"
11 1 50 28 92 "A"
11 2 10 28 93 "F"
11 -12 50 28 94 "A"
11 -9 10 28 95 "F"
11 1 50 28 96 "A"
11 -9 10 28 97 "F"
11 2 40 28 98 "R"
11 4 10 28 99 "F"
11 1 50 28 100 "A"
11 5 10 28 101 "F"
11 2 10 28 102 "F"
11 2 10 28 103 "F"
11 -3 10 28 104 "F"
11 4 40 29 1 "R"
11 -6 50 29 2 "A"
11 -9 10 29 3 "F"
11 -9 10 29 4 "F"
11 3 50 29 5 "A"
11 1 50 29 6 "A"
11 4 10 29 7 "F"
11 -6 40 29 8 "R"
11 4 10 29 9 "F"
11 -240 10 29 10 "F"
11 -9 10 29 11 "F"
11 2 40 29 12 "R"
11 4 40 29 13 "R"
11 -3 10 29 14 "F"
11 -15 50 29 15 "A"
11 2 10 29 16 "F"
11 -6 40 29 17 "R"
11 -9 10 29 18 "F"
11 -12 40 29 19 "R"
11 -3 10 29 20 "F"
11 2 10 29 21 "F"
11 2 10 29 22 "F"
11 5 10 29 23 "F"
11 2 40 29 24 "R"
11 2 10 29 25 "F"
11 1 50 29 26 "A"
11 1 50 29 27 "A"
11 -3 10 29 28 "F"
11 1 50 29 29 "A"
11 -12 50 29 30 "A"
11 4 40 29 31 "R"
11 -3 10 29 32 "F"
11 -9 10 29 33 "F"
11 1 50 29 34 "A"
11 -15 50 29 35 "A"
11 -3 10 29 36 "F"
11 4 10 29 37 "F"
11 -3 10 29 38 "F"
11 -12 40 29 39 "R"
11 -3 10 29 40 "F"
11 -3 10 29 41 "F"
11 2 10 29 42 "F"
11 4 10 29 43 "F"
11 -6 40 29 44 "R"
11 -15 50 29 45 "A"
11 1 50 29 46 "A"
11 -36 10 29 47 "F"
11 -3 10 29 48 "F"
11 -9 10 29 49 "F"
11 -3 10 29 50 "F"
11 -9 10 29 51 "F"
11 2 10 29 52 "F"
11 4 40 29 53 "R"
11 4 10 29 54 "F"
11 -6 40 29 55 "R"
11 -6 40 29 56 "R"
11 -9 10 29 57 "F"
11 2 40 29 58 "R"
11 4 10 29 59 "F"
11 1 50 29 60 "A"
11 -6 50 29 61 "A"
11 2 10 29 62 "F"
11 4 40 29 63 "R"
11 -15 50 29 64 "A"
11 -9 10 29 65 "F"
11 -6 40 29 66 "R"
11 -6 40 29 67 "R"
11 -3 10 29 68 "F"
11 -3 10 29 69 "F"
11 -3 10 29 70 "F"
11 -15 40 29 71 "R"
11 -3 10 29 72 "F"
11 -9 10 29 73 "F"
11 -3 10 29 74 "F"
11 -12 50 29 75 "A"
11 -3 10 29 76 "F"
11 -9 10 29 77 "F"
11 -6 40 29 78 "R"
11 12 50 29 79 "A"
11 -9 10 29 80 "F"
11 4 40 29 81 "R"
11 3 50 29 82 "A"
11 -3 10 29 83 "F"
11 2 10 29 84 "F"
11 -3 10 29 85 "F"
11 1 50 29 86 "A"
11 -9 20 29 87 "V"
11 1 50 29 88 "A"
11 -12 40 29 89 "R"
11 2 40 29 90 "R"
11 -9 10 29 91 "F"
11 2 10 29 92 "F"
11 -12 40 30 1 "R"
11 1 50 30 2 "A"
11 -12 40 30 3 "R"
11 -3 10 30 4 "F"
11 -9 10 30 5 "F"
11 -3 10 30 6 "F"
11 -12 40 30 7 "R"
11 -6 40 30 8 "R"
11 -36 10 30 9 "F"
11 80 20 30 10 "V"
11 2 10 30 11 "F"
11 2 10 30 12 "F"
11 4 10 30 13 "F"
11 -3 10 30 14 "F"
11 4 10 30 15 "F"
11 2 10 30 16 "F"
11 4 40 30 17 "R"
11 2 10 30 18 "F"
11 -15 50 30 19 "A"
11 -3 20 30 20 "V"
11 -12 50 30 21 "A"
11 -6 40 30 22 "R"
11 1 50 30 23 "A"
11 2 40 30 24 "R"
11 4 10 30 25 "F"
11 -9 10 30 26 "F"
11 -12 50 30 27 "A"
11 -3 20 30 28 "V"
11 3 50 30 29 "A"
11 -3 10 30 30 "F"
11 -12 50 30 31 "A"
11 -15 40 30 32 "R"
11 12 50 30 33 "A"
11 -3 10 30 34 "F"
11 1 50 30 35 "A"
11 -6 50 30 36 "A"
11 2 10 30 37 "F"
11 3 50 30 38 "A"
11 2 10 30 39 "F"
11 2 10 30 40 "F"
11 -3 10 30 41 "F"
11 -3 10 30 42 "F"
11 -6 50 30 43 "A"
11 2 10 30 44 "F"
11 -3 10 30 45 "F"
11 -6 40 30 46 "R"
11 -9 10 30 47 "F"
11 -12 40 30 48 "R"
11 -3 10 30 49 "F"
11 -6 40 30 50 "R"
11 3 20 30 51 "V"
11 2 10 30 52 "F"
11 5 10 30 53 "F"
11 -3 10 30 54 "F"
11 -12 50 30 55 "A"
11 2 10 30 56 "F"
11 -12 50 30 57 "A"
11 2 10 30 58 "F"
11 -3 10 30 59 "F"
11 -240 10 30 60 "F"
11 -9 10 30 61 "F"
11 2 10 30 62 "F"
11 3 50 30 63 "A"
11 -3 10 30 64 "F"
11 3 20 30 65 "V"
11 1 50 30 66 "A"
11 -12 50 30 67 "A"
11 2 10 30 68 "F"
11 3 50 30 69 "A"
11 -3 10 30 70 "F"
11 2 40 30 71 "R"
11 -6 50 30 72 "A"
11 -9 10 30 73 "F"
11 -6 50 30 74 "A"
11 -36 10 30 75 "F"
11 1 50 30 76 "A"
11 -12 50 30 77 "A"
11 2 10 30 78 "F"
11 -12 40 30 79 "R"
11 1 50 30 80 "A"
11 -9 10 30 81 "F"
11 -12 40 31 1 "R"
11 -6 40 31 2 "R"
11 -9 10 31 3 "F"
11 1 20 31 4 "V"
11 4 10 31 5 "F"
11 1 50 31 6 "A"
11 -9 10 31 7 "F"
11 -9 10 31 8 "F"
11 1 50 31 9 "A"
11 -240 10 31 10 "F"
11 -3 10 31 11 "F"
11 -3 10 31 12 "F"
11 -36 10 31 13 "F"
11 1 50 31 14 "A"
11 -6 50 31 15 "A"
11 -3 10 31 16 "F"
11 -6 50 31 17 "A"
11 2 10 31 18 "F"
11 4 40 31 19 "R"
11 2 40 31 20 "R"
11 4 10 31 21 "F"
11 -3 10 31 22 "F"
11 -12 50 31 23 "A"
11 -3 10 31 24 "F"
11 -3 10 31 25 "F"
11 2 10 31 26 "F"
11 -12 50 31 27 "A"
11 2 10 31 28 "F"
11 4 10 31 29 "F"
11 2 10 31 30 "F"
11 -12 50 31 31 "A"
11 -3 10 31 32 "F"
11 5 10 31 33 "F"
11 -6 50 31 34 "A"
11 4 10 31 35 "F"
11 -3 20 31 36 "V"
11 -36 10 31 37 "F"
11 2 10 31 38 "F"
11 -12 50 31 39 "A"
11 -6 50 31 40 "A"
11 -9 10 31 41 "F"
11 4 40 31 42 "R"
11 5 10 31 43 "F"
11 -6 50 31 44 "A"
11 -15 50 31 45 "A"
11 2 10 31 46 "F"
11 -12 50 31 47 "A"
11 4 10 31 48 "F"
11 2 10 31 49 "F"
11 2 10 31 50 "F"
11 4 10 31 51 "F"
11 1 50 31 52 "A"
11 -9 10 31 53 "F"
11 -3 10 31 54 "F"
11 -9 10 31 55 "F"
11 1 50 31 56 "A"
11 12 50 31 57 "A"
11 -3 10 31 58 "F"
11 -6 50 31 59 "A"
11 2 10 31 60 "F"
11 -6 50 31 61 "A"
11 2 10 31 62 "F"
11 12 50 31 63 "A"
11 -36 10 31 64 "F"
11 -15 50 31 65 "A"
11 -3 10 31 66 "F"
11 3 50 31 67 "A"
11 -3 10 31 68 "F"
11 -6 50 31 69 "A"
11 -9 10 31 70 "F"
11 4 10 31 71 "F"
11 1 50 31 72 "A"
11 2 10 31 73 "F"
11 -6 50 31 74 "A"
11 -9 10 31 75 "F"
11 -3 10 31 76 "F"
11 1 50 31 77 "A"
11 2 10 31 78 "F"
11 -12 50 31 79 "A"
11 -3 10 31 80 "F"
11 -12 40 31 81 "R"
11 -3 10 31 82 "F"
11 3 50 31 83 "A"
11 -9 10 31 84 "F"
11 -6 50 31 85 "A"
11 -3 10 31 86 "F"
11 3 50 31 87 "A"
11 -3 10 31 88 "F"
11 4 10 31 89 "F"
11 2 40 31 90 "R"
11 -6 50 31 91 "A"
11 2 10 31 92 "F"
11 3 50 31 93 "A"
11 2 10 31 94 "F"
11 3 50 31 95 "A"
11 2 10 32 1 "F"
11 2 10 32 2 "F"
11 4 40 32 3 "R"
11 -3 10 32 4 "F"
11 -12 50 32 5 "A"
11 2 40 32 6 "R"
11 2 10 32 7 "F"
11 -6 50 32 8 "A"
11 -9 10 32 9 "F"
11 80 50 32 10 "A"
11 2 10 32 11 "F"
11 2 10 32 12 "F"
11 2 40 32 13 "R"
11 -3 10 32 14 "F"
11 -6 50 32 15 "A"
11 -3 10 32 16 "F"
11 -12 50 32 17 "A"
11 -3 10 32 18 "F"
11 -9 10 32 19 "F"
11 2 10 32 20 "F"
11 3 50 32 21 "A"
11 -9 10 32 22 "F"
11 -12 50 32 23 "A"
11 1 50 32 24 "A"
11 2 10 32 25 "F"
11 -9 10 32 26 "F"
11 1 50 32 27 "A"
11 -6 50 32 28 "A"
11 -36 10 32 29 "F"
11 4 10 32 30 "F"
11 -6 50 32 31 "A"
11 2 10 32 32 "F"
11 12 20 32 33 "V"
11 -9 10 32 34 "F"
11 -15 50 32 35 "A"
11 -3 10 32 36 "F"
11 3 50 32 37 "A"
11 2 10 32 38 "F"
11 -9 10 32 39 "F"
11 2 10 32 40 "F"
11 5 10 32 41 "F"
11 4 40 32 42 "R"
11 -9 10 32 43 "F"
11 1 50 32 44 "A"
11 -12 50 32 45 "A"
11 1 50 32 46 "A"
11 -36 10 32 47 "F"
11 2 10 32 48 "F"
11 3 50 32 49 "A"
11 2 10 32 50 "F"
11 -3 10 32 51 "F"
11 2 10 32 52 "F"
11 4 10 32 53 "F"
11 -3 10 32 54 "F"
11 5 40 32 55 "R"
11 -6 50 32 56 "A"
11 -9 10 32 57 "F"
11 2 40 32 58 "R"
11 4 10 32 59 "F"
11 -12 50 32 60 "A"
11 -6 50 32 61 "A"
11 -6 50 32 62 "A"
11 5 10 32 63 "F"
11 1 50 32 64 "A"
11 4 10 32 65 "F"
11 -3 10 32 66 "F"
11 2 10 32 67 "F"
11 2 10 32 68 "F"
11 -6 50 32 69 "A"
11 -3 10 32 70 "F"
11 1 50 32 71 "A"
11 -3 10 32 72 "F"
11 -12 50 32 73 "A"
11 4 10 32 74 "F"
11 5 10 32 75 "F"
11 2 10 32 76 "F"
11 -9 10 32 77 "F"
11 -6 50 32 78 "A"
11 4 10 32 79 "F"
11 -9 10 32 80 "F"
11 3 50 32 81 "A"
11 2 10 32 82 "F"
11 -3 10 32 83 "F"
11 -3 10 32 84 "F"
11 4 10 32 85 "F"
11 -3 10 32 86 "F"
11 3 50 32 87 "A"
11 -3 10 32 88 "F"
11 4 40 32 89 "R"
11 2 10 32 90 "F"
11 -12 50 32 91 "A"
11 -3 20 32 92 "V"
11 5 40 32 93 "R"
11 -3 10 32 94 "F"
11 -9 10 32 95 "F"
11 4 10 32 96 "F"
11 3 50 32 97 "A"
11 4 10 32 98 "F"
11 1 50 32 99 "A"
11 2 10 32 100 "F"
11 1 50 32 101 "A"
11 4 10 32 102 "F"
11 5 10 32 103 "F"
11 -9 10 32 104 "F"
11 5 10 32 105 "F"
11 -3 10 32 106 "F"
11 -3 10 32 107 "F"
11 -3 10 32 108 "F"
11 3 50 32 109 "A"
11 -3 10 32 110 "F"
11 1 50 32 111 "A"
11 -12 40 33 1 "R"
11 2 10 33 2 "F"
11 -12 50 33 3 "A"
11 -6 50 33 4 "A"
11 -9 10 33 5 "F"
11 -3 20 33 6 "V"
11 -9 20 33 7 "V"
11 -3 10 33 8 "F"
11 -15 40 33 9 "R"
11 -6 50 33 10 "A"
11 2 10 33 11 "F"
11 1 50 33 12 "A"
11 3 50 33 13 "A"
11 -3 10 33 14 "F"
11 3 50 33 15 "A"
11 2 10 33 16 "F"
11 4 10 33 17 "F"
11 2 10 33 18 "F"
11 -15 50 33 19 "A"
11 -6 40 33 20 "R"
11 -9 10 33 21 "F"
11 -3 10 33 22 "F"
11 1 50 33 23 "A"
11 2 10 33 24 "F"
11 4 40 33 25 "R"
11 -9 10 33 26 "F"
11 -12 50 33 27 "A"
11 -3 10 33 28 "F"
11 3 50 33 29 "A"
11 -3 10 33 30 "F"
11 -12 50 33 31 "A"
11 -15 50 33 32 "A"
11 5 10 33 33 "F"
11 -6 40 33 34 "R"
11 2 10 33 35 "F"
11 -3 10 33 36 "F"
11 1 50 33 37 "A"
11 4 10 33 38 "F"
11 1 50 33 39 "A"
11 2 10 33 40 "F"
11 -6 50 33 41 "A"
11 -3 10 33 42 "F"
11 -6 50 33 43 "A"
11 2 40 33 44 "R"
11 -3 10 33 45 "F"
11 -6 50 33 46 "A"
11 -9 10 33 47 "F"
11 -12 50 33 48 "A"
11 -6 50 33 49 "A"
11 -3 10 33 50 "F"
11 3 20 33 51 "V"
11 1 50 33 52 "A"
11 12 50 33 53 "A"
11 -3 10 33 54 "F"
11 -9 10 33 55 "F"
11 2 40 33 56 "R"
11 -9 10 33 57 "F"
11 2 10 33 58 "F"
11 -3 10 33 59 "F"
11 1 20 33 60 "V"
11 -9 10 33 61 "F"
11 1 50 33 62 "A"
11 4 10 33 63 "F"
11 -3 10 33 64 "F"
11 3 50 33 65 "A"
11 2 40 33 66 "R"
11 -12 50 33 67 "A"
11 2 10 33 68 "F"
11 4 40 33 69 "R"
11 -3 10 33 70 "F"
11 2 40 33 71 "R"
11 -6 50 33 72 "A"
11 -9 10 33 73 "F"
11 -6 40 33 74 "R"
11 -36 10 33 75 "F"
11 2 10 33 76 "F"
11 -12 50 33 77 "A"
11 2 10 33 78 "F"
11 -12 50 33 79 "A"
11 1 50 33 80 "A"
11 -9 10 33 81 "F"
11 -6 40 33 82 "R"
11 3 50 33 83 "A"
11 2 10 33 84 "F"
11 4 40 33 85 "R"
11 -3 10 33 86 "F"
11 -12 50 33 87 "A"
11 2 10 33 88 "F"
11 -6 50 33 89 "A"
11 -3 20 33 90 "V"
11 -12 50 33 91 "A"
11 -3 10 33 92 "F"
11 5 10 33 93 "F"
11 1 50 33 94 "A"
11 -12 40 33 95 "R"
11 -3 10 33 96 "F"
11 12 50 33 97 "A"
11 -6 50 33 98 "A"
11 -3 10 33 99 "F"
11 -6 50 33 100 "A"
11 -15 50 33 101 "A"
11 -3 10 33 102 "F"
11 -9 10 33 103 "F"
11 3 50 33 104 "A"
11 2 10 33 105 "F"
11 3 50 33 106 "A"
11 1 20 33 107 "V"
11 -3 10 33 108 "F"
11 1 50 33 109 "A"
11 -3 10 33 110 "F"
11 -12 50 33 111 "A"
11 -3 10 33 112 "F"
11 4 10 33 113 "F"
11 -12 40 33 114 "R"
11 -6 50 33 115 "A"
11 1 50 33 116 "A"
11 1 50 33 117 "A"
11 2 10 33 118 "F"
11 -6 50 33 119 "A"
11 -3 10 33 120 "F"
11 -12 50 33 121 "A"
11 -9 10 33 122 "F"
11 5 10 33 123 "F"
11 1 20 33 124 "V"
11 -15 50 33 125 "A"
11 3 50 33 126 "A"
11 4 10 33 127 "F"
11 3 50 33 128 "A"
11 -3 10 33 129 "F"
11 -3 10 33 130 "F"
11 -12 50 33 131 "A"
11 -3 10 33 132 "F"
11 -9 10 33 133 "F"
11 2 40 33 134 "R"
11 -3 10 33 135 "F"
11 1 50 33 136 "A"
11 4 10 33 137 "F"
11 -3 10 33 138 "F"
11 -12 50 33 139 "A"
11 -6 50 33 140 "A"
11 -3 10 33 141 "F"
11 2 40 33 142 "R"
11 2 10 33 143 "F"
11 2 40 33 144 "R"
11 -3 10 33 145 "F"
11 -9 10 33 146 "F"
11 3 50 33 147 "A"
11 1 50 34 1 "A"
11 -3 10 34 2 "F"
11 4 40 34 3 "R"
11 3 50 34 4 "A"
11 5 10 34 5 "F"
11 -6 50 34 6 "A"
11 4 10 34 7 "F"
11 -3 10 34 8 "F"
11 3 50 34 9 "A"
11 2 40 34 10 "R"
11 -9 10 34 11 "F"
11 1 50 34 12 "A"
11 4 10 34 13 "F"
11 -6 50 34 14 "A"
11 -6 50 34 15 "A"
11 -3 10 34 16 "F"
11 -12 50 34 17 "A"
11 -6 40 34 18 "R"
11 -6 50 34 19 "A"
11 4 10 34 20 "F"
11 -36 10 34 21 "F"
11 -6 40 34 22 "R"
11 -3 10 34 23 "F"
11 5 40 34 24 "R"
11 4 10 34 25 "F"
11 1 50 34 26 "A"
11 3 50 34 27 "A"
11 -3 10 34 28 "F"
11 2 10 34 29 "F"
11 2 10 34 30 "F"
11 -9 10 34 31 "F"
11 -6 50 34 32 "A"
11 4 10 34 33 "F"
11 -9 10 34 34 "F"
11 2 40 34 35 "R"
11 1 50 34 36 "A"
11 -9 20 34 37 "V"
11 -3 10 34 38 "F"
11 -9 10 34 39 "F"
11 1 50 34 40 "A"
11 -12 50 34 41 "A"
11 -3 10 34 42 "F"
11 -9 10 34 43 "F"
11 2 10 34 44 "F"
11 1 50 34 45 "A"
11 -6 50 34 46 "A"
11 -36 10 34 47 "F"
11 1 50 34 48 "A"
11 2 10 34 49 "F"
11 -3 10 34 50 "F"
11 -3 10 34 51 "F"
11 -12 50 34 52 "A"
11 3 50 34 53 "A"
11 -3 10 34 54 "F"
11 -12 50 34 55 "A"
11 -9 10 34 56 "F"
11 -12 50 34 57 "A"
11 2 10 34 58 "F"
11 -6 50 34 59 "A"
11 2 10 34 60 "F"
11 -6 40 34 61 "R"
11 -3 10 34 62 "F"
11 3 20 34 63 "V"
11 -3 10 34 64 "F"
11 4 10 34 65 "F"
11 2 10 34 66 "F"
11 -6 50 34 67 "A"
11 3 50 34 68 "A"
11 -12 50 34 69 "A"
11 2 10 34 70 "F"
11 3 50 34 71 "A"
11 -6 50 34 72 "A"
11 4 10 34 73 "F"
11 2 10 34 74 "F"
11 4 10 34 75 "F"
11 -9 10 34 76 "F"
11 -9 10 34 77 "F"
11 1 50 34 78 "A"
11 1 50 34 79 "A"
11 2 10 34 80 "F"
11 -12 40 34 81 "R"
11 -3 10 34 82 "F"
11 -9 10 34 83 "F"
11 -6 50 34 84 "A"
11 -9 10 34 85 "F"
11 -12 50 34 86 "A"
11 -3 10 34 87 "F"
11 3 50 34 88 "A"
11 12 50 34 89 "A"
11 2 10 34 90 "F"
11 1 50 34 91 "A"
11 -6 50 34 92 "A"
11 -9 20 34 93 "V"
11 2 10 34 94 "F"
11 1 50 34 95 "A"
11 -3 10 34 96 "F"
11 4 10 34 97 "F"
11 2 10 34 98 "F"
11 3 50 34 99 "A"
11 2 10 34 100 "F"
11 -36 10 34 101 "F"
11 2 10 34 102 "F"
11 4 10 34 103 "F"
11 -3 10 34 104 "F"
11 3 50 34 105 "A"
11 -3 10 34 106 "F"
11 -12 50 34 107 "A"
11 1 50 34 108 "A"
11 4 10 34 109 "F"
11 2 10 34 110 "F"
11 -6 50 34 111 "A"
11 -12 50 34 112 "A"
11 -3 10 34 113 "F"
11 -3 10 34 114 "F"
11 3 50 34 115 "A"
11 2 10 34 116 "F"
11 4 40 34 117 "R"
11 4 40 34 118 "R"
11 -9 10 34 119 "F"
11 1 50 34 120 "A"
11 4 10 34 121 "F"
11 -6 50 34 122 "A"
11 -12 50 34 123 "A"
11 -3 10 34 124 "F"
11 -15 50 34 125 "A"
11 -6 50 34 126 "A"
11 -3 10 34 127 "F"
11 -6 50 34 128 "A"
11 -3 10 34 129 "F"
11 1 50 34 130 "A"
11 3 50 34 131 "A"
11 -3 10 34 132 "F"
11 1 50 35 1 "A"
11 -3 10 35 2 "F"
11 -12 40 35 3 "R"
11 4 10 35 4 "F"
11 -6 50 35 5 "A"
11 2 40 35 6 "R"
11 -9 10 35 7 "F"
11 1 50 35 8 "A"
11 -9 10 35 9 "F"
11 2 40 35 10 "R"
11 -36 10 35 11 "F"
11 -3 10 35 12 "F"
11 -12 40 35 13 "R"
11 4 10 35 14 "F"
11 -6 50 35 15 "A"
11 2 10 35 16 "F"
11 3 50 35 17 "A"
11 2 10 35 18 "F"
11 4 10 35 19 "F"
11 -12 40 35 20 "R"
11 -12 40 35 21 "R"
11 2 40 35 22 "R"
11 -12 40 35 23 "R"
11 -12 50 35 24 "A"
11 3 50 35 25 "A"
11 1 50 35 26 "A"
11 -3 10 35 27 "F"
11 -6 40 35 28 "R"
11 -9 10 35 29 "F"
11 -3 10 35 30 "F"
11 -3 10 35 31 "F"
11 -6 40 35 32 "R"
11 -6 50 35 33 "A"
11 4 10 35 34 "F"
11 -6 40 35 35 "R"
11 -6 50 35 36 "A"
11 -9 10 35 37 "F"
11 4 40 35 38 "R"
11 12 50 35 39 "A"
11 -3 20 35 40 "V"
11 -6 40 35 41 "R"
11 2 10 35 42 "F"
11 -12 40 35 43 "R"
11 -6 40 35 44 "R"
11 3 50 35 45 "A"
11 -6 50 35 46 "A"
11 2 40 35 47 "R"
11 -6 50 35 48 "A"
11 -9 10 35 49 "F"
11 1 50 35 50 "A"
11 -12 50 35 51 "A"
11 -3 10 35 52 "F"
11 2 40 35 53 "R"
11 -3 10 35 54 "F"
11 3 50 35 55 "A"
11 2 40 35 56 "R"
11 3 50 35 57 "A"
11 2 10 35 58 "F"
11 3 20 35 59 "V"
11 -240 10 35 60 "F"
11 -36 10 35 61 "F"
11 2 10 35 62 "F"
11 -6 50 35 63 "A"
11 2 10 35 64 "F"
11 -12 40 35 65 "R"
11 -3 10 35 66 "F"
11 -15 50 35 67 "A"
11 -6 40 35 68 "R"
11 2 40 35 69 "R"
11 -3 10 35 70 "F"
11 4 10 35 71 "F"
11 4 40 35 72 "R"
11 -15 50 35 73 "A"
11 -6 40 35 74 "R"
11 1 20 35 75 "V"
11 -9 10 35 76 "F"
11 -3 10 35 77 "F"
11 -6 50 35 78 "A"
11 -3 10 35 79 "F"
11 2 40 35 80 "R"
11 4 10 35 81 "F"
11 -3 10 35 82 "F"
11 4 40 35 83 "R"
11 -3 10 35 84 "F"
11 -15 40 35 85 "R"
11 -3 10 35 86 "F"
11 -3 10 35 87 "F"
11 -6 40 35 88 "R"
11 -9 10 35 89 "F"
11 2 10 35 90 "F"
11 5 10 35 91 "F"
11 2 10 35 92 "F"
11 -12 50 35 93 "A"
11 -9 10 35 94 "F"
11 1 50 35 95 "A"
11 -9 20 35 96 "V"
11 4 10 35 97 "F"
11 2 10 35 98 "F"
11 -36 10 35 99 "F"
11 -3 10 35 100 "F"
11 2 10 35 101 "F"
11 -6 40 35 102 "R"
11 -36 10 35 103 "F"
11 2 40 35 104 "R"
11 -12 40 35 105 "R"
11 2 10 35 106 "F"
11 4 40 35 107 "R"
11 -3 10 35 108 "F"
11 -9 10 36 1 "F"
11 -3 10 36 2 "F"
11 -9 10 36 3 "F"
11 2 10 36 4 "F"
11 3 50 36 5 "A"
11 2 40 36 6 "R"
11 -12 40 36 7 "R"
11 -9 10 36 8 "F"
11 1 50 36 9 "A"
11 -3 20 36 10 "V"
11 -3 10 36 11 "F"
11 -6 50 36 12 "A"
11 -15 50 36 13 "A"
11 2 10 36 14 "F"
11 -6 50 36 15 "A"
11 -3 10 36 16 "F"
11 -3 10 36 17 "F"
11 1 50 36 18 "A"
11 4 10 36 19 "F"
11 2 10 36 20 "F"
11 3 50 36 21 "A"
11 -3 10 36 22 "F"
11 -12 50 36 23 "A"
11 -6 50 36 24 "A"
11 -3 10 36 25 "F"
11 2 10 36 26 "F"
11 -12 50 36 27 "A"
11 2 10 36 28 "F"
11 3 50 36 29 "A"
11 2 10 36 30 "F"
11 -12 50 36 31 "A"
11 -6 40 36 32 "R"
11 12 50 36 33 "A"
11 -3 10 36 34 "F"
11 3 50 36 35 "A"
11 -3 10 36 36 "F"
11 -15 50 36 37 "A"
11 2 10 36 38 "F"
11 -12 50 36 39 "A"
11 -3 10 36 40 "F"
11 -9 10 36 41 "F"
11 3 50 36 42 "A"
11 5 10 36 43 "F"
11 -3 10 36 44 "F"
11 -36 10 36 45 "F"
11 1 50 36 46 "A"
11 -9 20 36 47 "V"
11 3 50 36 48 "A"
11 1 50 36 49 "A"
11 1 20 36 50 "V"
11 4 10 36 51 "F"
11 2 10 36 52 "F"
11 -12 50 36 53 "A"
11 -3 10 36 54 "F"
11 -9 10 36 55 "F"
11 1 50 36 56 "A"
11 5 10 36 57 "F"
11 -6 50 36 58 "A"
11 -6 50 36 59 "A"
11 2 10 36 60 "F"
11 -6 50 36 61 "A"
11 2 40 36 62 "R"
11 5 10 36 63 "F"
11 -36 10 36 64 "F"
11 -15 50 36 65 "A"
11 -3 10 36 66 "F"
11 3 50 36 67 "A"
11 -3 10 36 68 "F"
11 -6 40 36 69 "R"
11 -9 10 36 70 "F"
11 3 50 36 71 "A"
11 2 10 36 72 "F"
11 2 10 36 73 "F"
11 -6 40 36 74 "R"
11 -9 10 36 75 "F"
11 -6 40 36 76 "R"
11 2 10 36 77 "F"
11 1 50 36 78 "A"
11 -9 10 36 79 "F"
11 -6 50 36 80 "A"
11 -9 10 36 81 "F"
11 -6 40 36 82 "R"
11 3 50 36 83 "A"
11 -9 10 36 84 "F"
11 -3 10 36 85 "F"
11 -6 50 36 86 "A"
11 4 10 36 87 "F"
11 -6 50 36 88 "A"
11 4 10 36 89 "F"
11 1 50 36 90 "A"
11 -3 10 36 91 "F"
11 2 10 36 92 "F"
11 4 10 36 93 "F"
11 1 50 36 94 "A"
11 3 50 36 95 "A"
11 2 40 36 96 "R"
11 -9 10 36 97 "F"
11 -9 10 36 98 "F"
11 -6 50 36 99 "A"
11 -3 10 36 100 "F"
11 -3 10 36 101 "F"
11 2 10 36 102 "F"
11 -9 10 36 103 "F"
11 -3 10 36 104 "F"
11 3 50 36 105 "A"
11 1 50 36 106 "A"
11 -9 10 36 107 "F"
11 -9 10 36 108 "F"
11 -6 50 36 109 "A"
11 2 10 36 110 "F"
11 3 20 36 111 "V"
11 4 10 36 112 "F"
11 -9 10 36 113 "F"
11 -3 10 36 114 "F"
11 4 10 36 115 "F"
11 2 10 36 116 "F"
11 3 50 36 117 "A"
11 1 50 36 118 "A"
11 4 10 36 119 "F"
11 1 50 36 120 "A"
11 -9 10 36 121 "F"
11 2 10 36 122 "F"
11 -6 50 36 123 "A"
11 1 50 36 124 "A"
11 4 10 36 125 "F"
11 -3 20 36 126 "V"
11 3 50 36 127 "A"
11 -3 10 36 128 "F"
11 12 50 36 129 "A"
11 2 10 36 130 "F"
11 -12 50 36 131 "A"
11 2 10 36 132 "F"
11 4 10 36 133 "F"
11 1 50 36 134 "A"
11 -12 50 36 135 "A"
11 -3 10 36 136 "F"
11 -12 50 36 137 "A"
11 -12 50 37 1 "A"
11 -6 50 37 2 "A"
11 -12 50 37 3 "A"
11 1 50 37 4 "A"
11 4 10 37 5 "F"
11 2 10 37 6 "F"
11 -12 50 37 7 "A"
11 -9 10 37 8 "F"
11 1 50 37 9 "A"
11 -3 10 37 10 "F"
11 -3 10 37 11 "F"
11 -6 50 37 12 "A"
11 -15 50 37 13 "A"
11 2 10 37 14 "F"
11 -6 50 37 15 "A"
11 -6 40 37 16 "R"
11 -3 10 37 17 "F"
11 1 50 37 18 "A"
11 3 20 37 19 "V"
11 2 10 37 20 "F"
11 4 10 37 21 "F"
11 -3 10 37 22 "F"
11 -12 50 37 23 "A"
11 -3 10 37 24 "F"
11 -3 10 37 25 "F"
11 2 10 37 26 "F"
11 -12 40 37 27 "R"
11 2 40 37 28 "R"
11 4 10 37 29 "F"
11 2 10 37 30 "F"
11 -12 50 37 31 "A"
11 -6 50 37 32 "A"
11 5 10 37 33 "F"
11 -3 10 37 34 "F"
11 4 10 37 35 "F"
11 -3 10 37 36 "F"
11 -15 50 37 37 "A"
11 1 50 37 38 "A"
11 -9 10 37 39 "F"
11 -3 20 37 40 "V"
11 -9 10 37 41 "F"
11 3 50 37 42 "A"
11 5 10 37 43 "F"
11 -3 10 37 44 "F"
11 -15 50 37 45 "A"
11 1 50 37 46 "A"
11 -9 10 37 47 "F"
11 4 10 37 48 "F"
11 2 40 37 49 "R"
11 2 10 37 50 "F"
11 4 40 37 51 "R"
11 1 50 37 52 "A"
11 -12 50 37 53 "A"
11 -3 10 37 54 "F"
11 -12 50 37 55 "A"
11 2 10 37 56 "F"
11 12 50 37 57 "A"
11 -6 40 37 58 "R"
11 -3 10 37 59 "F"
11 80 50 37 60 "A"
11 -3 10 37 61 "F"
11 2 40 37 62 "R"
11 12 50 37 63 "A"
11 -36 10 37 64 "F"
11 -15 50 37 65 "A"
11 -6 50 37 66 "A"
11 4 10 37 67 "F"
11 -6 50 37 68 "A"
11 -3 10 37 69 "F"
11 -12 50 37 70 "A"
11 4 10 37 71 "F"
11 2 10 37 72 "F"
11 2 10 37 73 "F"
11 -6 50 37 74 "A"
11 -9 10 37 75 "F"
11 -6 40 37 76 "R"
11 2 10 37 77 "F"
11 2 10 37 78 "F"
11 -12 50 37 79 "A"
11 -3 10 37 80 "F"
11 -9 10 37 81 "F"
11 -6 40 37 82 "R"
11 3 20 37 83 "V"
11 -12 50 37 84 "A"
11 -6 50 37 85 "A"
11 -3 10 37 86 "F"
11 3 50 37 87 "A"
11 -3 10 37 88 "F"
11 3 50 37 89 "A"
11 1 50 37 90 "A"
11 -3 10 37 91 "F"
11 1 50 37 92 "A"
11 4 10 37 93 "F"
11 1 50 37 94 "A"
11 4 10 37 95 "F"
11 1 50 37 96 "A"
11 -9 20 37 97 "V"
11 -9 10 37 98 "F"
11 -6 50 37 99 "A"
11 -6 50 37 100 "A"
11 -3 10 37 101 "F"
11 2 40 37 102 "R"
11 -9 10 37 103 "F"
11 -3 10 37 104 "F"
11 3 50 37 105 "A"
11 1 50 37 106 "A"
11 -9 10 37 107 "F"
11 -9 10 37 108 "F"
11 -3 20 37 109 "V"
11 1 50 37 110 "A"
11 4 10 37 111 "F"
11 3 50 37 112 "A"
11 -9 10 37 113 "F"
11 2 10 38 1 "F"
11 -6 40 38 2 "R"
11 3 50 38 3 "A"
11 3 50 38 4 "A"
11 5 10 38 5 "F"
11 -6 40 38 6 "R"
11 4 40 38 7 "R"
11 -6 40 38 8 "R"
11 4 10 38 9 "F"
11 -240 10 38 10 "F"
11 -9 10 38 11 "F"
11 1 50 38 12 "A"
11 3 50 38 13 "A"
11 -3 10 38 14 "F"
11 -3 10 38 15 "F"
11 -3 10 38 16 "F"
11 -12 50 38 17 "A"
11 -6 50 38 18 "A"
11 -6 50 38 19 "A"
11 4 10 38 20 "F"
11 -15 50 38 21 "A"
11 -3 10 38 22 "F"
11 -6 40 38 23 "R"
11 12 50 38 24 "A"
11 4 10 38 25 "F"
11 2 10 38 26 "F"
11 4 10 38 27 "F"
11 -6 50 38 28 "A"
11 1 50 38 29 "A"
11 2 40 38 30 "R"
11 -12 40 38 31 "R"
11 -3 10 38 32 "F"
11 4 10 38 33 "F"
11 -12 50 38 34 "A"
11 2 10 38 35 "F"
11 2 10 38 36 "F"
11 -12 50 38 37 "A"
11 -3 10 38 38 "F"
11 -12 50 38 39 "A"
11 2 40 38 40 "R"
11 -12 40 38 41 "R"
11 -6 40 38 42 "R"
11 -12 50 38 43 "A"
11 2 10 38 44 "F"
11 2 40 38 45 "R"
11 -6 50 38 46 "A"
11 -36 10 38 47 "F"
11 1 50 38 48 "A"
11 1 50 38 49 "A"
11 -6 50 38 50 "A"
11 -3 10 38 51 "F"
11 -9 10 38 52 "F"
11 4 10 38 53 "F"
11 -6 50 38 54 "A"
11 -9 10 38 55 "F"
11 -12 50 38 56 "A"
11 -12 40 38 57 "R"
11 1 50 38 58 "A"
11 -3 10 38 59 "F"
11 1 50 38 60 "A"
11 -6 50 38 61 "A"
11 -6 40 38 62 "R"
11 3 50 38 63 "A"
11 -6 50 38 64 "A"
11 4 10 38 65 "F"
11 2 10 38 66 "F"
11 -6 50 38 67 "A"
11 4 10 38 68 "F"
11 -12 50 38 69 "A"
11 2 10 38 70 "F"
11 4 10 38 71 "F"
11 -6 50 38 72 "A"
11 4 10 38 73 "F"
11 1 50 38 74 "A"
11 4 10 38 75 "F"
11 -9 10 38 76 "F"
11 -12 50 38 77 "A"
11 2 10 38 78 "F"
11 1 50 38 79 "A"
11 1 50 38 80 "A"
11 -9 10 38 81 "F"
11 -6 50 38 82 "A"
11 -12 40 38 83 "R"
11 -3 10 38 84 "F"
11 -12 50 38 85 "A"
11 -12 50 38 86 "A"
11 -3 10 38 87 "F"
11 4 10 38 88 "F"
11 5 10 38 89 "F"
11 1 50 38 90 "A"
11 2 10 38 91 "F"
11 -3 10 38 92 "F"
11 -12 50 38 93 "A"
11 1 20 38 94 "V"
11 2 10 38 95 "F"
11 -6 50 38 96 "A"
11 3 50 38 97 "A"
11 2 10 38 98 "F"
11 4 10 38 99 "F"
11 1 50 38 100 "A"
11 -36 10 38 101 "F"
11 2 10 38 102 "F"
11 4 10 38 103 "F"
11 -6 50 38 104 "A"
11 4 10 38 105 "F"
11 -6 50 38 106 "A"
11 -9 10 38 107 "F"
11 1 50 38 108 "A"
11 4 10 38 109 "F"
11 2 10 39 1 "F"
11 -3 10 39 2 "F"
11 -9 10 39 3 "F"
11 4 10 39 4 "F"
11 -6 40 39 5 "R"
11 2 10 39 6 "F"
11 -12 50 39 7 "A"
11 1 50 39 8 "A"
11 -9 10 39 9 "F"
11 -240 10 39 10 "F"
11 -36 10 39 11 "F"
11 -6 40 39 12 "R"
11 -9 10 39 13 "F"
11 4 10 39 14 "F"
11 -6 50 39 15 "A"
11 2 10 39 16 "F"
11 4 10 39 17 "F"
11 2 40 39 18 "R"
11 4 10 39 19 "F"
11 -12 40 39 20 "R"
11 -9 10 39 21 "F"
11 1 50 39 22 "A"
11 -9 10 39 23 "F"
11 -12 50 39 24 "A"
11 3 50 39 25 "A"
11 2 40 39 26 "R"
11 -6 50 39 27 "A"
11 -6 50 39 28 "A"
11 -9 10 39 29 "F"
11 -3 10 39 30 "F"
11 -6 50 39 31 "A"
11 -6 50 39 32 "A"
11 -3 10 39 33 "F"
11 4 10 39 34 "F"
11 -6 50 39 35 "A"
11 -6 50 39 36 "A"
11 -9 10 39 37 "F"
11 4 10 39 38 "F"
11 12 50 39 39 "A"
11 -6 50 39 40 "A"
11 -6 50 39 41 "A"
11 1 50 39 42 "A"
11 -9 10 39 43 "F"
11 -6 50 39 44 "A"
11 4 10 39 45 "F"
11 -6 50 39 46 "A"
11 2 10 39 47 "F"
11 -6 50 39 48 "A"
11 -12 50 39 49 "A"
11 2 10 39 50 "F"
11 -9 10 39 51 "F"
11 -6 50 39 52 "A"
11 1 50 39 53 "A"
11 -3 10 39 54 "F"
11 3 50 39 55 "A"
11 1 50 39 56 "A"
11 4 10 39 57 "F"
11 2 10 39 58 "F"
11 3 50 39 59 "A"
11 80 50 39 60 "A"
11 -36 10 39 61 "F"
11 2 10 39 62 "F"
11 -3 10 39 63 "F"
11 2 10 39 64 "F"
11 -12 50 39 65 "A"
11 -6 50 39 66 "A"
11 -36 10 39 67 "F"
11 -6 40 39 68 "R"
11 2 10 39 69 "F"
11 -3 10 39 70 "F"
11 4 40 39 71 "R"
11 4 10 39 72 "F"
11 -15 50 39 73 "A"
11 -3 20 39 74 "V"
11 1 50 39 75 "A"
11 -9 10 39 76 "F"
11 -3 10 39 77 "F"
11 -6 50 39 78 "A"
11 -6 40 39 79 "R"
11 2 10 39 80 "F"
11 3 50 39 81 "A"
11 -3 10 39 82 "F"
11 -3 10 40 1 "F"
11 1 50 40 2 "A"
11 2 40 40 3 "R"
11 -3 10 40 4 "F"
11 -12 50 40 5 "A"
11 1 50 40 6 "A"
11 -12 50 40 7 "A"
11 -3 10 40 8 "F"
11 -9 10 40 9 "F"
11 -240 10 40 10 "F"
11 -3 10 40 11 "F"
11 1 50 40 12 "A"
11 -9 10 40 13 "F"
11 -6 50 40 14 "A"
11 4 10 40 15 "F"
11 1 50 40 16 "A"
11 1 50 40 17 "A"
11 2 10 40 18 "F"
11 -12 50 40 19 "A"
11 -6 50 40 20 "A"
11 2 10 40 21 "F"
11 1 50 40 22 "A"
11 3 50 40 23 "A"
11 -9 10 40 24 "F"
11 4 10 40 25 "F"
11 2 40 40 26 "R"
11 12 50 40 27 "A"
11 -3 10 40 28 "F"
11 3 50 40 29 "A"
11 -6 40 40 30 "R"
11 -36 10 40 31 "F"
11 -3 10 40 32 "F"
11 -9 10 40 33 "F"
11 1 50 40 34 "A"
11 -9 10 40 35 "F"
11 -3 10 40 36 "F"
11 -12 40 40 37 "R"
11 -3 10 40 38 "F"
11 -6 50 40 39 "A"
11 2 10 40 40 "F"
11 -3 10 40 41 "F"
11 2 10 40 42 "F"
11 -15 40 40 43 "R"
11 4 10 40 44 "F"
11 -6 50 40 45 "A"
11 -9 10 40 46 "F"
11 2 10 40 47 "F"
11 2 10 40 48 "F"
11 -6 40 40 49 "R"
11 1 50 40 50 "A"
11 -12 50 40 51 "A"
11 2 10 40 52 "F"
11 2 10 40 53 "F"
11 2 40 40 54 "R"
11 2 10 40 55 "F"
11 2 10 40 56 "F"
11 1 50 40 57 "A"
11 3 50 40 58 "A"
11 -9 10 40 59 "F"
11 2 10 40 60 "F"
11 -9 10 40 61 "F"
11 3 50 40 62 "A"
11 -12 50 40 63 "A"
11 -6 50 40 64 "A"
11 2 10 40 65 "F"
11 1 50 40 66 "A"
11 -6 50 40 67 "A"
11 -3 10 40 68 "F"
11 -6 50 40 69 "A"
11 2 10 40 70 "F"
11 5 10 40 71 "F"
11 3 50 40 72 "A"
11 -9 10 40 73 "F"
11 -6 50 40 74 "A"
11 12 50 40 75 "A"
11 -3 10 40 76 "F"
11 -6 50 40 77 "A"
11 -3 10 40 78 "F"
11 2 40 40 79 "R"
11 2 10 40 80 "F"
11 -6 40 40 81 "R"
11 -12 40 40 82 "R"
11 3 50 40 83 "A"
11 2 10 40 84 "F"
11 -6 50 40 85 "A"
11 -3 10 40 86 "F"
11 -15 50 40 87 "A"
11 -3 10 40 88 "F"
11 -12 50 40 89 "A"
11 2 40 41 1 "R"
11 -3 10 41 2 "F"
11 4 10 41 3 "F"
11 3 50 41 4 "A"
11 5 40 41 5 "R"
11 -6 50 41 6 "A"
11 4 40 41 7 "R"
11 -6 40 41 8 "R"
11 4 10 41 9 "F"
11 2 10 41 10 "F"
11 -9 10 41 11 "F"
11 1 50 41 12 "A"
11 3 50 41 13 "A"
11 -3 10 41 14 "F"
11 -6 50 41 15 "A"
11 -6 50 41 16 "A"
11 -9 10 41 17 "F"
11 -6 50 41 18 "A"
11 -3 10 41 19 "F"
11 4 10 41 20 "F"
11 -15 40 41 21 "R"
11 -3 10 41 22 "F"
11 -3 10 41 23 "F"
11 12 50 41 24 "A"
11 3 50 41 25 "A"
11 2 10 41 26 "F"
11 3 50 41 27 "A"
11 -6 50 41 28 "A"
11 2 10 41 29 "F"
11 1 50 41 30 "A"
11 -9 20 41 31 "V"
11 -3 10 41 32 "F"
11 4 10 41 33 "F"
11 -12 50 41 34 "A"
11 2 10 41 35 "F"
11 2 40 41 36 "R"
11 -12 50 41 37 "A"
11 -6 40 41 38 "R"
11 -12 50 41 39 "A"
11 1 50 41 40 "A"
11 -9 10 41 41 "F"
11 -6 50 41 42 "A"
11 -9 10 41 43 "F"
11 1 50 41 44 "A"
11 2 10 41 45 "F"
11 -6 50 41 46 "A"
11 -36 10 41 47 "F"
11 2 10 41 48 "F"
11 2 10 41 49 "F"
11 -3 10 41 50 "F"
11 -6 50 41 51 "A"
11 -12 40 41 52 "R"
11 3 50 41 53 "A"
11 -3 10 41 54 "F"
11 -12 50 41 55 "A"
11 -9 10 41 56 "F"
11 -12 50 41 57 "A"
11 1 50 41 58 "A"
11 -3 10 41 59 "F"
11 80 50 41 60 "A"
11 -3 10 41 61 "F"
11 -6 50 41 62 "A"
11 4 10 41 63 "F"
11 -3 10 41 64 "F"
11 3 50 41 65 "A"
11 1 50 41 66 "A"
11 -3 10 41 67 "F"
11 4 10 41 68 "F"
11 -12 40 41 69 "R"
11 2 10 41 70 "F"
11 4 10 41 71 "F"
11 -6 40 41 72 "R"
11 4 40 41 73 "R"
11 1 50 41 74 "A"
11 4 10 41 75 "F"
11 -12 40 41 76 "R"
11 -9 10 41 77 "F"
11 1 50 41 78 "A"
11 2 10 41 79 "F"
11 2 10 41 80 "F"
11 -12 50 41 81 "A"
11 -3 10 41 82 "F"
11 -9 10 41 83 "F"
11 -3 10 41 84 "F"
11 -12 50 41 85 "A"
11 -9 10 41 86 "F"
11 -6 50 41 87 "A"
11 3 50 41 88 "A"
11 12 50 41 89 "A"
11 2 10 41 90 "F"
11 1 20 41 91 "V"
11 -6 50 41 92 "A"
11 -9 10 41 93 "F"
11 1 50 41 94 "A"
11 2 10 41 95 "F"
