"rat" "reward" "trou" "session" "round" "choice"
12 2 10 1 1 "R"
12 -6 10 1 2 "R"
12 3 50 1 3 "A"
12 4 10 1 4 "R"
12 12 50 1 5 "A"
12 -6 50 1 6 "A"
12 3 50 1 7 "A"
12 -3 20 1 8 "F"
12 4 10 1 9 "R"
12 1 50 1 10 "A"
12 -12 50 1 11 "A"
12 1 50 1 12 "A"
12 3 50 1 13 "A"
12 -6 10 1 14 "R"
12 -6 50 1 15 "A"
12 -6 50 1 16 "A"
12 -12 10 1 17 "R"
12 -6 10 1 18 "R"
12 -6 50 1 19 "A"
12 4 10 1 20 "R"
12 -15 50 1 21 "A"
12 -6 50 1 22 "A"
12 -6 50 1 23 "A"
12 12 50 1 24 "A"
12 3 50 1 25 "A"
12 2 10 1 26 "R"
12 3 50 1 27 "A"
12 -6 50 1 28 "A"
12 2 10 1 29 "R"
12 1 50 1 30 "A"
12 -12 50 1 31 "A"
12 -6 50 1 32 "A"
12 3 50 1 33 "A"
12 -12 10 1 34 "R"
12 1 50 1 35 "A"
12 2 10 1 36 "R"
12 -12 50 1 37 "A"
12 -6 10 1 38 "R"
12 -12 10 1 39 "R"
12 2 10 1 40 "R"
12 -12 50 1 41 "A"
12 -6 50 1 42 "A"
12 -12 50 1 43 "A"
12 2 10 1 44 "R"
12 1 50 1 45 "A"
12 -6 10 1 46 "R"
12 -15 50 1 47 "A"
12 1 50 1 48 "A"
12 2 10 1 49 "R"
12 -6 50 1 50 "A"
12 -6 50 1 51 "A"
12 -12 50 1 52 "A"
12 4 10 1 53 "R"
12 -6 10 1 54 "R"
12 -12 50 1 55 "A"
12 -12 10 1 56 "R"
12 -12 50 1 57 "A"
12 1 50 1 58 "A"
12 -6 50 1 59 "A"
12 80 50 1 60 "A"
12 -3 20 1 61 "F"
12 -6 50 1 62 "A"
12 4 10 1 63 "R"
12 -6 50 1 64 "A"
12 3 50 1 65 "A"
12 1 50 1 66 "A"
12 -6 50 1 67 "A"
12 3 50 1 68 "A"
12 -12 50 1 69 "A"
12 2 10 1 70 "R"
12 3 40 1 71 "V"
12 -6 10 1 72 "R"
12 4 10 1 73 "R"
12 1 50 1 74 "A"
12 4 10 1 75 "R"
12 -12 10 1 76 "R"
12 -12 50 1 77 "A"
12 1 50 1 78 "A"
12 2 10 1 79 "R"
12 1 50 1 80 "A"
12 -12 10 1 81 "R"
12 -6 50 1 82 "A"
12 -9 40 1 83 "V"
12 -6 50 1 84 "A"
12 -12 50 1 85 "A"
12 -12 50 1 86 "A"
12 -6 50 1 87 "A"
12 4 10 1 88 "R"
12 5 10 1 89 "R"
12 1 50 1 90 "A"
12 1 50 1 91 "A"
12 -6 10 1 92 "R"
12 -12 50 1 93 "A"
12 2 10 1 94 "R"
12 1 50 1 95 "A"
12 -6 10 1 96 "R"
12 3 50 1 97 "A"
12 1 50 1 98 "A"
12 3 50 1 99 "A"
12 1 50 1 100 "A"
12 -15 50 1 101 "A"
12 2 10 1 102 "R"
12 3 50 1 103 "A"
12 -6 50 1 104 "A"
12 4 10 1 105 "R"
12 -6 50 1 106 "A"
12 -12 50 1 107 "A"
12 2 10 1 108 "R"
12 3 50 1 109 "A"
12 2 10 1 110 "R"
12 -6 50 1 111 "A"
12 -12 10 1 112 "R"
12 -6 10 1 113 "R"
12 -6 50 1 114 "A"
12 3 50 1 115 "A"
12 1 50 1 116 "A"
12 3 50 1 117 "A"
12 4 10 1 118 "R"
12 -12 50 1 119 "A"
12 1 50 1 120 "A"
12 3 50 1 121 "A"
12 -3 20 1 122 "F"
12 -12 50 1 123 "A"
12 -6 50 1 124 "A"
12 -15 10 1 125 "R"
12 -6 50 1 126 "A"
12 -6 50 1 127 "A"
12 -6 50 1 128 "A"
12 -6 10 1 129 "R"
12 1 50 1 130 "A"
12 -12 50 2 1 "A"
12 -3 40 2 2 "V"
12 -12 10 2 3 "R"
12 1 50 2 4 "A"
12 4 10 2 5 "R"
12 1 50 2 6 "A"
12 -12 10 2 7 "R"
12 -9 20 2 8 "F"
12 1 50 2 9 "A"
12 -6 10 2 10 "R"
12 -6 50 2 11 "A"
12 -6 50 2 12 "A"
12 -15 50 2 13 "A"
12 2 10 2 14 "R"
12 -6 50 2 15 "A"
12 -6 10 2 16 "R"
12 -6 50 2 17 "A"
12 1 50 2 18 "A"
12 3 50 2 19 "A"
12 1 50 2 20 "A"
12 3 50 2 21 "A"
12 -6 10 2 22 "R"
12 -12 10 2 23 "R"
12 -6 50 2 24 "A"
12 -6 50 2 25 "A"
12 2 10 2 26 "R"
12 -12 50 2 27 "A"
12 2 10 2 28 "R"
12 3 50 2 29 "A"
12 1 50 2 30 "A"
12 -12 50 2 31 "A"
12 -6 10 2 32 "R"
12 12 50 2 33 "A"
12 -6 10 2 34 "R"
12 4 20 2 35 "F"
12 -6 10 2 36 "R"
12 -15 50 2 37 "A"
12 2 10 2 38 "R"
12 -12 50 2 39 "A"
12 -3 20 2 40 "F"
12 -12 10 2 41 "R"
12 4 20 2 42 "F"
12 5 10 2 43 "R"
12 -3 20 2 44 "F"
12 -15 10 2 45 "R"
12 1 50 2 46 "A"
12 -12 10 2 47 "R"
12 3 50 2 48 "A"
12 2 10 2 49 "R"
12 2 10 2 50 "R"
12 4 10 2 51 "R"
12 2 20 2 52 "F"
12 -12 10 2 53 "R"
12 -3 20 2 54 "F"
12 -12 10 2 55 "R"
12 2 20 2 56 "F"
12 12 50 2 57 "A"
12 -6 50 2 58 "A"
12 -6 10 2 59 "R"
12 1 50 2 60 "A"
12 -6 10 2 61 "R"
12 2 10 2 62 "R"
12 5 20 2 63 "F"
12 -15 10 2 64 "R"
12 -15 50 2 65 "A"
12 -6 10 2 66 "R"
12 4 20 2 67 "F"
12 -6 50 2 68 "A"
12 -6 50 2 69 "A"
12 -12 10 2 70 "R"
12 3 50 2 71 "A"
12 1 50 2 72 "A"
12 1 50 2 73 "A"
12 -6 50 2 74 "A"
12 -12 50 2 75 "A"
12 -3 20 2 76 "F"
12 1 50 2 77 "A"
12 2 10 2 78 "R"
12 -12 10 2 79 "R"
12 -3 20 2 80 "F"
12 -9 20 2 81 "F"
12 -6 50 2 82 "A"
12 3 50 2 83 "A"
12 -12 50 2 84 "A"
12 -6 50 2 85 "A"
12 -3 20 2 86 "F"
12 3 50 2 87 "A"
12 -6 50 2 88 "A"
12 4 10 2 89 "R"
12 2 20 2 90 "F"
12 -6 10 2 91 "R"
12 1 50 2 92 "A"
12 3 50 2 93 "A"
12 1 50 2 94 "A"
12 4 10 2 95 "R"
12 1 50 2 96 "A"
12 -12 50 2 97 "A"
12 -9 20 2 98 "F"
12 -6 50 2 99 "A"
12 -6 50 2 100 "A"
12 -6 50 2 101 "A"
12 1 40 2 102 "V"
12 -12 50 2 103 "A"
12 -6 50 2 104 "A"
12 4 10 2 105 "R"
12 2 10 2 106 "R"
12 -12 50 2 107 "A"
12 -12 10 2 108 "R"
12 -6 50 2 109 "A"
12 2 10 2 110 "R"
12 3 40 2 111 "V"
12 3 50 2 112 "A"
12 -12 50 2 113 "A"
12 -6 10 2 114 "R"
12 3 50 2 115 "A"
12 2 10 2 116 "R"
12 3 50 2 117 "A"
12 1 50 2 118 "A"
12 3 50 2 119 "A"
12 -6 50 3 1 "A"
12 2 10 3 2 "R"
12 2 10 3 3 "R"
12 -6 50 3 4 "A"
12 -12 10 3 5 "R"
12 1 50 3 6 "A"
12 -12 10 3 7 "R"
12 -6 10 3 8 "R"
12 -9 40 3 9 "V"
12 3 50 3 10 "A"
12 -6 50 3 11 "A"
12 2 20 3 12 "F"
12 -12 10 3 13 "R"
12 -6 10 3 14 "R"
12 3 50 3 15 "A"
12 1 50 3 16 "A"
12 1 50 3 17 "A"
12 1 50 3 18 "A"
12 -12 10 3 19 "R"
12 -6 50 3 20 "A"
12 1 50 3 21 "A"
12 2 10 3 22 "R"
12 3 50 3 23 "A"
12 -9 40 3 24 "V"
12 4 10 3 25 "R"
12 1 50 3 26 "A"
12 12 50 3 27 "A"
12 -6 10 3 28 "R"
12 4 20 3 29 "F"
12 -3 20 3 30 "F"
12 -15 10 3 31 "R"
12 -6 50 3 32 "A"
12 -12 10 3 33 "R"
12 2 10 3 34 "R"
12 -12 50 3 35 "A"
12 -6 50 3 36 "A"
12 -12 10 3 37 "R"
12 -6 50 3 38 "A"
12 -3 20 3 39 "F"
12 1 50 3 40 "A"
12 -6 50 3 41 "A"
12 2 20 3 42 "F"
12 -15 50 3 43 "A"
12 4 20 3 44 "F"
12 -6 10 3 45 "R"
12 -9 20 3 46 "F"
12 1 50 3 47 "A"
12 1 50 3 48 "A"
12 -6 50 3 49 "A"
12 1 50 3 50 "A"
12 -12 10 3 51 "R"
12 1 50 3 52 "A"
12 2 20 3 53 "F"
12 2 10 3 54 "R"
12 1 50 3 55 "A"
12 2 10 3 56 "R"
12 1 50 3 57 "A"
12 3 50 3 58 "A"
12 -12 50 3 59 "A"
12 80 50 3 60 "A"
12 -12 10 3 61 "R"
12 3 50 3 62 "A"
12 -12 10 3 63 "R"
12 -6 50 3 64 "A"
12 1 50 3 65 "A"
12 2 10 3 66 "R"
12 -6 10 3 67 "R"
12 -6 50 3 68 "A"
12 -6 50 3 69 "A"
12 1 50 3 70 "A"
12 12 50 3 71 "A"
12 3 50 3 72 "A"
12 -9 20 3 73 "F"
12 -6 10 3 74 "R"
12 12 50 3 75 "A"
12 -6 10 3 76 "R"
12 -6 50 3 77 "A"
12 -6 10 3 78 "R"
12 2 20 3 79 "F"
12 2 10 3 80 "R"
12 -6 10 3 81 "R"
12 -12 50 3 82 "A"
12 4 10 3 83 "R"
12 1 50 3 84 "A"
12 -6 10 3 85 "R"
12 -6 50 3 86 "A"
12 -15 50 3 87 "A"
12 -6 10 3 88 "R"
12 -9 20 3 89 "F"
12 -6 10 3 90 "R"
12 -9 20 3 91 "F"
12 2 10 3 92 "R"
12 1 50 3 93 "A"
12 -9 20 3 94 "F"
12 -9 20 3 95 "F"
12 2 20 3 96 "F"
12 -12 50 3 97 "A"
12 2 20 3 98 "F"
12 4 10 3 99 "R"
12 2 20 3 100 "F"
12 5 10 3 101 "R"
12 1 50 3 102 "A"
12 2 10 3 103 "R"
12 -3 20 3 104 "F"
12 1 50 3 105 "A"
12 -6 50 3 106 "A"
12 -6 50 3 107 "A"
12 -6 50 3 108 "A"
12 3 50 3 109 "A"
12 -12 10 3 110 "R"
12 5 10 3 111 "R"
12 -12 50 3 112 "A"
12 4 10 3 113 "R"
12 -15 10 3 114 "R"
12 4 20 3 115 "F"
12 1 50 3 116 "A"
12 -6 50 3 117 "A"
12 4 10 3 118 "R"
12 -15 50 3 119 "A"
12 1 50 3 120 "A"
12 12 50 3 121 "A"
12 2 10 3 122 "R"
12 -6 50 3 123 "A"
12 1 50 3 124 "A"
12 -12 50 3 125 "A"
12 -3 20 4 1 "F"
12 2 10 4 2 "R"
12 -9 20 4 3 "F"
12 -6 10 4 4 "R"
12 -12 50 4 5 "A"
12 -3 20 4 6 "F"
12 -6 50 4 7 "A"
12 2 10 4 8 "R"
12 -9 40 4 9 "V"
12 -3 20 4 10 "F"
12 4 10 4 11 "R"
12 -3 20 4 12 "F"
12 5 20 4 13 "F"
12 2 20 4 14 "F"
12 -9 20 4 15 "F"
12 -6 10 4 16 "R"
12 -9 20 4 17 "F"
12 2 10 4 18 "R"
12 -36 20 4 19 "F"
12 -3 20 4 20 "F"
12 3 50 4 21 "A"
12 -6 10 4 22 "R"
12 5 10 4 23 "R"
12 2 20 4 24 "F"
12 -12 10 4 25 "R"
12 2 20 4 26 "F"
12 -6 50 4 27 "A"
12 2 10 4 28 "R"
12 -12 50 4 29 "A"
12 -3 20 4 30 "F"
12 3 50 4 31 "A"
12 4 10 4 32 "R"
12 -6 10 4 33 "R"
12 -6 10 4 34 "R"
12 -12 50 4 35 "A"
12 1 50 4 36 "A"
12 4 20 4 37 "F"
12 -6 10 4 38 "R"
12 -36 20 4 39 "F"
12 2 10 4 40 "R"
12 -9 20 4 41 "F"
12 1 50 4 42 "A"
12 1 50 4 43 "A"
12 -6 10 4 44 "R"
12 4 20 4 45 "F"
12 1 40 4 46 "V"
12 2 10 4 47 "R"
12 3 50 4 48 "A"
12 -15 50 4 49 "A"
12 -12 10 4 50 "R"
12 3 50 4 51 "A"
12 1 50 4 52 "A"
12 -15 50 4 53 "A"
12 -6 50 4 54 "A"
12 -6 50 4 55 "A"
12 2 10 4 56 "R"
12 2 10 4 57 "R"
12 1 50 4 58 "A"
12 3 50 4 59 "A"
12 2 20 4 60 "F"
12 -3 20 4 61 "F"
12 1 50 4 62 "A"
12 3 50 4 63 "A"
12 -6 50 4 64 "A"
12 -6 50 4 65 "A"
12 1 50 4 66 "A"
12 3 50 4 67 "A"
12 -6 50 4 68 "A"
12 12 50 4 69 "A"
12 3 50 4 70 "A"
12 -6 50 4 71 "A"
12 -6 50 4 72 "A"
12 -3 20 4 73 "F"
12 1 50 4 74 "A"
12 5 10 4 75 "R"
12 -3 40 4 76 "V"
12 -12 50 4 77 "A"
12 1 50 4 78 "A"
12 -12 50 4 79 "A"
12 -6 10 4 80 "R"
12 -3 20 4 81 "F"
12 -12 50 4 82 "A"
12 3 50 4 83 "A"
12 -6 10 4 84 "R"
12 2 20 4 85 "F"
12 -6 10 4 86 "R"
12 1 50 4 87 "A"
12 -15 50 4 88 "A"
12 -6 50 4 89 "A"
12 4 20 4 90 "F"
12 3 50 4 91 "A"
12 2 20 4 92 "F"
12 3 50 4 93 "A"
12 2 20 4 94 "F"
12 -12 10 4 95 "R"
12 1 40 4 96 "V"
12 -6 50 4 97 "A"
12 2 10 4 98 "R"
12 -6 50 4 99 "A"
12 2 10 4 100 "R"
12 3 50 4 101 "A"
12 2 10 4 102 "R"
12 5 20 4 103 "F"
12 2 10 4 104 "R"
12 12 50 4 105 "A"
12 -6 50 4 106 "A"
12 -6 50 4 107 "A"
12 -6 50 4 108 "A"
12 -15 10 4 109 "R"
12 2 20 4 110 "F"
12 -12 50 4 111 "A"
12 -6 10 4 112 "R"
12 -6 50 4 113 "A"
12 2 10 4 114 "R"
12 1 50 4 115 "A"
12 -6 50 4 116 "A"
12 3 50 4 117 "A"
12 1 40 4 118 "V"
12 -12 50 4 119 "A"
12 -6 50 4 120 "A"
12 -6 10 4 121 "R"
12 2 10 4 122 "R"
12 -9 40 4 123 "V"
12 2 10 4 124 "R"
12 -6 50 4 125 "A"
12 1 50 4 126 "A"
12 3 50 4 127 "A"
12 2 10 4 128 "R"
12 -12 50 4 129 "A"
12 -6 50 4 130 "A"
12 -12 50 4 131 "A"
12 2 10 5 1 "R"
12 -6 50 5 2 "A"
12 -12 50 5 3 "A"
12 3 50 5 4 "A"
12 -6 50 5 5 "A"
12 2 10 5 6 "R"
12 -9 20 5 7 "F"
12 1 50 5 8 "A"
12 -12 50 5 9 "A"
12 1 50 5 10 "A"
12 -15 50 5 11 "A"
12 -6 10 5 12 "R"
12 -12 50 5 13 "A"
12 3 50 5 14 "A"
12 -6 10 5 15 "R"
12 2 20 5 16 "F"
12 4 10 5 17 "R"
12 2 20 5 18 "F"
12 4 10 5 19 "R"
12 -9 20 5 20 "F"
12 -12 50 5 21 "A"
12 2 10 5 22 "R"
12 -12 50 5 23 "A"
12 -12 50 5 24 "A"
12 4 10 5 25 "R"
12 2 10 5 26 "R"
12 -3 20 5 27 "F"
12 -6 50 5 28 "A"
12 -12 50 5 29 "A"
12 -6 10 5 30 "R"
12 -6 50 5 31 "A"
12 -6 50 5 32 "A"
12 -6 50 5 33 "A"
12 4 10 5 34 "R"
12 -3 20 5 35 "F"
12 -6 50 5 36 "A"
12 -9 20 5 37 "F"
12 4 10 5 38 "R"
12 12 50 5 39 "A"
12 -6 10 5 40 "R"
12 -6 50 5 41 "A"
12 1 50 5 42 "A"
12 -12 50 5 43 "A"
12 -6 10 5 44 "R"
12 3 50 5 45 "A"
12 -6 50 5 46 "A"
12 1 50 5 47 "A"
12 -6 50 5 48 "A"
12 -9 20 5 49 "F"
12 1 50 5 50 "A"
12 -12 50 5 51 "A"
12 -6 10 5 52 "R"
12 1 50 5 53 "A"
12 -6 50 5 54 "A"
12 4 10 5 55 "R"
12 2 20 5 56 "F"
12 4 10 5 57 "R"
12 1 40 5 58 "V"
12 4 10 5 59 "R"
12 -3 20 5 60 "F"
12 -15 50 5 61 "A"
12 1 50 5 62 "A"
12 -6 50 5 63 "A"
12 1 50 5 64 "A"
12 -12 10 5 65 "R"
12 -6 50 5 66 "A"
12 -15 50 5 67 "A"
12 -6 50 5 68 "A"
12 1 50 5 69 "A"
12 -6 10 5 70 "R"
12 4 10 5 71 "R"
12 3 50 5 72 "A"
12 -15 10 5 73 "R"
12 -3 40 5 74 "V"
12 2 20 5 75 "F"
12 -12 50 5 76 "A"
12 -6 50 5 77 "A"
12 -6 50 5 78 "A"
12 -6 50 5 79 "A"
12 2 10 5 80 "R"
12 4 10 5 81 "R"
12 -6 10 5 82 "R"
12 3 50 5 83 "A"
12 -6 10 5 84 "R"
12 -15 50 5 85 "A"
12 -6 50 5 86 "A"
12 -6 10 5 87 "R"
12 -6 50 5 88 "A"
12 -12 50 5 89 "A"
12 1 50 5 90 "A"
12 12 50 5 91 "A"
12 2 10 5 92 "R"
12 -9 20 5 93 "F"
12 -12 50 5 94 "A"
12 1 50 5 95 "A"
12 -12 50 5 96 "A"
12 4 10 5 97 "R"
12 2 10 5 98 "R"
12 -15 10 5 99 "R"
12 -6 50 5 100 "A"
12 1 50 5 101 "A"
12 -6 10 5 102 "R"
12 -15 50 5 103 "A"
12 2 10 5 104 "R"
12 -12 50 5 105 "A"
12 2 10 5 106 "R"
12 4 20 5 107 "F"
12 -6 10 5 108 "R"
12 -6 50 5 109 "A"
12 -6 50 5 110 "A"
12 2 10 5 111 "R"
12 -6 50 5 112 "A"
12 -15 10 5 113 "R"
12 2 20 5 114 "F"
12 -9 20 5 115 "F"
12 -12 50 5 116 "A"
12 -15 10 5 117 "R"
12 -12 50 5 118 "A"
12 -12 10 5 119 "R"
12 1 50 5 120 "A"
12 -12 50 5 121 "A"
12 -6 50 5 122 "A"
12 -6 50 6 1 "A"
12 2 10 6 2 "R"
12 -12 50 6 3 "A"
12 -6 10 6 4 "R"
12 -12 50 6 5 "A"
12 -6 50 6 6 "A"
12 -6 10 6 7 "R"
12 1 40 6 8 "V"
12 -12 50 6 9 "A"
12 80 50 6 10 "A"
12 4 20 6 11 "F"
12 -6 50 6 12 "A"
12 12 50 6 13 "A"
12 1 50 6 14 "A"
12 -12 50 6 15 "A"
12 -6 10 6 16 "R"
12 -12 50 6 17 "A"
12 2 20 6 18 "F"
12 -15 10 6 19 "R"
12 -3 40 6 20 "V"
12 3 50 6 21 "A"
12 -6 50 6 22 "A"
12 12 50 6 23 "A"
12 2 10 6 24 "R"
12 -9 40 6 25 "V"
12 1 50 6 26 "A"
12 -6 50 6 27 "A"
12 2 10 6 28 "R"
12 -12 50 6 29 "A"
12 -6 50 6 30 "A"
12 3 50 6 31 "A"
12 4 10 6 32 "R"
12 -6 50 6 33 "A"
12 -6 50 6 34 "A"
12 -12 50 6 35 "A"
12 1 40 6 36 "V"
12 3 50 6 37 "A"
12 -6 50 6 38 "A"
12 -15 50 6 39 "A"
12 1 50 6 40 "A"
12 -12 50 6 41 "A"
12 2 10 6 42 "R"
12 1 50 6 43 "A"
12 -6 50 6 44 "A"
12 3 50 6 45 "A"
12 2 10 6 46 "R"
12 1 50 6 47 "A"
12 4 10 6 48 "R"
12 -15 10 6 49 "R"
12 -12 50 6 50 "A"
12 4 10 6 51 "R"
12 1 50 6 52 "A"
12 -36 20 6 53 "F"
12 -6 10 6 54 "R"
12 -3 40 6 55 "V"
12 1 50 6 56 "A"
12 1 50 6 57 "A"
12 2 20 6 58 "F"
12 4 10 6 59 "R"
12 1 50 6 60 "A"
12 -6 50 6 61 "A"
12 1 50 6 62 "A"
12 3 50 6 63 "A"
12 -6 10 6 64 "R"
12 -6 50 6 65 "A"
12 2 10 6 66 "R"
12 4 20 6 67 "F"
12 -6 10 6 68 "R"
12 12 50 6 69 "A"
12 4 10 6 70 "R"
12 -6 10 6 71 "R"
12 -6 10 6 72 "R"
12 -6 10 6 73 "R"
12 1 50 6 74 "A"
12 5 10 6 75 "R"
12 -3 20 6 76 "F"
12 -12 50 6 77 "A"
12 2 10 6 78 "R"
12 -12 50 6 79 "A"
12 -6 10 6 80 "R"
12 -6 50 6 81 "A"
12 -12 50 6 82 "A"
12 4 10 6 83 "R"
12 -6 50 6 84 "A"
12 1 50 6 85 "A"
12 -6 50 6 86 "A"
12 2 10 6 87 "R"
12 -15 50 6 88 "A"
12 -6 50 6 89 "A"
12 3 50 6 90 "A"
12 3 40 6 91 "V"
12 1 50 6 92 "A"
12 4 10 6 93 "R"
12 1 40 6 94 "V"
12 -12 50 6 95 "A"
12 1 50 6 96 "A"
12 -6 50 6 97 "A"
12 1 50 6 98 "A"
12 -6 50 6 99 "A"
12 1 50 6 100 "A"
12 4 20 6 101 "F"
12 2 10 6 102 "R"
12 5 20 6 103 "F"
12 2 10 6 104 "R"
12 12 40 6 105 "V"
12 -3 40 6 106 "V"
12 -6 50 6 107 "A"
12 -6 10 6 108 "R"
12 -15 50 6 109 "A"
12 1 50 6 110 "A"
12 -12 10 6 111 "R"
12 -6 50 6 112 "A"
12 -3 20 6 113 "F"
12 2 10 6 114 "R"
12 2 20 6 115 "F"
12 -3 20 6 116 "F"
12 3 50 6 117 "A"
12 1 50 6 118 "A"
12 -12 50 6 119 "A"
12 -6 10 6 120 "R"
12 -3 20 6 121 "F"
12 2 10 6 122 "R"
12 -9 20 6 123 "F"
12 1 50 6 124 "A"
12 -6 50 6 125 "A"
12 1 50 6 126 "A"
12 3 50 6 127 "A"
12 1 50 6 128 "A"
12 -12 50 6 129 "A"
12 -6 50 6 130 "A"
12 -12 10 6 131 "R"
12 1 50 6 132 "A"
12 -12 10 6 133 "R"
12 -3 20 6 134 "F"
12 -6 50 6 135 "A"
12 -12 50 7 1 "A"
12 2 10 7 2 "R"
12 -6 10 7 3 "R"
12 -12 10 7 4 "R"
12 -6 50 7 5 "A"
12 -6 50 7 6 "A"
12 -36 40 7 7 "V"
12 2 10 7 8 "R"
12 3 50 7 9 "A"
12 2 10 7 10 "R"
12 -12 50 7 11 "A"
12 4 10 7 12 "R"
12 4 10 7 13 "R"
12 1 50 7 14 "A"
12 1 50 7 15 "A"
12 3 40 7 16 "V"
12 -12 50 7 17 "A"
12 -6 10 7 18 "R"
12 5 10 7 19 "R"
12 -12 50 7 20 "A"
12 2 20 7 21 "F"
12 2 10 7 22 "R"
12 -3 20 7 23 "F"
12 4 10 7 24 "R"
12 3 50 7 25 "A"
12 1 50 7 26 "A"
12 -15 50 7 27 "A"
12 -6 10 7 28 "R"
12 -12 50 7 29 "A"
12 -6 50 7 30 "A"
12 -9 40 7 31 "V"
12 1 50 7 32 "A"
12 -12 50 7 33 "A"
12 2 20 7 34 "F"
12 -6 10 7 35 "R"
12 1 50 7 36 "A"
12 -12 50 7 37 "A"
12 -12 10 7 38 "R"
12 1 40 7 39 "V"
12 1 50 7 40 "A"
12 -12 50 7 41 "A"
12 -6 50 7 42 "A"
12 -12 50 7 43 "A"
12 -12 10 7 44 "R"
12 -12 10 7 45 "R"
12 1 50 7 46 "A"
12 3 50 7 47 "A"
12 3 50 7 48 "A"
12 1 50 7 49 "A"
12 2 10 7 50 "R"
12 -9 20 7 51 "F"
12 -6 10 7 52 "R"
12 2 20 7 53 "F"
12 -6 10 7 54 "R"
12 -3 20 7 55 "F"
12 2 10 7 56 "R"
12 -12 10 7 57 "R"
12 2 20 7 58 "F"
12 -12 10 7 59 "R"
12 1 50 7 60 "A"
12 -12 50 7 61 "A"
12 4 10 7 62 "R"
12 4 20 7 63 "F"
12 1 50 7 64 "A"
12 1 50 7 65 "A"
12 2 10 7 66 "R"
12 2 10 7 67 "R"
12 -6 10 7 68 "R"
12 -6 50 7 69 "A"
12 2 10 7 70 "R"
12 -3 20 7 71 "F"
12 2 10 7 72 "R"
12 -12 10 7 73 "R"
12 3 50 7 74 "A"
12 -15 10 7 75 "R"
12 -9 20 7 76 "F"
12 -15 50 7 77 "A"
12 -6 10 7 78 "R"
12 1 40 7 79 "V"
12 1 40 7 80 "V"
12 -12 10 7 81 "R"
12 -3 40 7 82 "V"
12 2 10 7 83 "R"
12 -6 10 7 84 "R"
12 -9 20 7 85 "F"
12 1 50 7 86 "A"
12 -15 10 7 87 "R"
12 1 50 7 88 "A"
12 -6 10 7 89 "R"
12 1 50 7 90 "A"
12 -3 20 7 91 "F"
12 -3 20 7 92 "F"
12 -9 40 7 93 "V"
12 -6 10 7 94 "R"
12 12 50 7 95 "A"
12 -9 20 7 96 "F"
12 -3 20 7 97 "F"
12 1 50 7 98 "A"
12 3 50 7 99 "A"
12 -6 10 7 100 "R"
12 4 10 7 101 "R"
12 2 10 7 102 "R"
12 2 20 7 103 "F"
12 2 10 7 104 "R"
12 12 50 7 105 "A"
12 -6 50 7 106 "A"
12 3 50 7 107 "A"
12 -6 50 7 108 "A"
12 3 50 7 109 "A"
12 -3 20 7 110 "F"
12 -6 10 7 111 "R"
12 -3 20 7 112 "F"
12 12 50 7 113 "A"
12 1 50 7 114 "A"
12 -6 10 8 1 "R"
12 1 40 8 2 "V"
12 -9 40 8 3 "V"
12 -3 40 8 4 "V"
12 -12 10 8 5 "R"
12 -6 10 8 6 "R"
12 -6 10 8 7 "R"
12 1 50 8 8 "A"
12 -12 10 8 9 "R"
12 80 50 8 10 "A"
12 4 10 8 11 "R"
12 -6 10 8 12 "R"
12 12 50 8 13 "A"
12 2 10 8 14 "R"
12 -12 50 8 15 "A"
12 -6 50 8 16 "A"
12 -12 50 8 17 "A"
12 1 50 8 18 "A"
12 -15 50 8 19 "A"
12 -6 50 8 20 "A"
12 4 10 8 21 "R"
12 -6 10 8 22 "R"
12 12 50 8 23 "A"
12 1 50 8 24 "A"
12 -12 50 8 25 "A"
12 1 50 8 26 "A"
12 -6 50 8 27 "A"
12 2 10 8 28 "R"
12 -12 50 8 29 "A"
12 -6 50 8 30 "A"
12 4 10 8 31 "R"
12 3 50 8 32 "A"
12 -6 10 8 33 "R"
12 -6 50 8 34 "A"
12 -12 50 8 35 "A"
12 2 20 8 36 "F"
12 4 10 8 37 "R"
12 -6 50 8 38 "A"
12 -15 10 8 39 "R"
12 1 50 8 40 "A"
12 -12 50 8 41 "A"
12 2 10 8 42 "R"
12 2 10 8 43 "R"
12 -6 50 8 44 "A"
12 3 50 8 45 "A"
12 1 50 8 46 "A"
12 1 50 8 47 "A"
12 3 50 8 48 "A"
12 -15 50 8 49 "A"
12 -12 50 8 50 "A"
12 3 50 8 51 "A"
12 1 50 8 52 "A"
12 -15 50 8 53 "A"
12 -6 50 8 54 "A"
12 -6 50 8 55 "A"
12 2 10 8 56 "R"
12 2 20 8 57 "F"
12 2 10 8 58 "R"
12 4 10 8 59 "R"
12 1 50 8 60 "A"
12 -6 50 8 61 "A"
12 1 50 8 62 "A"
12 3 50 8 63 "A"
12 -6 10 8 64 "R"
12 -6 50 8 65 "A"
12 1 50 8 66 "A"
12 3 50 8 67 "A"
12 -6 10 8 68 "R"
12 12 50 8 69 "A"
12 4 10 8 70 "R"
12 -6 10 8 71 "R"
12 -6 10 8 72 "R"
12 -6 50 8 73 "A"
12 2 20 8 74 "F"
12 12 50 8 75 "A"
12 -6 10 8 76 "R"
12 -12 50 8 77 "A"
12 2 10 8 78 "R"
12 -12 50 8 79 "A"
12 -6 50 8 80 "A"
12 -6 50 8 81 "A"
12 -12 50 8 82 "A"
12 4 10 8 83 "R"
12 -6 50 8 84 "A"
12 2 10 8 85 "R"
12 -3 40 8 86 "V"
12 1 50 8 87 "A"
12 -15 50 8 88 "A"
12 -6 10 8 89 "R"
12 3 50 8 90 "A"
12 3 50 8 91 "A"
12 1 50 8 92 "A"
12 3 50 8 93 "A"
12 1 50 8 94 "A"
12 -12 10 8 95 "R"
12 1 50 8 96 "A"
12 -6 50 8 97 "A"
12 1 50 8 98 "A"
12 -3 20 8 99 "F"
12 1 40 8 100 "V"
12 3 50 8 101 "A"
12 2 20 8 102 "F"
12 5 10 8 103 "R"
12 2 20 8 104 "F"
12 12 50 8 105 "A"
12 -6 50 8 106 "A"
12 -6 50 8 107 "A"
12 -6 50 8 108 "A"
12 -15 50 8 109 "A"
12 1 50 8 110 "A"
12 -12 50 8 111 "A"
12 -6 50 8 112 "A"
12 -3 40 8 113 "V"
12 2 20 8 114 "F"
12 1 50 8 115 "A"
12 -6 50 8 116 "A"
12 3 50 8 117 "A"
12 1 50 8 118 "A"
12 -12 10 8 119 "R"
12 -6 50 8 120 "A"
12 -6 50 8 121 "A"
12 -12 10 9 1 "R"
12 2 20 9 2 "F"
12 -6 10 9 3 "R"
12 -12 50 9 4 "A"
12 -6 50 9 5 "A"
12 -6 50 9 6 "A"
12 -15 50 9 7 "A"
12 2 10 9 8 "R"
12 4 20 9 9 "F"
12 1 50 9 10 "A"
12 -12 50 9 11 "A"
12 4 10 9 12 "R"
12 3 50 9 13 "A"
12 2 20 9 14 "F"
12 2 20 9 15 "F"
12 3 50 9 16 "A"
12 -12 50 9 17 "A"
12 -3 20 9 18 "F"
12 12 40 9 19 "V"
12 -12 50 9 20 "A"
12 2 20 9 21 "F"
12 1 50 9 22 "A"
12 -6 50 9 23 "A"
12 3 50 9 24 "A"
12 3 40 9 25 "V"
12 1 50 9 26 "A"
12 -15 50 9 27 "A"
12 -6 50 9 28 "A"
12 -12 50 9 29 "A"
12 -6 50 9 30 "A"
12 -12 50 9 31 "A"
12 1 50 9 32 "A"
12 -12 10 9 33 "R"
12 1 50 9 34 "A"
12 -6 50 9 35 "A"
12 2 10 9 36 "R"
12 -12 50 9 37 "A"
12 -12 50 9 38 "A"
12 2 20 9 39 "F"
12 1 50 9 40 "A"
12 -12 50 9 41 "A"
12 -3 20 9 42 "F"
12 -9 20 9 43 "F"
12 -12 10 9 44 "R"
12 -9 20 9 45 "F"
12 1 50 9 46 "A"
12 3 50 9 47 "A"
12 3 50 9 48 "A"
12 1 50 9 49 "A"
12 1 50 9 50 "A"
12 -12 50 9 51 "A"
12 -3 20 9 52 "F"
12 1 50 9 53 "A"
12 -6 50 9 54 "A"
12 -3 20 9 55 "F"
12 2 20 9 56 "F"
12 -12 50 9 57 "A"
12 2 20 9 58 "F"
12 -9 40 9 59 "V"
12 2 20 9 60 "F"
12 -12 50 9 61 "A"
12 4 10 9 62 "R"
12 4 20 9 63 "F"
12 1 50 9 64 "A"
12 1 50 9 65 "A"
12 2 10 9 66 "R"
12 2 10 9 67 "R"
12 -3 40 9 68 "V"
12 -6 50 9 69 "A"
12 1 50 9 70 "A"
12 -6 10 9 71 "R"
12 2 20 9 72 "F"
12 -12 50 9 73 "A"
12 4 20 9 74 "F"
12 -15 10 9 75 "R"
12 -12 50 9 76 "A"
12 -15 50 9 77 "A"
12 -6 50 9 78 "A"
12 1 50 9 79 "A"
12 2 20 9 80 "F"
12 -12 10 9 81 "R"
12 -3 20 9 82 "F"
12 2 20 9 83 "F"
12 -3 20 9 84 "F"
12 -12 50 9 85 "A"
12 2 20 9 86 "F"
12 -15 50 9 87 "A"
12 2 20 9 88 "F"
12 -6 50 9 89 "A"
12 2 20 9 90 "F"
12 -3 20 9 91 "F"
12 -3 20 9 92 "F"
12 -9 40 9 93 "V"
12 -6 50 9 94 "A"
12 5 10 9 95 "R"
12 -9 20 9 96 "F"
12 -6 50 9 97 "A"
12 1 50 9 98 "A"
12 4 20 9 99 "F"
12 -6 10 9 100 "R"
12 3 50 9 101 "A"
12 2 10 9 102 "R"
12 2 20 9 103 "F"
12 2 10 9 104 "R"
12 5 20 9 105 "F"
12 -6 50 9 106 "A"
12 3 50 9 107 "A"
12 -3 40 9 108 "V"
12 3 50 9 109 "A"
12 -6 50 9 110 "A"
12 -6 50 9 111 "A"
12 -6 50 9 112 "A"
12 5 10 9 113 "R"
12 2 20 9 114 "F"
12 -36 40 9 115 "V"
12 1 50 9 116 "A"
12 3 50 9 117 "A"
12 -3 20 9 118 "F"
12 4 20 9 119 "F"
12 -6 50 9 120 "A"
12 1 50 9 121 "A"
12 2 10 9 122 "R"
12 -3 20 9 123 "F"
12 -6 10 9 124 "R"
12 -12 50 9 125 "A"
12 -6 50 9 126 "A"
12 -36 20 9 127 "F"
12 -6 50 9 128 "A"
12 -6 50 9 129 "A"
12 -6 50 9 130 "A"
12 -12 50 9 131 "A"
12 4 10 10 1 "R"
12 -3 20 10 2 "F"
12 -12 50 10 3 "A"
12 -12 10 10 4 "R"
12 3 50 10 5 "A"
12 1 40 10 6 "V"
12 3 40 10 7 "V"
12 -6 10 10 8 "R"
12 3 50 10 9 "A"
12 2 20 10 10 "F"
12 -9 40 10 11 "V"
12 1 50 10 12 "A"
12 3 50 10 13 "A"
12 -6 10 10 14 "R"
12 -15 50 10 15 "A"
12 1 50 10 16 "A"
12 -3 40 10 17 "V"
12 -12 50 10 18 "A"
12 -12 10 10 19 "R"
12 -6 50 10 20 "A"
12 1 50 10 21 "A"
12 1 50 10 22 "A"
12 12 50 10 23 "A"
12 2 20 10 24 "F"
12 1 50 10 25 "A"
12 2 10 10 26 "R"
12 2 20 10 27 "F"
12 -6 10 10 28 "R"
12 1 50 10 29 "A"
12 -12 50 10 30 "A"
12 4 10 10 31 "R"
12 -3 20 10 32 "F"
12 -12 50 10 33 "A"
12 2 10 10 34 "R"
12 -36 40 10 35 "V"
12 -6 50 10 36 "A"
12 4 10 10 37 "R"
12 -3 20 10 38 "F"
12 -12 50 10 39 "A"
12 -6 50 10 40 "A"
12 -6 50 10 41 "A"
12 2 10 10 42 "R"
12 4 20 10 43 "F"
12 -6 10 10 44 "R"
12 -15 10 10 45 "R"
12 2 10 10 46 "R"
12 -36 20 10 47 "F"
12 -6 50 10 48 "A"
12 -12 10 10 49 "R"
12 -6 50 10 50 "A"
12 -12 10 10 51 "R"
12 1 40 10 52 "V"
12 3 50 10 53 "A"
12 3 50 10 54 "A"
12 -3 20 10 55 "F"
12 -6 50 10 56 "A"
12 -9 20 10 57 "F"
12 1 50 10 58 "A"
12 4 10 10 59 "R"
12 1 50 10 60 "A"
12 -6 10 10 61 "R"
12 1 50 10 62 "A"
12 3 50 10 63 "A"
12 -15 10 10 64 "R"
12 -12 50 10 65 "A"
12 -6 10 10 66 "R"
12 -6 10 10 67 "R"
12 -6 10 10 68 "R"
12 -6 50 10 69 "A"
12 -6 10 10 70 "R"
12 -15 50 10 71 "A"
12 -6 50 10 72 "A"
12 -12 10 10 73 "R"
12 -3 20 10 74 "F"
12 -12 50 10 75 "A"
12 -6 50 10 76 "A"
12 -12 10 10 77 "R"
12 -3 40 10 78 "V"
12 12 50 10 79 "A"
12 -9 20 10 80 "F"
12 3 50 10 81 "A"
12 3 50 10 82 "A"
12 -6 10 10 83 "R"
12 1 50 10 84 "A"
12 -6 50 10 85 "A"
12 1 50 10 86 "A"
12 -12 50 10 87 "A"
12 2 10 10 88 "R"
12 -12 10 10 89 "R"
12 1 50 10 90 "A"
12 -12 50 10 91 "A"
12 1 50 10 92 "A"
12 4 20 10 93 "F"
12 2 10 10 94 "R"
12 -6 10 10 95 "R"
12 -12 50 10 96 "A"
12 2 10 10 97 "R"
12 2 20 10 98 "F"
12 2 10 10 99 "R"
12 -3 20 10 100 "F"
12 1 50 10 101 "A"
12 3 50 10 102 "A"
12 4 10 10 103 "R"
12 -6 10 10 104 "R"
12 1 50 10 105 "A"
12 -6 50 10 106 "A"
12 3 50 10 107 "A"
12 -6 50 10 108 "A"
12 1 50 10 109 "A"
12 -6 50 10 110 "A"
12 -9 20 10 111 "F"
12 3 50 10 112 "A"
12 3 40 10 113 "V"
12 1 50 10 114 "A"
12 1 50 10 115 "A"
12 -3 20 10 116 "F"
12 1 50 10 117 "A"
12 1 40 10 118 "V"
12 -12 10 10 119 "R"
12 2 20 10 120 "F"
12 5 10 10 121 "R"
12 2 10 10 122 "R"
12 -6 10 10 123 "R"
12 1 50 10 124 "A"
12 1 50 10 125 "A"
12 2 10 10 126 "R"
12 -12 10 10 127 "R"
12 1 50 10 128 "A"
12 -9 20 10 129 "F"
12 1 50 10 130 "A"
12 -12 50 10 131 "A"
12 -6 10 10 132 "R"
12 3 50 10 133 "A"
12 -6 50 10 134 "A"
12 3 50 10 135 "A"
12 -6 10 10 136 "R"
12 -6 50 10 137 "A"
12 -6 50 10 138 "A"
12 1 50 10 139 "A"
12 -6 50 10 140 "A"
12 -6 50 11 1 "A"
12 1 50 11 2 "A"
12 -12 10 11 3 "R"
12 -6 50 11 4 "A"
12 -12 50 11 5 "A"
12 -6 50 11 6 "A"
12 -6 50 11 7 "A"
12 2 10 11 8 "R"
12 -12 50 11 9 "A"
12 -6 50 11 10 "A"
12 4 10 11 11 "R"
12 -6 50 11 12 "A"
12 12 50 11 13 "A"
12 2 20 11 14 "F"
12 -9 20 11 15 "F"
12 -6 50 11 16 "A"
12 -12 50 11 17 "A"
12 2 10 11 18 "R"
12 -36 20 11 19 "F"
12 -6 10 11 20 "R"
12 4 10 11 21 "R"
12 -6 10 11 22 "R"
12 12 50 11 23 "A"
12 2 10 11 24 "R"
12 -12 50 11 25 "A"
12 2 10 11 26 "R"
12 -6 10 11 27 "R"
12 1 50 11 28 "A"
12 -12 50 11 29 "A"
12 -6 50 11 30 "A"
12 4 10 11 31 "R"
12 3 50 11 32 "A"
12 -6 50 11 33 "A"
12 -6 10 11 34 "R"
12 -12 50 11 35 "A"
12 1 50 11 36 "A"
12 3 50 11 37 "A"
12 -6 10 11 38 "R"
12 -15 10 11 39 "R"
12 2 10 11 40 "R"
12 -12 50 11 41 "A"
12 2 10 11 42 "R"
12 2 10 11 43 "R"
12 -6 10 11 44 "R"
12 3 50 11 45 "A"
12 1 50 11 46 "A"
12 1 50 11 47 "A"
12 4 10 11 48 "R"
12 -15 10 11 49 "R"
12 -12 10 11 50 "R"
12 4 10 11 51 "R"
12 2 10 11 52 "R"
12 -15 10 11 53 "R"
12 -6 50 11 54 "A"
12 -6 50 11 55 "A"
12 1 50 11 56 "A"
12 1 40 11 57 "V"
12 2 10 11 58 "R"
12 3 50 11 59 "A"
12 2 10 11 60 "R"
12 -6 10 11 61 "R"
12 1 50 11 62 "A"
12 3 50 11 63 "A"
12 -6 50 11 64 "A"
12 -6 50 11 65 "A"
12 2 10 11 66 "R"
12 3 50 11 67 "A"
12 -6 50 11 68 "A"
12 12 50 11 69 "A"
12 4 10 11 70 "R"
12 -3 20 11 71 "F"
12 -6 10 11 72 "R"
12 -6 10 11 73 "R"
12 2 10 11 74 "R"
12 12 50 11 75 "A"
12 -6 50 11 76 "A"
12 -12 10 11 77 "R"
12 2 10 11 78 "R"
12 -12 10 11 79 "R"
12 -6 10 11 80 "R"
12 -6 50 11 81 "A"
12 -12 50 11 82 "A"
12 3 50 11 83 "A"
12 -6 50 11 84 "A"
12 2 10 11 85 "R"
12 -6 10 11 86 "R"
12 2 10 11 87 "R"
12 -36 20 11 88 "F"
12 -6 50 11 89 "A"
12 3 50 11 90 "A"
12 3 50 11 91 "A"
12 1 50 11 92 "A"
12 3 50 11 93 "A"
12 1 50 11 94 "A"
12 -12 50 11 95 "A"
12 2 10 11 96 "R"
12 -6 10 11 97 "R"
12 1 50 11 98 "A"
12 -3 20 11 99 "F"
12 1 50 11 100 "A"
12 4 10 11 101 "R"
12 1 50 11 102 "A"
12 12 50 11 103 "A"
12 1 50 11 104 "A"
12 5 10 11 105 "R"
12 -6 10 11 106 "R"
12 -6 10 11 107 "R"
12 -6 50 11 108 "A"
12 -15 10 11 109 "R"
12 2 10 11 110 "R"
12 -12 10 11 111 "R"
12 -3 20 11 112 "F"
12 -6 10 11 113 "R"
12 1 50 11 114 "A"
12 1 50 11 115 "A"
12 -6 50 11 116 "A"
12 4 10 11 117 "R"
12 2 10 11 118 "R"
12 -12 10 11 119 "R"
12 -6 10 11 120 "R"
12 -6 10 11 121 "R"
12 1 50 11 122 "A"
12 -12 50 11 123 "A"
12 1 50 11 124 "A"
12 -6 50 11 125 "A"
12 1 50 11 126 "A"
12 3 50 11 127 "A"
12 2 20 11 128 "F"
12 -12 50 11 129 "A"
12 1 50 12 1 "A"
12 -6 50 12 2 "A"
12 -12 10 12 3 "R"
12 3 50 12 4 "A"
12 -6 50 12 5 "A"
12 1 50 12 6 "A"
12 -12 50 12 7 "A"
12 1 50 12 8 "A"
12 -12 10 12 9 "R"
12 2 10 12 10 "R"
12 -15 10 12 11 "R"
12 -6 10 12 12 "R"
12 -12 10 12 13 "R"
12 4 10 12 14 "R"
12 -6 50 12 15 "A"
12 1 50 12 16 "A"
12 3 50 12 17 "A"
12 2 10 12 18 "R"
12 3 50 12 19 "A"
12 -12 10 12 20 "R"
12 -12 50 12 21 "A"
12 1 50 12 22 "A"
12 -12 50 12 23 "A"
12 -12 50 12 24 "A"
12 3 50 12 25 "A"
12 2 10 12 26 "R"
12 -3 40 12 27 "V"
12 -6 10 12 28 "R"
12 -12 50 12 29 "A"
12 -6 50 12 30 "A"
12 -6 50 12 31 "A"
12 -6 50 12 32 "A"
12 -6 50 12 33 "A"
12 3 50 12 34 "A"
12 -6 50 12 35 "A"
12 -6 10 12 36 "R"
12 -12 10 12 37 "R"
12 3 50 12 38 "A"
12 5 10 12 39 "R"
12 -6 50 12 40 "A"
12 -6 10 12 41 "R"
12 1 50 12 42 "A"
12 -12 50 12 43 "A"
12 -6 10 12 44 "R"
12 3 50 12 45 "A"
12 -6 50 12 46 "A"
12 1 50 12 47 "A"
12 -6 50 12 48 "A"
12 -12 10 12 49 "R"
12 1 50 12 50 "A"
12 -12 10 12 51 "R"
12 -6 50 12 52 "A"
12 1 50 12 53 "A"
12 -6 10 12 54 "R"
12 4 10 12 55 "R"
12 1 50 12 56 "A"
12 4 10 12 57 "R"
12 1 50 12 58 "A"
12 3 50 12 59 "A"
12 -6 10 12 60 "R"
12 -15 10 12 61 "R"
12 1 50 12 62 "A"
12 -6 50 12 63 "A"
12 1 50 12 64 "A"
12 -12 50 12 65 "A"
12 -6 50 12 66 "A"
12 -15 50 12 67 "A"
12 -6 10 12 68 "R"
12 1 50 12 69 "A"
12 -6 10 12 70 "R"
12 4 10 12 71 "R"
12 4 10 12 72 "R"
12 -15 10 12 73 "R"
12 -6 50 12 74 "A"
12 2 10 12 75 "R"
12 -12 50 12 76 "A"
12 -3 40 12 77 "V"
12 -6 50 12 78 "A"
12 -6 10 12 79 "R"
12 2 10 12 80 "R"
12 3 50 12 81 "A"
12 -6 50 12 82 "A"
12 4 10 12 83 "R"
12 -6 50 12 84 "A"
12 -15 50 12 85 "A"
12 -6 50 12 86 "A"
12 -6 50 12 87 "A"
12 -6 10 12 88 "R"
12 -12 10 12 89 "R"
12 1 50 12 90 "A"
12 12 50 12 91 "A"
12 1 50 12 92 "A"
12 -12 50 12 93 "A"
12 -12 50 12 94 "A"
12 1 50 12 95 "A"
12 -12 50 12 96 "A"
12 3 50 12 97 "A"
12 1 50 12 98 "A"
12 -15 50 12 99 "A"
12 -6 50 12 100 "A"
12 1 50 12 101 "A"
12 -6 50 12 102 "A"
12 -15 10 12 103 "R"
12 2 10 12 104 "R"
12 -12 50 12 105 "A"
12 1 50 12 106 "A"
12 3 50 12 107 "A"
12 -6 50 12 108 "A"
12 -3 20 12 109 "F"
12 -6 10 12 110 "R"
12 2 10 12 111 "R"
12 -3 20 12 112 "F"
12 -15 10 12 113 "R"
12 2 10 12 114 "R"
12 1 50 13 1 "A"
12 1 50 13 2 "A"
12 4 10 13 3 "R"
12 -6 50 13 4 "A"
12 -12 50 13 5 "A"
12 2 10 13 6 "R"
12 1 50 13 7 "A"
12 -6 10 13 8 "R"
12 -12 50 13 9 "A"
12 1 50 13 10 "A"
12 2 10 13 11 "R"
12 1 50 13 12 "A"
12 2 10 13 13 "R"
12 -3 40 13 14 "V"
12 -6 50 13 15 "A"
12 -6 10 13 16 "R"
12 -12 50 13 17 "A"
12 -6 10 13 18 "R"
12 -12 10 13 19 "R"
12 2 10 13 20 "R"
12 4 10 13 21 "R"
12 -12 10 13 22 "R"
12 -9 40 13 23 "V"
12 1 50 13 24 "A"
12 2 20 13 25 "F"
12 -12 50 13 26 "A"
12 1 50 13 27 "A"
12 -6 10 13 28 "R"
12 -15 10 13 29 "R"
12 4 10 13 30 "R"
12 -6 10 13 31 "R"
12 1 50 13 32 "A"
12 12 50 13 33 "A"
12 -12 50 13 34 "A"
12 -15 50 13 35 "A"
12 -6 50 13 36 "A"
12 3 50 13 37 "A"
12 2 10 13 38 "R"
12 -12 10 13 39 "R"
12 1 50 13 40 "A"
12 5 10 13 41 "R"
12 4 10 13 42 "R"
12 -12 10 13 43 "R"
12 2 10 13 44 "R"
12 -12 50 13 45 "A"
12 2 20 13 46 "F"
12 -15 10 13 47 "R"
12 2 20 13 48 "F"
12 4 10 13 49 "R"
12 2 10 13 50 "R"
12 -6 10 13 51 "R"
12 2 10 13 52 "R"
12 4 10 13 53 "R"
12 -6 50 13 54 "A"
12 12 50 13 55 "A"
12 -6 50 13 56 "A"
12 -12 50 13 57 "A"
12 1 40 13 58 "V"
12 3 50 13 59 "A"
12 80 50 13 60 "A"
12 -6 50 13 61 "A"
12 -6 10 13 62 "R"
12 5 10 13 63 "R"
12 2 10 13 64 "R"
12 3 50 13 65 "A"
12 -6 10 13 66 "R"
12 1 50 13 67 "A"
12 1 50 13 68 "A"
12 -6 50 13 69 "A"
12 -6 50 13 70 "A"
12 2 20 13 71 "F"
12 -6 10 13 72 "R"
12 -12 10 13 73 "R"
12 4 10 13 74 "R"
12 5 10 13 75 "R"
12 2 10 13 76 "R"
12 -12 50 13 77 "A"
12 -6 50 13 78 "A"
12 3 50 13 79 "A"
12 -12 50 13 80 "A"
12 4 10 13 81 "R"
12 1 50 13 82 "A"
12 -6 10 13 83 "R"
12 -6 50 13 84 "A"
12 3 50 13 85 "A"
12 -6 10 13 86 "R"
12 4 20 13 87 "F"
12 -6 10 13 88 "R"
12 3 50 13 89 "A"
12 1 50 13 90 "A"
12 -12 50 13 91 "A"
12 -6 50 13 92 "A"
12 12 50 13 93 "A"
12 -6 50 13 94 "A"
12 -9 20 13 95 "F"
12 4 10 13 96 "R"
12 4 10 13 97 "R"
12 3 50 13 98 "A"
12 2 20 13 99 "F"
12 1 50 13 100 "A"
12 2 20 13 101 "F"
12 4 10 13 102 "R"
12 5 10 13 103 "R"
12 -12 10 13 104 "R"
12 5 20 13 105 "F"
12 -6 10 13 106 "R"
12 -6 10 13 107 "R"
12 -6 50 13 108 "A"
12 3 50 13 109 "A"
12 -3 20 13 110 "F"
12 2 10 13 111 "R"
12 -6 10 13 112 "R"
12 2 10 13 113 "R"
12 1 50 13 114 "A"
12 -3 20 13 115 "F"
12 -6 10 13 116 "R"
12 -15 10 13 117 "R"
12 -12 50 14 1 "A"
12 1 50 14 2 "A"
12 -9 20 14 3 "F"
12 -6 50 14 4 "A"
12 -12 50 14 5 "A"
12 -3 20 14 6 "F"
12 -12 10 14 7 "R"
12 -6 50 14 8 "A"
12 -15 50 14 9 "A"
12 -6 50 14 10 "A"
12 2 10 14 11 "R"
12 2 10 14 12 "R"
12 3 50 14 13 "A"
12 -6 50 14 14 "A"
12 3 50 14 15 "A"
12 1 50 14 16 "A"
12 4 10 14 17 "R"
12 1 50 14 18 "A"
12 -15 50 14 19 "A"
12 -3 20 14 20 "F"
12 -12 10 14 21 "R"
12 -6 50 14 22 "A"
12 1 50 14 23 "A"
12 2 10 14 24 "R"
12 3 50 14 25 "A"
12 -12 50 14 26 "A"
12 -12 50 14 27 "A"
12 -6 50 14 28 "A"
12 3 50 14 29 "A"
12 -6 10 14 30 "R"
12 -12 50 14 31 "A"
12 -15 50 14 32 "A"
12 12 50 14 33 "A"
12 -6 50 14 34 "A"
12 2 20 14 35 "F"
12 -6 50 14 36 "A"
12 1 50 14 37 "A"
12 4 20 14 38 "F"
12 1 50 14 39 "A"
12 2 10 14 40 "R"
12 -6 10 14 41 "R"
12 -6 50 14 42 "A"
12 -6 50 14 43 "A"
12 1 50 14 44 "A"
12 -6 50 14 45 "A"
12 -6 50 14 46 "A"
12 -12 50 14 47 "A"
12 -12 50 14 48 "A"
12 -6 10 14 49 "R"
12 -6 50 14 50 "A"
12 4 10 14 51 "R"
12 2 10 14 52 "R"
12 5 10 14 53 "R"
12 -6 50 14 54 "A"
12 -12 50 14 55 "A"
12 2 10 14 56 "R"
12 -12 10 14 57 "R"
12 2 10 14 58 "R"
12 -6 10 14 59 "R"
12 2 10 14 60 "R"
12 -12 10 14 61 "R"
12 1 50 14 62 "A"
12 3 50 14 63 "A"
12 -3 40 14 64 "V"
12 4 20 14 65 "F"
12 1 50 14 66 "A"
12 -12 50 14 67 "A"
12 2 10 14 68 "R"
12 3 50 14 69 "A"
12 -6 10 14 70 "R"
12 2 10 14 71 "R"
12 -6 50 14 72 "A"
12 -12 50 14 73 "A"
12 -6 50 14 74 "A"
12 -15 50 14 75 "A"
12 1 50 14 76 "A"
12 -12 50 14 77 "A"
12 1 50 14 78 "A"
12 -12 50 14 79 "A"
12 1 40 14 80 "V"
12 -9 20 14 81 "F"
12 -6 10 14 82 "R"
12 3 50 14 83 "A"
12 2 10 14 84 "R"
12 3 50 14 85 "A"
12 -6 50 14 86 "A"
12 -12 50 14 87 "A"
12 1 50 14 88 "A"
12 -6 50 14 89 "A"
12 -6 10 14 90 "R"
12 -12 50 14 91 "A"
12 -6 10 14 92 "R"
12 5 10 14 93 "R"
12 2 10 14 94 "R"
12 -12 10 14 95 "R"
12 -6 50 14 96 "A"
12 12 50 14 97 "A"
12 -6 50 14 98 "A"
12 -6 50 14 99 "A"
12 -6 50 14 100 "A"
12 -15 50 14 101 "A"
12 -3 20 14 102 "F"
12 -12 10 14 103 "R"
12 4 10 14 104 "R"
12 -12 50 15 1 "A"
12 2 10 15 2 "R"
12 -6 50 15 3 "A"
12 -12 50 15 4 "A"
12 -6 50 15 5 "A"
12 -6 10 15 6 "R"
12 -15 50 15 7 "A"
12 1 50 15 8 "A"
12 3 50 15 9 "A"
12 1 50 15 10 "A"
12 -12 10 15 11 "R"
12 3 50 15 12 "A"
12 3 50 15 13 "A"
12 2 10 15 14 "R"
12 1 50 15 15 "A"
12 3 50 15 16 "A"
12 -12 10 15 17 "R"
12 -6 50 15 18 "A"
12 5 10 15 19 "R"
12 -12 10 15 20 "R"
12 1 50 15 21 "A"
12 2 20 15 22 "F"
12 -6 50 15 23 "A"
12 3 50 15 24 "A"
12 4 10 15 25 "R"
12 2 10 15 26 "R"
12 -15 10 15 27 "R"
12 -6 10 15 28 "R"
12 -12 50 15 29 "A"
12 -6 50 15 30 "A"
12 -12 50 15 31 "A"
12 1 50 15 32 "A"
12 -9 20 15 33 "F"
12 2 10 15 34 "R"
12 -6 50 15 35 "A"
12 1 50 15 36 "A"
12 -12 50 15 37 "A"
12 -12 50 15 38 "A"
12 2 20 15 39 "F"
12 2 20 15 40 "F"
12 -12 50 15 41 "A"
12 -6 50 15 42 "A"
12 -12 10 15 43 "R"
12 -12 50 15 44 "A"
12 -12 50 15 45 "A"
12 2 10 15 46 "R"
12 3 50 15 47 "A"
12 4 20 15 48 "F"
12 1 50 15 49 "A"
12 2 10 15 50 "R"
12 -12 50 15 51 "A"
12 -6 50 15 52 "A"
12 2 20 15 53 "F"
12 -6 50 15 54 "A"
12 -6 50 15 55 "A"
12 2 10 15 56 "R"
12 -12 50 15 57 "A"
12 2 20 15 58 "F"
12 -12 10 15 59 "R"
12 2 10 15 60 "R"
12 -12 50 15 61 "A"
12 4 20 15 62 "F"
12 4 10 15 63 "R"
12 2 10 15 64 "R"
12 2 20 15 65 "F"
12 1 50 15 66 "A"
12 1 50 15 67 "A"
12 -6 50 15 68 "A"
12 -6 50 15 69 "A"
12 1 50 15 70 "A"
12 -6 50 15 71 "A"
12 2 10 15 72 "R"
12 -12 50 15 73 "A"
12 3 50 15 74 "A"
12 -15 10 15 75 "R"
12 -12 10 15 76 "R"
12 -15 50 15 77 "A"
12 -3 20 15 78 "F"
12 1 50 15 79 "A"
12 2 10 15 80 "R"
12 -12 10 15 81 "R"
12 -6 50 15 82 "A"
12 2 10 15 83 "R"
12 -6 50 15 84 "A"
12 -9 20 15 85 "F"
12 2 10 15 86 "R"
12 -15 10 15 87 "R"
12 1 50 15 88 "A"
12 -6 50 15 89 "A"
12 2 10 15 90 "R"
12 -6 10 15 91 "R"
12 -6 10 15 92 "R"
12 -12 50 15 93 "A"
12 -6 50 15 94 "A"
12 12 50 15 95 "A"
12 -12 10 15 96 "R"
12 -6 50 15 97 "A"
12 1 50 15 98 "A"
12 4 10 15 99 "R"
12 -6 50 15 100 "A"
12 3 50 15 101 "A"
12 2 20 15 102 "F"
12 2 10 15 103 "R"
12 2 10 15 104 "R"
12 12 50 15 105 "A"
12 -6 50 15 106 "A"
12 3 50 15 107 "A"
12 -6 50 15 108 "A"
12 3 50 15 109 "A"
12 -6 10 15 110 "R"
12 -6 10 15 111 "R"
12 -6 50 15 112 "A"
12 5 10 15 113 "R"
12 1 50 15 114 "A"
12 -36 20 15 115 "F"
12 1 50 15 116 "A"
12 4 10 15 117 "R"
12 -6 10 15 118 "R"
12 4 10 15 119 "R"
12 -6 50 15 120 "A"
12 1 50 15 121 "A"
12 2 10 15 122 "R"
12 -6 50 15 123 "A"
12 -6 50 15 124 "A"
12 -9 20 15 125 "F"
12 -6 50 15 126 "A"
12 -36 20 15 127 "F"
12 -6 10 15 128 "R"
12 -6 10 15 129 "R"
12 -3 20 15 130 "F"
12 -12 50 15 131 "A"
12 -6 10 15 132 "R"
12 -12 50 15 133 "A"
12 -12 50 16 1 "A"
12 1 50 16 2 "A"
12 -9 20 16 3 "F"
12 -6 50 16 4 "A"
12 -12 50 16 5 "A"
12 -6 50 16 6 "A"
12 -12 50 16 7 "A"
12 -6 50 16 8 "A"
12 -15 10 16 9 "R"
12 -3 20 16 10 "F"
12 1 50 16 11 "A"
12 1 50 16 12 "A"
12 4 20 16 13 "F"
12 -6 50 16 14 "A"
12 3 50 16 15 "A"
12 2 20 16 16 "F"
12 3 50 16 17 "A"
12 1 50 16 18 "A"
12 -15 50 16 19 "A"
12 -3 20 16 20 "F"
12 -9 20 16 21 "F"
12 -3 20 16 22 "F"
12 1 50 16 23 "A"
12 2 20 16 24 "F"
12 3 50 16 25 "A"
12 -9 20 16 26 "F"
12 -9 20 16 27 "F"
12 -6 50 16 28 "A"
12 3 50 16 29 "A"
12 -3 20 16 30 "F"
12 -9 20 16 31 "F"
12 -15 50 16 32 "A"
12 5 20 16 33 "F"
12 -3 20 16 34 "F"
12 1 50 16 35 "A"
12 -6 50 16 36 "A"
12 2 20 16 37 "F"
12 3 50 16 38 "A"
12 1 50 16 39 "A"
12 1 40 16 40 "V"
12 -3 20 16 41 "F"
12 -6 50 16 42 "A"
12 -3 20 16 43 "F"
12 2 20 16 44 "F"
12 -3 20 16 45 "F"
12 -6 50 16 46 "A"
12 -12 50 16 47 "A"
12 -9 20 16 48 "F"
12 -3 20 16 49 "F"
12 -3 20 16 50 "F"
12 4 20 16 51 "F"
12 2 20 16 52 "F"
12 5 20 16 53 "F"
12 -3 20 16 54 "F"
12 -12 50 16 55 "A"
12 2 20 16 56 "F"
12 -9 20 16 57 "F"
12 2 10 16 58 "R"
12 -6 50 16 59 "A"
12 1 50 16 60 "A"
12 -12 50 16 61 "A"
12 2 20 16 62 "F"
12 3 50 16 63 "A"
12 -3 20 16 64 "F"
12 4 20 16 65 "F"
12 2 10 16 66 "R"
12 -12 50 16 67 "A"
12 1 50 16 68 "A"
12 3 50 16 69 "A"
12 -3 20 16 70 "F"
12 2 20 16 71 "F"
12 -3 20 16 72 "F"
12 -9 20 16 73 "F"
12 -3 20 16 74 "F"
12 -15 50 16 75 "A"
12 1 50 16 76 "A"
12 -9 20 16 77 "F"
12 2 20 16 78 "F"
12 -9 20 16 79 "F"
12 1 50 16 80 "A"
12 -9 20 16 81 "F"
12 -3 20 16 82 "F"
12 3 40 16 83 "V"
12 1 50 16 84 "A"
12 3 50 16 85 "A"
12 -3 20 16 86 "F"
12 -9 20 16 87 "F"
12 1 50 16 88 "A"
12 -6 50 16 89 "A"
12 -6 50 16 90 "A"
12 -12 50 16 91 "A"
12 -3 20 16 92 "F"
12 5 20 16 93 "F"
12 2 20 16 94 "F"
12 -9 20 16 95 "F"
12 -3 20 16 96 "F"
12 5 20 16 97 "F"
12 -6 50 16 98 "A"
12 -3 20 16 99 "F"
12 -6 10 16 100 "R"
12 -15 10 16 101 "R"
12 -6 10 16 102 "R"
12 -9 20 16 103 "F"
12 3 50 16 104 "A"
12 2 10 16 105 "R"
12 4 10 16 106 "R"
12 1 50 16 107 "A"
12 -3 20 16 108 "F"
12 1 50 16 109 "A"
12 -3 20 16 110 "F"
12 -9 20 16 111 "F"
12 -3 20 16 112 "F"
12 4 20 16 113 "F"
12 -12 50 16 114 "A"
12 -6 50 16 115 "A"
12 -12 50 17 1 "A"
12 2 10 17 2 "R"
12 -3 40 17 3 "V"
12 -12 50 17 4 "A"
12 -6 10 17 5 "R"
12 -6 10 17 6 "R"
12 -15 50 17 7 "A"
12 1 50 17 8 "A"
12 4 20 17 9 "F"
12 2 20 17 10 "F"
12 -12 10 17 11 "R"
12 3 50 17 12 "A"
12 4 10 17 13 "R"
12 2 10 17 14 "R"
12 1 50 17 15 "A"
12 3 50 17 16 "A"
12 -12 10 17 17 "R"
12 -6 10 17 18 "R"
12 5 10 17 19 "R"
12 -12 50 17 20 "A"
12 1 50 17 21 "A"
12 2 10 17 22 "R"
12 -6 50 17 23 "A"
12 3 50 17 24 "A"
12 3 50 17 25 "A"
12 2 10 17 26 "R"
12 -15 50 17 27 "A"
12 -6 50 17 28 "A"
12 -9 20 17 29 "F"
12 -6 10 17 30 "R"
12 -12 50 17 31 "A"
12 1 50 17 32 "A"
12 -12 50 17 33 "A"
12 2 10 17 34 "R"
12 -6 50 17 35 "A"
12 1 50 17 36 "A"
12 -12 50 17 37 "A"
12 -12 50 17 38 "A"
12 1 50 17 39 "A"
12 2 10 17 40 "R"
12 -12 10 17 41 "R"
12 -6 50 17 42 "A"
12 -12 50 17 43 "A"
12 -12 10 17 44 "R"
12 -12 10 17 45 "R"
12 1 50 17 46 "A"
12 4 10 17 47 "R"
12 4 20 17 48 "F"
12 1 50 17 49 "A"
12 2 20 17 50 "F"
12 -12 10 17 51 "R"
12 -6 50 17 52 "A"
12 2 10 17 53 "R"
12 -6 10 17 54 "R"
12 -6 50 17 55 "A"
12 1 50 17 56 "A"
12 -12 10 17 57 "R"
12 2 20 17 58 "F"
12 -12 10 17 59 "R"
12 1 50 17 60 "A"
12 -12 50 17 61 "A"
12 4 20 17 62 "F"
12 3 50 17 63 "A"
12 1 50 17 64 "A"
12 1 50 17 65 "A"
12 1 50 17 66 "A"
12 2 10 17 67 "R"
12 -6 50 17 68 "A"
12 -6 50 17 69 "A"
12 1 50 17 70 "A"
12 -6 50 17 71 "A"
12 1 50 17 72 "A"
12 -12 10 17 73 "R"
12 4 10 17 74 "R"
12 -15 50 17 75 "A"
12 -9 20 17 76 "F"
12 -15 10 17 77 "R"
12 -6 50 17 78 "A"
12 1 50 17 79 "A"
12 1 40 17 80 "V"
12 -12 50 17 81 "A"
12 -3 20 17 82 "F"
12 2 10 17 83 "R"
12 -6 10 17 84 "R"
12 -12 10 17 85 "R"
12 2 10 17 86 "R"
12 -15 50 17 87 "A"
12 2 10 17 88 "R"
12 -6 50 17 89 "A"
12 2 10 17 90 "R"
12 -6 10 17 91 "R"
12 -6 10 17 92 "R"
12 -12 50 17 93 "A"
12 -6 10 17 94 "R"
12 12 50 17 95 "A"
12 -12 50 17 96 "A"
12 -6 50 17 97 "A"
12 1 50 17 98 "A"
12 4 10 17 99 "R"
12 -6 10 17 100 "R"
12 3 50 17 101 "A"
12 2 10 17 102 "R"
12 1 50 17 103 "A"
12 2 20 17 104 "F"
12 5 10 17 105 "R"
12 -6 10 17 106 "R"
12 4 10 17 107 "R"
12 -6 10 17 108 "R"
12 3 40 17 109 "V"
12 -6 50 17 110 "A"
12 -6 50 17 111 "A"
12 -3 20 17 112 "F"
12 12 50 17 113 "A"
12 1 50 17 114 "A"
12 -36 20 17 115 "F"
12 -3 20 18 1 "F"
12 2 20 18 2 "F"
12 2 10 18 3 "R"
12 -6 50 18 4 "A"
12 -12 50 18 5 "A"
12 1 50 18 6 "A"
12 -12 10 18 7 "R"
12 -6 10 18 8 "R"
12 -12 50 18 9 "A"
12 3 50 18 10 "A"
12 -6 50 18 11 "A"
12 2 10 18 12 "R"
12 -12 10 18 13 "R"
12 -6 10 18 14 "R"
12 4 20 18 15 "F"
12 2 10 18 16 "R"
12 2 10 18 17 "R"
12 1 50 18 18 "A"
12 -12 50 18 19 "A"
12 -3 20 18 20 "F"
12 1 50 18 21 "A"
12 2 10 18 22 "R"
12 3 50 18 23 "A"
12 -9 20 18 24 "F"
12 4 10 18 25 "R"
12 2 10 18 26 "R"
12 5 10 18 27 "R"
12 -6 10 18 28 "R"
12 4 20 18 29 "F"
12 -6 50 18 30 "A"
12 -15 50 18 31 "A"
12 -6 50 18 32 "A"
12 -9 20 18 33 "F"
12 2 10 18 34 "R"
12 -12 50 18 35 "A"
12 -6 10 18 36 "R"
12 -12 10 18 37 "R"
12 -6 50 18 38 "A"
12 -3 20 18 39 "F"
12 1 50 18 40 "A"
12 -6 50 18 41 "A"
12 2 10 18 42 "R"
12 -15 50 18 43 "A"
12 4 20 18 44 "F"
12 -6 10 18 45 "R"
12 -12 10 18 46 "R"
12 2 10 18 47 "R"
12 1 50 18 48 "A"
12 -6 50 18 49 "A"
12 2 10 18 50 "R"
12 -12 10 18 51 "R"
12 1 50 18 52 "A"
12 2 10 18 53 "R"
12 2 10 18 54 "R"
12 1 50 18 55 "A"
12 2 20 18 56 "F"
12 2 10 18 57 "R"
12 4 10 18 58 "R"
12 -9 40 18 59 "V"
12 1 50 18 60 "A"
12 -12 50 18 61 "A"
12 4 10 18 62 "R"
12 -12 10 18 63 "R"
12 -6 10 18 64 "R"
12 1 50 18 65 "A"
12 1 50 18 66 "A"
12 -6 10 18 67 "R"
12 -6 50 18 68 "A"
12 -6 50 18 69 "A"
12 2 20 18 70 "F"
12 5 10 18 71 "R"
12 4 10 18 72 "R"
12 -12 50 18 73 "A"
12 -6 50 18 74 "A"
12 12 50 18 75 "A"
12 -6 10 18 76 "R"
12 -6 50 18 77 "A"
12 -3 20 18 78 "F"
12 1 50 18 79 "A"
12 2 10 18 80 "R"
12 -6 10 18 81 "R"
12 -12 50 18 82 "A"
12 4 10 18 83 "R"
12 2 20 18 84 "F"
12 -6 10 18 85 "R"
12 -3 20 18 86 "F"
12 -36 20 18 87 "F"
12 -6 50 18 88 "A"
12 -12 50 18 89 "A"
12 -6 10 18 90 "R"
12 -12 10 18 91 "R"
12 2 10 18 92 "R"
12 1 50 18 93 "A"
12 -12 50 18 94 "A"
12 -12 50 18 95 "A"
12 2 10 18 96 "R"
12 -12 50 18 97 "A"
12 1 50 18 98 "A"
12 4 10 18 99 "R"
12 2 10 18 100 "R"
12 12 50 18 101 "A"
12 2 10 18 102 "R"
12 2 10 18 103 "R"
12 -6 10 18 104 "R"
12 1 50 18 105 "A"
12 -6 50 18 106 "A"
12 -3 40 18 107 "V"
12 -6 10 18 108 "R"
12 3 50 18 109 "A"
12 -12 50 18 110 "A"
12 5 10 18 111 "R"
12 -12 50 18 112 "A"
12 3 50 18 113 "A"
12 -36 20 18 114 "F"
12 4 20 18 115 "F"
12 2 10 18 116 "R"
12 -6 10 18 117 "R"
12 4 10 18 118 "R"
12 -15 10 18 119 "R"
12 1 50 18 120 "A"
12 12 50 18 121 "A"
12 2 10 18 122 "R"
12 -6 50 18 123 "A"
12 2 20 18 124 "F"
12 -12 10 18 125 "R"
12 -6 10 18 126 "R"
12 1 50 18 127 "A"
12 -6 50 18 128 "A"
12 4 10 19 1 "R"
12 -6 50 19 2 "A"
12 -9 20 19 3 "F"
12 -12 50 19 4 "A"
12 4 10 19 5 "R"
12 2 10 19 6 "R"
12 3 50 19 7 "A"
12 -3 20 19 8 "F"
12 4 10 19 9 "R"
12 2 10 19 10 "R"
12 -12 10 19 11 "R"
12 1 50 19 12 "A"
12 3 50 19 13 "A"
12 -6 10 19 14 "R"
12 -15 10 19 15 "R"
12 2 10 19 16 "R"
12 -6 50 19 17 "A"
12 -12 10 19 18 "R"
12 -12 50 19 19 "A"
12 -6 10 19 20 "R"
12 1 50 19 21 "A"
12 1 50 19 22 "A"
12 12 50 19 23 "A"
12 2 10 19 24 "R"
12 2 10 19 25 "R"
12 2 10 19 26 "R"
12 2 10 19 27 "R"
12 -6 50 19 28 "A"
12 2 20 19 29 "F"
12 -12 10 19 30 "R"
12 3 50 19 31 "A"
12 -3 20 19 32 "F"
12 -12 10 19 33 "R"
12 2 20 19 34 "F"
12 -15 10 19 35 "R"
12 -6 50 19 36 "A"
12 3 50 19 37 "A"
12 -6 10 19 38 "R"
12 -9 20 19 39 "F"
12 -6 10 19 40 "R"
12 -6 10 19 41 "R"
12 2 20 19 42 "F"
12 4 10 19 43 "R"
12 -6 50 19 44 "A"
12 -36 20 19 45 "F"
12 1 50 19 46 "A"
12 -15 50 19 47 "A"
12 -6 50 19 48 "A"
12 -12 50 19 49 "A"
12 -6 50 19 50 "A"
12 -12 50 19 51 "A"
12 1 50 19 52 "A"
12 4 10 19 53 "R"
12 4 10 19 54 "R"
12 -6 10 19 55 "R"
12 -6 50 19 56 "A"
12 -12 50 19 57 "A"
12 2 20 19 58 "F"
12 4 10 19 59 "R"
12 -240 20 19 60 "F"
12 -3 20 19 61 "F"
12 1 50 19 62 "A"
12 3 50 19 63 "A"
12 -15 50 19 64 "A"
12 -12 50 19 65 "A"
12 -6 10 19 66 "R"
12 -6 10 19 67 "R"
12 -6 10 19 68 "R"
12 -6 50 19 69 "A"
12 -6 50 19 70 "A"
12 -15 50 19 71 "A"
12 -6 50 19 72 "A"
12 -12 50 19 73 "A"
12 -3 20 19 74 "F"
12 -12 10 19 75 "R"
12 -6 50 19 76 "A"
12 -9 40 19 77 "V"
12 -6 10 19 78 "R"
12 5 20 19 79 "F"
12 -12 50 19 80 "A"
12 3 50 19 81 "A"
12 3 50 19 82 "A"
12 -3 20 19 83 "F"
12 2 10 19 84 "R"
12 -6 50 19 85 "A"
12 2 20 19 86 "F"
12 -12 10 19 87 "R"
12 1 50 19 88 "A"
12 -12 50 19 89 "A"
12 1 50 19 90 "A"
12 -12 50 19 91 "A"
12 2 20 19 92 "F"
12 4 10 19 93 "R"
12 1 50 19 94 "A"
12 -3 20 19 95 "F"
12 -12 10 19 96 "R"
12 1 50 19 97 "A"
12 2 20 19 98 "F"
12 2 10 19 99 "R"
12 -6 10 19 100 "R"
12 1 50 19 101 "A"
12 3 50 19 102 "A"
12 4 10 19 103 "R"
12 -6 10 19 104 "R"
12 2 10 19 105 "R"
12 -6 10 19 106 "R"
12 3 50 19 107 "A"
12 -6 50 19 108 "A"
12 1 50 19 109 "A"
12 -6 10 19 110 "R"
12 -3 20 20 1 "F"
12 1 50 20 2 "A"
12 -12 10 20 3 "R"
12 -6 50 20 4 "A"
12 -12 50 20 5 "A"
12 -3 20 20 6 "F"
12 -6 10 20 7 "R"
12 1 50 20 8 "A"
12 -9 20 20 9 "F"
12 -6 10 20 10 "R"
12 3 50 20 11 "A"
12 -6 50 20 12 "A"
12 5 10 20 13 "R"
12 1 50 20 14 "A"
12 -12 50 20 15 "A"
12 -3 20 20 16 "F"
12 -12 10 20 17 "R"
12 1 50 20 18 "A"
12 -15 50 20 19 "A"
12 -6 50 20 20 "A"
12 3 50 20 21 "A"
12 -6 50 20 22 "A"
12 5 10 20 23 "R"
12 2 20 20 24 "F"
12 -12 50 20 25 "A"
12 2 20 20 26 "F"
12 -6 10 20 27 "R"
12 1 50 20 28 "A"
12 -12 50 20 29 "A"
12 -6 50 20 30 "A"
12 3 50 20 31 "A"
12 4 10 20 32 "R"
12 -6 50 20 33 "A"
12 -6 10 20 34 "R"
12 -12 50 20 35 "A"
12 1 50 20 36 "A"
12 3 50 20 37 "A"
12 -6 10 20 38 "R"
12 -15 50 20 39 "A"
12 2 10 20 40 "R"
12 -12 50 20 41 "A"
12 1 50 20 42 "A"
12 1 50 20 43 "A"
12 -6 10 20 44 "R"
12 3 50 20 45 "A"
12 2 10 20 46 "R"
12 2 10 20 47 "R"
12 3 50 20 48 "A"
12 -15 50 20 49 "A"
12 -12 50 20 50 "A"
12 3 50 20 51 "A"
12 2 10 20 52 "R"
12 -15 10 20 53 "R"
12 -6 50 20 54 "A"
12 -6 50 20 55 "A"
12 2 20 20 56 "F"
12 2 10 20 57 "R"
12 2 10 20 58 "R"
12 3 50 20 59 "A"
12 2 20 20 60 "F"
12 -6 50 20 61 "A"
12 1 50 20 62 "A"
12 3 50 20 63 "A"
12 -6 10 20 64 "R"
12 -3 20 20 65 "F"
12 2 20 20 66 "F"
12 4 20 20 67 "F"
12 -6 10 20 68 "R"
12 12 50 20 69 "A"
12 4 20 20 70 "F"
12 -6 50 20 71 "A"
12 -6 50 20 72 "A"
12 -6 50 20 73 "A"
12 2 10 20 74 "R"
12 12 50 20 75 "A"
12 -3 20 20 76 "F"
12 -12 50 20 77 "A"
12 1 50 20 78 "A"
12 -12 10 20 79 "R"
12 -6 50 20 80 "A"
12 -3 20 20 81 "F"
12 -12 50 20 82 "A"
12 3 50 20 83 "A"
12 -6 10 20 84 "R"
12 1 50 20 85 "A"
12 -6 10 20 86 "R"
12 1 50 20 87 "A"
12 -15 50 20 88 "A"
12 -6 50 20 89 "A"
12 3 50 20 90 "A"
12 3 50 20 91 "A"
12 1 50 20 92 "A"
12 3 50 20 93 "A"
12 2 10 20 94 "R"
12 -12 10 20 95 "R"
12 2 10 20 96 "R"
12 -6 10 20 97 "R"
12 1 50 20 98 "A"
12 -3 20 20 99 "F"
12 1 50 20 100 "A"
12 3 50 20 101 "A"
12 1 50 20 102 "A"
12 12 50 20 103 "A"
12 1 50 20 104 "A"
12 5 20 20 105 "F"
12 -6 10 20 106 "R"
12 -6 10 20 107 "R"
12 -6 50 20 108 "A"
12 -15 50 20 109 "A"
12 2 20 20 110 "F"
12 -12 10 20 111 "R"
12 -6 50 20 112 "A"
12 -6 10 20 113 "R"
12 1 50 20 114 "A"
12 2 20 20 115 "F"
12 -6 10 20 116 "R"
12 4 10 20 117 "R"
12 2 10 20 118 "R"
12 -12 10 20 119 "R"
12 1 50 21 1 "A"
12 -6 50 21 2 "A"
12 -12 50 21 3 "A"
12 4 20 21 4 "F"
12 -6 50 21 5 "A"
12 2 20 21 6 "F"
12 -12 10 21 7 "R"
12 2 10 21 8 "R"
12 -12 50 21 9 "A"
12 -240 20 21 10 "F"
12 -15 50 21 11 "A"
12 -6 50 21 12 "A"
12 -12 50 21 13 "A"
12 3 50 21 14 "A"
12 -3 20 21 15 "F"
12 1 50 21 16 "A"
12 3 50 21 17 "A"
12 1 50 21 18 "A"
12 3 40 21 19 "V"
12 -9 20 21 20 "F"
12 -9 20 21 21 "F"
12 2 10 21 22 "R"
12 -12 50 21 23 "A"
12 -12 10 21 24 "R"
12 4 20 21 25 "F"
12 2 10 21 26 "R"
12 -6 50 21 27 "A"
12 -6 50 21 28 "A"
12 -12 50 21 29 "A"
12 -6 50 21 30 "A"
12 -6 50 21 31 "A"
12 -3 40 21 32 "V"
12 -6 50 21 33 "A"
12 4 10 21 34 "R"
12 -6 50 21 35 "A"
12 -3 20 21 36 "F"
12 -9 20 21 37 "F"
12 4 10 21 38 "R"
12 5 10 21 39 "R"
12 -6 50 21 40 "A"
12 -6 50 21 41 "A"
12 1 50 21 42 "A"
12 -12 10 21 43 "R"
12 -6 50 21 44 "A"
12 3 50 21 45 "A"
12 -6 10 21 46 "R"
12 2 10 21 47 "R"
12 -6 50 21 48 "A"
12 -12 50 21 49 "A"
12 1 50 21 50 "A"
12 -12 10 21 51 "R"
12 -6 50 21 52 "A"
12 1 50 21 53 "A"
12 -6 50 21 54 "A"
12 4 20 21 55 "F"
12 1 50 21 56 "A"
12 3 50 21 57 "A"
12 2 20 21 58 "F"
12 4 10 21 59 "R"
12 -6 10 21 60 "R"
12 -15 50 21 61 "A"
12 1 50 21 62 "A"
12 -3 20 21 63 "F"
12 2 10 21 64 "R"
12 -12 10 21 65 "R"
12 -6 10 21 66 "R"
12 -15 50 21 67 "A"
12 -6 50 21 68 "A"
12 2 10 21 69 "R"
12 -6 50 21 70 "A"
12 3 50 21 71 "A"
12 3 50 21 72 "A"
12 -36 20 21 73 "F"
12 -6 50 21 74 "A"
12 1 50 21 75 "A"
12 -12 10 21 76 "R"
12 -6 10 21 77 "R"
12 -6 50 21 78 "A"
12 -3 20 21 79 "F"
12 1 50 21 80 "A"
12 4 20 21 81 "F"
12 -6 50 21 82 "A"
12 3 50 21 83 "A"
12 -6 50 21 84 "A"
12 -36 20 21 85 "F"
12 -6 10 21 86 "R"
12 -6 50 21 87 "A"
12 -6 50 21 88 "A"
12 -12 50 21 89 "A"
12 1 50 21 90 "A"
12 5 10 21 91 "R"
12 1 50 21 92 "A"
12 -12 50 21 93 "A"
12 -12 10 21 94 "R"
12 1 50 21 95 "A"
12 -12 10 21 96 "R"
12 4 10 21 97 "R"
12 2 10 21 98 "R"
12 -15 10 21 99 "R"
12 -6 10 21 100 "R"
12 2 10 21 101 "R"
12 -6 10 21 102 "R"
12 -15 10 21 103 "R"
12 2 10 21 104 "R"
12 -9 20 21 105 "F"
12 2 10 21 106 "R"
12 3 50 21 107 "A"
12 -6 50 21 108 "A"
12 -3 20 21 109 "F"
12 -6 10 21 110 "R"
12 -12 50 22 1 "A"
12 1 50 22 2 "A"
12 -6 50 22 3 "A"
12 -12 10 22 4 "R"
12 -6 50 22 5 "A"
12 -6 50 22 6 "A"
12 -15 50 22 7 "A"
12 1 50 22 8 "A"
12 3 50 22 9 "A"
12 2 20 22 10 "F"
12 -9 20 22 11 "F"
12 4 20 22 12 "F"
12 4 10 22 13 "R"
12 2 20 22 14 "F"
12 2 10 22 15 "R"
12 4 10 22 16 "R"
12 -12 10 22 17 "R"
12 -6 50 22 18 "A"
12 12 50 22 19 "A"
12 -12 50 22 20 "A"
12 1 50 22 21 "A"
12 1 50 22 22 "A"
12 -6 50 22 23 "A"
12 4 20 22 24 "F"
12 4 20 22 25 "F"
12 1 50 22 26 "A"
12 -15 50 22 27 "A"
12 -3 20 22 28 "F"
12 -12 10 22 29 "R"
12 -6 50 22 30 "A"
12 -9 20 22 31 "F"
12 2 10 22 32 "R"
12 -12 50 22 33 "A"
12 2 20 22 34 "F"
12 -6 10 22 35 "R"
12 1 50 22 36 "A"
12 -12 10 22 37 "R"
12 -12 50 22 38 "A"
12 2 10 22 39 "R"
12 2 10 22 40 "R"
12 -12 50 22 41 "A"
12 -6 50 22 42 "A"
12 -12 50 22 43 "A"
12 -12 50 22 44 "A"
12 -9 20 22 45 "F"
12 2 10 22 46 "R"
12 3 50 22 47 "A"
12 3 50 22 48 "A"
12 1 50 22 49 "A"
12 2 20 22 50 "F"
12 -12 50 22 51 "A"
12 -6 50 22 52 "A"
12 2 10 22 53 "R"
12 -3 20 22 54 "F"
12 -6 50 22 55 "A"
12 1 50 22 56 "A"
12 -12 50 22 57 "A"
12 1 50 22 58 "A"
12 -12 50 22 59 "A"
12 1 50 22 60 "A"
12 -12 50 22 61 "A"
12 3 50 22 62 "A"
12 3 50 22 63 "A"
12 1 50 22 64 "A"
12 2 20 22 65 "F"
12 1 50 22 66 "A"
12 2 20 22 67 "F"
12 -6 50 22 68 "A"
12 -6 10 22 69 "R"
12 2 20 22 70 "F"
12 -3 40 22 71 "V"
12 1 50 22 72 "A"
12 -12 10 22 73 "R"
12 3 50 22 74 "A"
12 -36 20 22 75 "F"
12 -12 50 22 76 "A"
12 -15 50 22 77 "A"
12 -3 20 22 78 "F"
12 1 50 22 79 "A"
12 2 20 22 80 "F"
12 -12 50 22 81 "A"
12 -6 10 22 82 "R"
12 1 50 22 83 "A"
12 -6 50 22 84 "A"
12 -12 50 22 85 "A"
12 2 20 22 86 "F"
12 -36 20 22 87 "F"
12 2 10 22 88 "R"
12 -6 50 22 89 "A"
12 2 20 22 90 "F"
12 -6 10 22 91 "R"
12 -6 10 22 92 "R"
12 -12 10 22 93 "R"
12 -6 10 22 94 "R"
12 12 50 22 95 "A"
12 -12 50 22 96 "A"
12 -6 50 22 97 "A"
12 1 50 22 98 "A"
12 4 10 22 99 "R"
12 -3 20 22 100 "F"
12 4 20 22 101 "F"
12 2 20 22 102 "F"
12 1 50 22 103 "A"
12 1 50 22 104 "A"
12 12 50 22 105 "A"
12 -6 10 22 106 "R"
12 3 50 22 107 "A"
12 -6 50 22 108 "A"
12 4 10 22 109 "R"
12 -3 20 22 110 "F"
12 -6 10 22 111 "R"
12 -6 10 22 112 "R"
12 12 50 22 113 "A"
12 2 10 22 114 "R"
12 -15 10 22 115 "R"
12 1 50 22 116 "A"
12 4 20 22 117 "F"
12 -3 20 22 118 "F"
12 3 40 22 119 "V"
12 -6 50 22 120 "A"
12 1 50 22 121 "A"
12 2 20 22 122 "F"
12 -6 50 22 123 "A"
12 -3 20 22 124 "F"
12 -12 50 22 125 "A"
12 -3 20 22 126 "F"
12 -15 10 22 127 "R"
12 -6 50 22 128 "A"
12 -6 10 22 129 "R"
12 -6 50 22 130 "A"
12 -12 50 22 131 "A"
12 -3 20 22 132 "F"
12 -6 50 23 1 "A"
12 1 50 23 2 "A"
12 2 20 23 3 "F"
12 -3 20 23 4 "F"
12 -12 50 23 5 "A"
12 2 20 23 6 "F"
12 -12 50 23 7 "A"
12 -6 50 23 8 "A"
12 -12 50 23 9 "A"
12 80 50 23 10 "A"
12 -3 20 23 11 "F"
12 1 50 23 12 "A"
12 -12 50 23 13 "A"
12 -6 50 23 14 "A"
12 3 50 23 15 "A"
12 2 10 23 16 "R"
12 2 20 23 17 "F"
12 1 50 23 18 "A"
12 -12 10 23 19 "R"
12 -6 50 23 20 "A"
12 1 50 23 21 "A"
12 1 50 23 22 "A"
12 3 50 23 23 "A"
12 -9 20 23 24 "F"
12 4 10 23 25 "R"
12 2 10 23 26 "R"
12 5 10 23 27 "R"
12 -6 50 23 28 "A"
12 4 10 23 29 "R"
12 -6 50 23 30 "A"
12 -15 10 23 31 "R"
12 -6 50 23 32 "A"
12 -12 50 23 33 "A"
12 2 10 23 34 "R"
12 -12 10 23 35 "R"
12 -6 50 23 36 "A"
12 -12 50 23 37 "A"
12 -6 50 23 38 "A"
12 -6 10 23 39 "R"
12 1 50 23 40 "A"
12 -6 50 23 41 "A"
12 1 50 23 42 "A"
12 -15 50 23 43 "A"
12 3 50 23 44 "A"
12 -6 50 23 45 "A"
12 -9 20 23 46 "F"
12 1 50 23 47 "A"
12 1 50 23 48 "A"
12 -6 50 23 49 "A"
12 2 10 23 50 "R"
12 -12 50 23 51 "A"
12 1 50 23 52 "A"
12 2 10 23 53 "R"
12 2 10 23 54 "R"
12 1 50 23 55 "A"
12 2 10 23 56 "R"
12 2 10 23 57 "R"
12 3 50 23 58 "A"
12 -12 50 23 59 "A"
12 2 20 23 60 "F"
12 -12 10 23 61 "R"
12 3 50 23 62 "A"
12 -12 50 23 63 "A"
12 -6 50 23 64 "A"
12 1 50 23 65 "A"
12 2 10 23 66 "R"
12 -6 10 23 67 "R"
12 -3 20 23 68 "F"
12 -6 50 23 69 "A"
12 2 10 23 70 "R"
12 5 10 23 71 "R"
12 3 50 23 72 "A"
12 -12 50 23 73 "A"
12 -6 50 23 74 "A"
12 12 50 23 75 "A"
12 -3 20 23 76 "F"
12 -6 50 23 77 "A"
12 -6 50 23 78 "A"
12 1 50 23 79 "A"
12 1 50 23 80 "A"
12 -3 20 23 81 "F"
12 -9 20 23 82 "F"
12 4 10 23 83 "R"
12 2 10 23 84 "R"
12 -6 50 23 85 "A"
12 -3 20 23 86 "F"
12 -15 10 23 87 "R"
12 -6 10 23 88 "R"
12 -12 10 23 89 "R"
12 -6 50 23 90 "A"
12 -12 50 23 91 "A"
12 1 50 23 92 "A"
12 2 20 23 93 "F"
12 -12 50 23 94 "A"
12 -9 20 23 95 "F"
12 2 20 23 96 "F"
12 -9 20 23 97 "F"
12 2 10 23 98 "R"
12 3 50 23 99 "A"
12 1 50 23 100 "A"
12 12 50 23 101 "A"
12 1 50 23 102 "A"
12 1 50 23 103 "A"
12 -6 10 23 104 "R"
12 2 10 23 105 "R"
12 -6 10 23 106 "R"
12 -6 50 23 107 "A"
12 -6 50 23 108 "A"
12 3 50 23 109 "A"
12 -12 50 23 110 "A"
12 5 20 23 111 "F"
12 -12 50 23 112 "A"
12 3 50 23 113 "A"
12 -15 10 23 114 "R"
12 4 10 23 115 "R"
12 1 50 23 116 "A"
12 -6 50 23 117 "A"
12 3 50 23 118 "A"
12 -15 10 23 119 "R"
12 2 10 23 120 "R"
12 12 50 23 121 "A"
12 1 50 23 122 "A"
12 -6 10 23 123 "R"
12 -12 10 24 1 "R"
12 2 10 24 2 "R"
12 -12 50 24 3 "A"
12 -3 20 24 4 "F"
12 -12 50 24 5 "A"
12 -6 10 24 6 "R"
12 -12 50 24 7 "A"
12 -3 20 24 8 "F"
12 -15 50 24 9 "A"
12 -3 20 24 10 "F"
12 1 50 24 11 "A"
12 1 50 24 12 "A"
12 4 20 24 13 "F"
12 -6 50 24 14 "A"
12 3 50 24 15 "A"
12 1 50 24 16 "A"
12 4 20 24 17 "F"
12 1 50 24 18 "A"
12 -15 50 24 19 "A"
12 -6 10 24 20 "R"
12 -12 50 24 21 "A"
12 -6 50 24 22 "A"
12 1 50 24 23 "A"
12 2 10 24 24 "R"
12 3 50 24 25 "A"
12 -12 10 24 26 "R"
12 -12 50 24 27 "A"
12 -6 50 24 28 "A"
12 3 50 24 29 "A"
12 -6 50 24 30 "A"
12 -12 50 24 31 "A"
12 -36 20 24 32 "F"
12 12 50 24 33 "A"
12 -6 10 24 34 "R"
12 1 40 24 35 "V"
12 -6 10 24 36 "R"
12 2 10 24 37 "R"
12 3 50 24 38 "A"
12 2 20 24 39 "F"
12 1 40 24 40 "V"
12 -6 10 24 41 "R"
12 -6 50 24 42 "A"
12 -6 50 24 43 "A"
12 2 20 24 44 "F"
12 -6 10 24 45 "R"
12 -3 20 24 46 "F"
12 -12 50 24 47 "A"
12 -12 50 24 48 "A"
12 -3 20 24 49 "F"
12 -6 10 24 50 "R"
12 4 10 24 51 "R"
12 1 50 24 52 "A"
12 5 10 24 53 "R"
12 -6 10 24 54 "R"
12 -12 50 24 55 "A"
12 1 50 24 56 "A"
12 -12 50 24 57 "A"
12 2 10 24 58 "R"
12 -6 10 24 59 "R"
12 -240 40 24 60 "V"
12 -9 20 24 61 "F"
12 2 10 24 62 "R"
12 3 50 24 63 "A"
12 -6 10 24 64 "R"
12 3 50 24 65 "A"
12 2 10 24 66 "R"
12 -12 50 24 67 "A"
12 1 50 24 68 "A"
12 4 10 24 69 "R"
12 -6 50 24 70 "A"
12 1 50 24 71 "A"
12 -6 10 24 72 "R"
12 -9 20 24 73 "F"
12 -3 20 24 74 "F"
12 -15 50 24 75 "A"
12 1 50 24 76 "A"
12 -12 50 24 77 "A"
12 2 10 24 78 "R"
12 -9 40 24 79 "V"
12 1 50 24 80 "A"
12 -12 50 24 81 "A"
12 -6 10 24 82 "R"
12 3 50 24 83 "A"
12 1 50 24 84 "A"
12 4 20 24 85 "F"
12 -3 20 24 86 "F"
12 -12 50 24 87 "A"
12 2 10 24 88 "R"
12 -6 10 24 89 "R"
12 -6 50 24 90 "A"
12 -9 20 24 91 "F"
12 -6 50 24 92 "A"
12 12 50 24 93 "A"
12 2 20 24 94 "F"
12 -12 50 24 95 "A"
12 -6 10 24 96 "R"
12 12 50 24 97 "A"
12 -3 20 24 98 "F"
12 -6 10 24 99 "R"
12 -6 10 24 100 "R"
12 -9 40 25 1 "V"
12 2 20 25 2 "F"
12 -6 50 25 3 "A"
12 -9 20 25 4 "F"
12 -6 50 25 5 "A"
12 -6 10 25 6 "R"
12 -15 50 25 7 "A"
12 2 10 25 8 "R"
12 4 10 25 9 "R"
12 80 50 25 10 "A"
12 -9 20 25 11 "F"
12 4 20 25 12 "F"
12 3 50 25 13 "A"
12 2 20 25 14 "F"
12 1 50 25 15 "A"
12 4 10 25 16 "R"
12 -12 50 25 17 "A"
12 -6 10 25 18 "R"
12 5 10 25 19 "R"
12 -12 50 25 20 "A"
12 2 10 25 21 "R"
12 2 20 25 22 "F"
12 -6 50 25 23 "A"
12 4 10 25 24 "R"
12 4 20 25 25 "F"
12 2 10 25 26 "R"
12 -15 50 25 27 "A"
12 -6 10 25 28 "R"
12 -12 50 25 29 "A"
12 -3 20 25 30 "F"
12 -12 10 25 31 "R"
12 1 50 25 32 "A"
12 -12 10 25 33 "R"
12 1 50 25 34 "A"
12 -6 10 25 35 "R"
12 1 50 25 36 "A"
12 -9 20 25 37 "F"
12 -12 50 25 38 "A"
12 1 50 25 39 "A"
12 2 20 25 40 "F"
12 -12 50 25 41 "A"
12 -6 50 25 42 "A"
12 -12 50 25 43 "A"
12 -12 10 25 44 "R"
12 -12 50 25 45 "A"
12 1 50 25 46 "A"
12 3 40 25 47 "V"
12 4 10 25 48 "R"
12 1 50 25 49 "A"
12 2 20 25 50 "F"
12 -12 10 25 51 "R"
12 -6 50 25 52 "A"
12 2 10 25 53 "R"
12 -6 50 25 54 "A"
12 -6 10 25 55 "R"
12 2 10 25 56 "R"
12 -12 50 25 57 "A"
12 2 10 25 58 "R"
12 -12 10 25 59 "R"
12 1 50 25 60 "A"
12 -12 10 25 61 "R"
12 3 50 25 62 "A"
12 3 50 25 63 "A"
12 2 10 25 64 "R"
12 2 10 25 65 "R"
12 1 50 25 66 "A"
12 2 10 25 67 "R"
12 -3 20 25 68 "F"
12 -6 50 25 69 "A"
12 1 50 25 70 "A"
12 -6 50 25 71 "A"
12 1 50 25 72 "A"
12 -12 10 25 73 "R"
12 4 10 25 74 "R"
12 -15 50 25 75 "A"
12 -12 50 25 76 "A"
12 -15 10 25 77 "R"
12 -6 10 25 78 "R"
12 1 50 25 79 "A"
12 2 20 25 80 "F"
12 -12 10 25 81 "R"
12 -6 10 25 82 "R"
12 1 50 25 83 "A"
12 -6 50 25 84 "A"
12 -12 50 25 85 "A"
12 1 50 25 86 "A"
12 -36 20 25 87 "F"
12 2 10 25 88 "R"
12 -6 10 25 89 "R"
12 1 50 25 90 "A"
12 -6 50 25 91 "A"
12 -6 10 25 92 "R"
12 -12 50 25 93 "A"
12 -6 10 25 94 "R"
12 12 50 25 95 "A"
12 -12 50 25 96 "A"
12 -6 10 25 97 "R"
12 2 10 25 98 "R"
12 3 50 25 99 "A"
12 -6 50 25 100 "A"
12 4 20 25 101 "F"
12 2 10 25 102 "R"
12 1 50 25 103 "A"
12 2 20 25 104 "F"
12 12 50 25 105 "A"
12 -6 10 25 106 "R"
12 3 50 25 107 "A"
12 -3 20 25 108 "F"
12 4 10 25 109 "R"
12 -6 10 25 110 "R"
12 -6 50 25 111 "A"
12 -6 50 25 112 "A"
12 12 50 25 113 "A"
12 2 10 25 114 "R"
12 -15 10 25 115 "R"
12 1 50 25 116 "A"
12 -12 10 26 1 "R"
12 1 50 26 2 "A"
12 -9 20 26 3 "F"
12 -6 10 26 4 "R"
12 -12 50 26 5 "A"
12 -6 50 26 6 "A"
12 -12 10 26 7 "R"
12 -6 50 26 8 "A"
12 -15 10 26 9 "R"
12 -3 20 26 10 "F"
12 2 10 26 11 "R"
12 1 50 26 12 "A"
12 4 10 26 13 "R"
12 -6 50 26 14 "A"
12 4 10 26 15 "R"
12 1 50 26 16 "A"
12 4 20 26 17 "F"
12 1 50 26 18 "A"
12 -15 10 26 19 "R"
12 -6 50 26 20 "A"
12 -12 10 26 21 "R"
12 -6 10 26 22 "R"
12 2 10 26 23 "R"
12 1 40 26 24 "V"
12 3 50 26 25 "A"
12 -12 50 26 26 "A"
12 -12 10 26 27 "R"
12 -3 40 26 28 "V"
12 4 20 26 29 "F"
12 -3 20 26 30 "F"
12 -12 10 26 31 "R"
12 -36 20 26 32 "F"
12 12 50 26 33 "A"
12 -6 10 26 34 "R"
12 1 50 26 35 "A"
12 -3 20 26 36 "F"
12 2 10 26 37 "R"
12 4 10 26 38 "R"
12 1 50 26 39 "A"
12 2 10 26 40 "R"
12 -6 50 26 41 "A"
12 -6 10 26 42 "R"
12 -6 50 26 43 "A"
12 2 10 26 44 "R"
12 -6 10 26 45 "R"
12 -6 50 26 46 "A"
12 -12 50 26 47 "A"
12 -12 10 26 48 "R"
12 -6 10 26 49 "R"
12 -6 10 26 50 "R"
12 3 50 26 51 "A"
12 1 50 26 52 "A"
12 5 10 26 53 "R"
12 -6 10 26 54 "R"
12 -9 20 26 55 "F"
12 1 50 26 56 "A"
12 -9 20 26 57 "F"
12 1 50 26 58 "A"
12 -6 10 26 59 "R"
12 2 10 26 60 "R"
12 -12 50 26 61 "A"
12 2 10 26 62 "R"
12 3 50 26 63 "A"
12 -6 10 26 64 "R"
12 3 50 26 65 "A"
12 2 10 26 66 "R"
12 -12 10 26 67 "R"
12 2 10 26 68 "R"
12 3 50 26 69 "A"
12 -3 20 26 70 "F"
12 2 10 26 71 "R"
12 -6 50 26 72 "A"
12 -12 50 26 73 "A"
12 -6 10 26 74 "R"
12 -15 50 26 75 "A"
12 2 10 26 76 "R"
12 -12 10 26 77 "R"
12 1 50 26 78 "A"
12 -9 20 26 79 "F"
12 1 50 26 80 "A"
12 -12 10 26 81 "R"
12 -6 50 26 82 "A"
12 4 10 26 83 "R"
12 2 10 26 84 "R"
12 3 50 26 85 "A"
12 -6 10 26 86 "R"
12 -12 50 26 87 "A"
12 1 50 26 88 "A"
12 -6 10 26 89 "R"
12 -6 10 26 90 "R"
12 -12 10 26 91 "R"
12 -6 50 26 92 "A"
12 5 20 26 93 "F"
12 2 10 26 94 "R"
12 -12 10 26 95 "R"
12 -3 40 26 96 "V"
12 12 50 26 97 "A"
12 -6 50 26 98 "A"
12 -6 10 26 99 "R"
12 -6 10 26 100 "R"
12 -15 50 26 101 "A"
12 -6 10 26 102 "R"
12 -12 10 26 103 "R"
12 4 20 26 104 "F"
12 1 50 26 105 "A"
12 4 10 26 106 "R"
12 2 10 26 107 "R"
12 -6 50 26 108 "A"
12 2 10 26 109 "R"
12 -6 10 26 110 "R"
12 -12 50 26 111 "A"
12 -6 10 26 112 "R"
12 3 50 26 113 "A"
12 -12 50 26 114 "A"
12 -6 10 26 115 "R"
12 1 50 26 116 "A"
12 2 20 26 117 "F"
12 1 50 26 118 "A"
12 -6 10 26 119 "R"
12 -6 10 26 120 "R"
12 -12 50 26 121 "A"
12 -12 50 26 122 "A"
12 -6 50 27 1 "A"
12 2 10 27 2 "R"
12 2 20 27 3 "F"
12 -6 50 27 4 "A"
12 -12 10 27 5 "R"
12 1 50 27 6 "A"
12 -9 20 27 7 "F"
12 -6 50 27 8 "A"
12 -12 10 27 9 "R"
12 4 10 27 10 "R"
12 -6 50 27 11 "A"
12 1 50 27 12 "A"
12 -12 10 27 13 "R"
12 -6 50 27 14 "A"
12 4 10 27 15 "R"
12 1 50 27 16 "A"
12 1 50 27 17 "A"
12 2 10 27 18 "R"
12 -12 10 27 19 "R"
12 -6 10 27 20 "R"
12 1 50 27 21 "A"
12 2 20 27 22 "F"
12 4 10 27 23 "R"
12 -12 50 27 24 "A"
12 4 10 27 25 "R"
12 2 10 27 26 "R"
12 12 50 27 27 "A"
12 -6 50 27 28 "A"
12 4 10 27 29 "R"
12 -6 10 27 30 "R"
12 -15 50 27 31 "A"
12 -3 20 27 32 "F"
12 -12 50 27 33 "A"
12 2 10 27 34 "R"
12 -12 50 27 35 "A"
12 -6 10 27 36 "R"
12 -12 50 27 37 "A"
12 -6 10 27 38 "R"
12 -3 20 27 39 "F"
12 1 50 27 40 "A"
12 -6 10 27 41 "R"
12 2 10 27 42 "R"
12 -15 50 27 43 "A"
12 4 10 27 44 "R"
12 -6 10 27 45 "R"
12 -9 20 27 46 "F"
12 1 50 27 47 "A"
12 1 50 27 48 "A"
12 -6 50 27 49 "A"
12 1 50 27 50 "A"
12 -12 10 27 51 "R"
12 2 10 27 52 "R"
12 1 50 27 53 "A"
12 2 10 27 54 "R"
12 2 10 27 55 "R"
12 2 10 27 56 "R"
12 1 50 27 57 "A"
12 4 10 27 58 "R"
12 -12 10 27 59 "R"
12 1 50 27 60 "A"
12 -12 50 27 61 "A"
12 4 20 27 62 "F"
12 -12 10 27 63 "R"
12 -6 50 27 64 "A"
12 2 10 27 65 "R"
12 2 10 27 66 "R"
12 -6 50 27 67 "A"
12 -6 50 27 68 "A"
12 -6 10 27 69 "R"
12 1 50 27 70 "A"
12 12 50 27 71 "A"
12 4 10 27 72 "R"
12 -12 50 27 73 "A"
12 -6 10 27 74 "R"
12 5 10 27 75 "R"
12 -6 50 27 76 "A"
12 -3 20 27 77 "F"
12 -6 50 27 78 "A"
12 2 10 27 79 "R"
12 1 50 27 80 "A"
12 -3 20 27 81 "F"
12 -9 20 27 82 "F"
12 4 20 27 83 "F"
12 1 50 27 84 "A"
12 -6 10 27 85 "R"
12 -6 10 27 86 "R"
12 -15 50 27 87 "A"
12 -6 50 27 88 "A"
12 -9 20 27 89 "F"
12 -6 10 27 90 "R"
12 -12 10 27 91 "R"
12 1 50 27 92 "A"
12 2 10 27 93 "R"
12 -12 10 27 94 "R"
12 -12 50 27 95 "A"
12 1 50 27 96 "A"
12 -12 10 27 97 "R"
12 1 50 27 98 "A"
12 4 20 27 99 "F"
12 2 10 27 100 "R"
12 12 50 27 101 "A"
12 2 10 27 102 "R"
12 1 50 27 103 "A"
12 -6 50 27 104 "A"
12 2 10 27 105 "R"
12 -6 10 27 106 "R"
12 -6 10 27 107 "R"
12 -6 50 27 108 "A"
12 3 50 27 109 "A"
12 -12 10 27 110 "R"
12 5 10 27 111 "R"
12 -12 50 27 112 "A"
12 3 50 27 113 "A"
12 -15 10 27 114 "R"
12 4 20 27 115 "F"
12 1 50 27 116 "A"
12 -6 50 27 117 "A"
12 4 20 27 118 "F"
12 -15 50 27 119 "A"
12 2 10 27 120 "R"
12 12 40 27 121 "V"
12 1 50 27 122 "A"
12 -6 10 27 123 "R"
12 1 50 27 124 "A"
12 -12 10 27 125 "R"
12 -6 50 27 126 "A"
12 2 10 27 127 "R"
12 -3 20 27 128 "F"
12 -6 10 28 1 "R"
12 1 50 28 2 "A"
12 1 50 28 3 "A"
12 -6 10 28 4 "R"
12 -12 50 28 5 "A"
12 2 10 28 6 "R"
12 -9 40 28 7 "V"
12 -3 20 28 8 "F"
12 -12 10 28 9 "R"
12 3 50 28 10 "A"
12 -6 50 28 11 "A"
12 2 10 28 12 "R"
12 -12 50 28 13 "A"
12 -6 10 28 14 "R"
12 3 50 28 15 "A"
12 1 50 28 16 "A"
12 1 50 28 17 "A"
12 2 10 28 18 "R"
12 -12 50 28 19 "A"
12 -6 10 28 20 "R"
12 1 50 28 21 "A"
12 2 10 28 22 "R"
12 3 50 28 23 "A"
12 -12 50 28 24 "A"
12 4 20 28 25 "F"
12 2 10 28 26 "R"
12 5 20 28 27 "F"
12 -6 10 28 28 "R"
12 3 50 28 29 "A"
12 -6 50 28 30 "A"
12 -15 50 28 31 "A"
12 -6 10 28 32 "R"
12 -12 50 28 33 "A"
12 2 20 28 34 "F"
12 -12 50 28 35 "A"
12 -6 10 28 36 "R"
12 -12 50 28 37 "A"
12 -6 10 28 38 "R"
12 -3 40 28 39 "V"
12 1 50 28 40 "A"
12 -6 50 28 41 "A"
12 2 10 28 42 "R"
12 -15 50 28 43 "A"
12 4 10 28 44 "R"
12 -6 10 28 45 "R"
12 -9 40 28 46 "V"
12 1 50 28 47 "A"
12 1 50 28 48 "A"
12 -6 50 28 49 "A"
12 2 10 28 50 "R"
12 -12 10 28 51 "R"
12 1 50 28 52 "A"
12 1 50 28 53 "A"
12 2 10 28 54 "R"
12 2 10 28 55 "R"
12 2 10 28 56 "R"
12 1 50 28 57 "A"
12 3 50 28 58 "A"
12 -12 50 28 59 "A"
12 1 50 28 60 "A"
12 -12 10 28 61 "R"
12 3 50 28 62 "A"
12 -9 20 28 63 "F"
12 -6 10 28 64 "R"
12 1 40 28 65 "V"
12 1 50 28 66 "A"
12 -6 10 28 67 "R"
12 -6 50 28 68 "A"
12 -6 50 28 69 "A"
12 2 10 28 70 "R"
12 12 50 28 71 "A"
12 4 10 28 72 "R"
12 -12 50 28 73 "A"
12 -6 50 28 74 "A"
12 5 10 28 75 "R"
12 -3 20 28 76 "F"
12 -6 50 28 77 "A"
12 -3 20 28 78 "F"
12 1 50 28 79 "A"
12 1 50 28 80 "A"
12 -6 10 28 81 "R"
12 -9 20 28 82 "F"
12 4 10 28 83 "R"
12 2 10 28 84 "R"
12 -6 50 28 85 "A"
12 -6 50 28 86 "A"
12 -36 20 28 87 "F"
12 -6 50 28 88 "A"
12 -9 20 28 89 "F"
12 -6 50 28 90 "A"
12 -12 50 28 91 "A"
12 2 10 28 92 "R"
12 1 50 28 93 "A"
12 -12 10 28 94 "R"
12 -12 10 28 95 "R"
12 1 40 28 96 "V"
12 -12 50 28 97 "A"
12 1 50 28 98 "A"
12 3 50 28 99 "A"
12 1 50 28 100 "A"
12 5 20 28 101 "F"
12 2 10 28 102 "R"
12 1 50 28 103 "A"
12 -6 10 28 104 "R"
12 1 50 28 105 "A"
12 -6 10 28 106 "R"
12 -6 50 28 107 "A"
12 -6 10 28 108 "R"
12 3 50 28 109 "A"
12 -12 50 28 110 "A"
12 12 50 28 111 "A"
12 -12 10 28 112 "R"
12 4 10 28 113 "R"
12 -15 10 28 114 "R"
12 3 50 28 115 "A"
12 1 50 28 116 "A"
12 -3 20 28 117 "F"
12 4 10 28 118 "R"
12 -15 50 28 119 "A"
12 1 50 28 120 "A"
12 5 20 28 121 "F"
12 2 10 28 122 "R"
12 -6 10 28 123 "R"
12 1 50 28 124 "A"
12 -12 10 28 125 "R"
12 -6 50 28 126 "A"
12 1 50 28 127 "A"
12 -3 20 28 128 "F"
12 -6 10 28 129 "R"
12 -6 50 28 130 "A"
12 3 50 28 131 "A"
12 4 20 28 132 "F"
12 -12 10 28 133 "R"
12 3 50 29 1 "A"
12 -6 10 29 2 "R"
12 -12 50 29 3 "A"
12 -12 10 29 4 "R"
12 3 50 29 5 "A"
12 1 50 29 6 "A"
12 4 10 29 7 "R"
12 -6 10 29 8 "R"
12 4 10 29 9 "R"
12 1 50 29 10 "A"
12 -12 50 29 11 "A"
12 2 10 29 12 "R"
12 3 50 29 13 "A"
12 -6 10 29 14 "R"
12 -15 50 29 15 "A"
12 1 50 29 16 "A"
12 -6 50 29 17 "A"
12 -9 20 29 18 "F"
12 -12 50 29 19 "A"
12 -6 10 29 20 "R"
12 1 50 29 21 "A"
12 2 20 29 22 "F"
12 12 50 29 23 "A"
12 2 10 29 24 "R"
12 1 50 29 25 "A"
12 2 10 29 26 "R"
12 2 10 29 27 "R"
12 -6 50 29 28 "A"
12 1 50 29 29 "A"
12 -12 10 29 30 "R"
12 3 50 29 31 "A"
12 -6 10 29 32 "R"
12 -12 10 29 33 "R"
12 2 10 29 34 "R"
12 -15 50 29 35 "A"
12 -6 10 29 36 "R"
12 3 50 29 37 "A"
12 -6 10 29 38 "R"
12 -12 50 29 39 "A"
12 -6 50 29 40 "A"
12 -6 50 29 41 "A"
12 2 10 29 42 "R"
12 3 50 29 43 "A"
12 -6 10 29 44 "R"
12 -15 50 29 45 "A"
12 2 10 29 46 "R"
12 -15 50 29 47 "A"
12 -3 20 29 48 "F"
12 -12 10 29 49 "R"
12 -6 10 29 50 "R"
12 -12 50 29 51 "A"
12 1 50 29 52 "A"
12 4 10 29 53 "R"
12 4 10 29 54 "R"
12 -6 10 29 55 "R"
12 -6 10 29 56 "R"
12 -12 10 29 57 "R"
12 1 50 29 58 "A"
12 4 10 29 59 "R"
12 2 10 29 60 "R"
12 -3 20 29 61 "F"
12 1 50 29 62 "A"
12 4 10 29 63 "R"
12 -15 50 29 64 "A"
12 -9 20 29 65 "F"
12 -6 10 29 66 "R"
12 -6 10 29 67 "R"
12 -6 50 29 68 "A"
12 -6 10 29 69 "R"
12 -6 50 29 70 "A"
12 -15 10 29 71 "R"
12 -3 20 29 72 "F"
12 -12 10 29 73 "R"
12 -6 10 29 74 "R"
12 -9 20 29 75 "F"
12 -6 50 29 76 "A"
12 -12 10 29 77 "R"
12 -6 10 29 78 "R"
12 5 10 29 79 "R"
12 -12 50 29 80 "A"
12 4 20 29 81 "F"
12 3 50 29 82 "A"
12 -3 20 29 83 "F"
12 2 10 29 84 "R"
12 -6 50 29 85 "A"
12 1 50 29 86 "A"
12 -9 20 29 87 "F"
12 1 50 29 88 "A"
12 -9 20 29 89 "F"
12 2 20 29 90 "F"
12 -12 50 29 91 "A"
12 2 10 29 92 "R"
12 3 50 29 93 "A"
12 2 10 29 94 "R"
12 -6 10 29 95 "R"
12 -12 50 29 96 "A"
12 2 10 29 97 "R"
12 2 10 29 98 "R"
12 1 50 29 99 "A"
12 -3 20 29 100 "F"
12 2 10 29 101 "R"
12 4 20 29 102 "F"
12 4 10 29 103 "R"
12 -6 10 29 104 "R"
12 2 10 29 105 "R"
12 -6 10 29 106 "R"
12 4 10 29 107 "R"
12 -6 50 29 108 "A"
12 2 10 29 109 "R"
12 -6 10 29 110 "R"
12 -12 10 29 111 "R"
12 4 10 29 112 "R"
12 3 50 29 113 "A"
12 2 10 29 114 "R"
12 1 50 29 115 "A"
12 -3 20 29 116 "F"
12 2 10 29 117 "R"
12 2 10 29 118 "R"
12 -12 50 29 119 "A"
12 2 10 29 120 "R"
12 5 20 29 121 "F"
12 1 50 29 122 "A"
12 -6 50 29 123 "A"
12 2 20 29 124 "F"
12 2 10 29 125 "R"
12 1 50 29 126 "A"
12 -12 50 29 127 "A"
12 2 10 29 128 "R"
12 -12 50 29 129 "A"
12 2 10 29 130 "R"
12 -12 10 29 131 "R"
12 -6 50 29 132 "A"
12 3 50 29 133 "A"
12 -9 20 30 1 "F"
12 1 50 30 2 "A"
12 -12 50 30 3 "A"
12 -6 50 30 4 "A"
12 -12 50 30 5 "A"
12 -3 20 30 6 "F"
12 -12 50 30 7 "A"
12 -6 50 30 8 "A"
12 -15 10 30 9 "R"
12 80 50 30 10 "A"
12 2 10 30 11 "R"
12 2 10 30 12 "R"
12 3 50 30 13 "A"
12 -6 10 30 14 "R"
12 3 50 30 15 "A"
12 1 50 30 16 "A"
12 3 50 30 17 "A"
12 2 10 30 18 "R"
12 -15 10 30 19 "R"
12 -6 50 30 20 "A"
12 -12 10 30 21 "R"
12 -6 10 30 22 "R"
12 1 50 30 23 "A"
12 1 50 30 24 "A"
12 3 50 30 25 "A"
12 -12 10 30 26 "R"
12 -12 50 30 27 "A"
12 -6 10 30 28 "R"
12 3 50 30 29 "A"
12 -6 50 30 30 "A"
12 -12 50 30 31 "A"
12 -15 50 30 32 "A"
12 12 50 30 33 "A"
12 -6 10 30 34 "R"
12 1 50 30 35 "A"
12 -6 50 30 36 "A"
12 2 10 30 37 "R"
12 3 50 30 38 "A"
12 2 10 30 39 "R"
12 2 10 30 40 "R"
12 -6 10 30 41 "R"
12 -6 50 30 42 "A"
12 -6 10 30 43 "R"
12 1 50 30 44 "A"
12 -6 50 30 45 "A"
12 -3 20 30 46 "F"
12 -12 10 30 47 "R"
12 -12 10 30 48 "R"
12 -3 40 30 49 "V"
12 -6 10 30 50 "R"
12 3 50 30 51 "A"
12 1 50 30 52 "A"
12 12 50 30 53 "A"
12 -6 10 30 54 "R"
12 -12 50 30 55 "A"
12 1 50 30 56 "A"
12 -12 50 30 57 "A"
12 2 10 30 58 "R"
12 -6 50 30 59 "A"
12 2 10 30 60 "R"
12 -12 10 30 61 "R"
12 1 50 30 62 "A"
12 3 50 30 63 "A"
12 -6 10 30 64 "R"
12 3 50 30 65 "A"
12 2 10 30 66 "R"
12 -12 10 30 67 "R"
12 1 50 30 68 "A"
12 4 10 30 69 "R"
12 -6 10 30 70 "R"
12 1 50 30 71 "A"
12 -6 50 30 72 "A"
12 -12 10 30 73 "R"
12 -6 50 30 74 "A"
12 -15 10 30 75 "R"
12 1 50 30 76 "A"
12 -12 50 30 77 "A"
12 1 50 30 78 "A"
12 -12 50 30 79 "A"
12 1 50 30 80 "A"
12 -12 50 30 81 "A"
12 -6 50 30 82 "A"
12 4 10 30 83 "R"
12 1 50 30 84 "A"
12 4 20 30 85 "F"
12 -6 10 30 86 "R"
12 -12 50 30 87 "A"
12 2 20 30 88 "F"
12 -6 10 30 89 "R"
12 -3 40 30 90 "V"
12 -12 50 30 91 "A"
12 -6 50 30 92 "A"
12 5 10 30 93 "R"
12 2 10 30 94 "R"
12 -12 50 30 95 "A"
12 -6 10 30 96 "R"
12 5 20 30 97 "F"
12 -6 10 30 98 "R"
12 -3 40 30 99 "V"
12 -6 50 30 100 "A"
12 -15 50 30 101 "A"
12 -3 20 30 102 "F"
12 -12 10 30 103 "R"
12 4 10 30 104 "R"
12 1 50 30 105 "A"
12 3 50 30 106 "A"
12 2 10 30 107 "R"
12 -6 10 30 108 "R"
12 1 40 30 109 "V"
12 -6 50 30 110 "A"
12 -12 50 30 111 "A"
12 -6 50 30 112 "A"
12 4 20 30 113 "F"
12 -12 10 30 114 "R"
12 -6 10 30 115 "R"
12 1 50 30 116 "A"
12 1 50 30 117 "A"
12 2 10 30 118 "R"
12 -6 10 30 119 "R"
12 -6 50 30 120 "A"
12 -12 50 30 121 "A"
12 -12 10 30 122 "R"
12 12 50 30 123 "A"
12 -9 20 31 1 "F"
12 -6 10 31 2 "R"
12 -12 50 31 3 "A"
12 2 10 31 4 "R"
12 3 50 31 5 "A"
12 2 10 31 6 "R"
12 -12 50 31 7 "A"
12 -12 50 31 8 "A"
12 1 50 31 9 "A"
12 -240 40 31 10 "V"
12 -6 10 31 11 "R"
12 -6 10 31 12 "R"
12 -15 50 31 13 "A"
12 1 50 31 14 "A"
12 -6 50 31 15 "A"
12 -6 50 31 16 "A"
12 -6 10 31 17 "R"
12 2 10 31 18 "R"
12 4 10 31 19 "R"
12 2 10 31 20 "R"
12 3 50 31 21 "A"
12 -6 10 31 22 "R"
12 -12 50 31 23 "A"
12 -6 10 31 24 "R"
12 -6 50 31 25 "A"
12 2 10 31 26 "R"
12 -12 10 31 27 "R"
12 1 50 31 28 "A"
12 3 50 31 29 "A"
12 2 10 31 30 "R"
12 -12 50 31 31 "A"
12 -6 10 31 32 "R"
12 5 10 31 33 "R"
12 -6 50 31 34 "A"
12 4 10 31 35 "R"
12 -6 50 31 36 "A"
12 -15 50 31 37 "A"
12 2 10 31 38 "R"
12 -12 10 31 39 "R"
12 -3 20 31 40 "F"
12 -12 10 31 41 "R"
12 3 50 31 42 "A"
12 5 10 31 43 "R"
12 -6 50 31 44 "A"
12 -15 10 31 45 "R"
12 2 10 31 46 "R"
12 -12 10 31 47 "R"
12 4 10 31 48 "R"
12 2 10 31 49 "R"
12 2 10 31 50 "R"
12 3 50 31 51 "A"
12 2 10 31 52 "R"
12 -12 50 31 53 "A"
12 -6 10 31 54 "R"
12 -12 10 31 55 "R"
12 1 50 31 56 "A"
12 12 50 31 57 "A"
12 -6 50 31 58 "A"
12 -3 40 31 59 "V"
12 2 10 31 60 "R"
12 -6 10 31 61 "R"
12 1 50 31 62 "A"
12 12 50 31 63 "A"
12 -15 10 31 64 "R"
12 -15 50 31 65 "A"
12 -6 10 31 66 "R"
12 4 10 31 67 "R"
12 -6 10 31 68 "R"
12 -6 10 31 69 "R"
12 -12 10 31 70 "R"
12 4 10 31 71 "R"
12 1 50 31 72 "A"
12 2 10 31 73 "R"
12 -6 10 31 74 "R"
12 -12 10 31 75 "R"
12 -6 10 31 76 "R"
12 1 50 31 77 "A"
12 2 10 31 78 "R"
12 -12 50 31 79 "A"
12 -6 10 31 80 "R"
12 -12 10 31 81 "R"
12 -3 40 31 82 "V"
12 4 20 31 83 "F"
12 -12 10 31 84 "R"
12 -6 50 31 85 "A"
12 -6 50 31 86 "A"
12 4 10 31 87 "R"
12 -6 10 31 88 "R"
12 3 50 31 89 "A"
12 2 10 31 90 "R"
12 -6 50 31 91 "A"
12 1 50 31 92 "A"
12 3 50 31 93 "A"
12 2 10 31 94 "R"
12 3 40 31 95 "V"
12 2 10 31 96 "R"
12 -12 10 31 97 "R"
12 -12 50 31 98 "A"
12 -6 50 31 99 "A"
12 -6 10 31 100 "R"
12 -6 10 31 101 "R"
12 1 50 31 102 "A"
12 -12 50 31 103 "A"
12 -6 10 31 104 "R"
12 4 10 31 105 "R"
12 2 10 31 106 "R"
12 -9 20 31 107 "F"
12 -12 50 31 108 "A"
12 -6 10 31 109 "R"
12 1 50 32 1 "A"
12 2 20 32 2 "F"
12 3 50 32 3 "A"
12 -6 10 32 4 "R"
12 -12 50 32 5 "A"
12 2 10 32 6 "R"
12 2 20 32 7 "F"
12 -6 50 32 8 "A"
12 -12 10 32 9 "R"
12 2 10 32 10 "R"
12 1 50 32 11 "A"
12 1 50 32 12 "A"
12 1 50 32 13 "A"
12 -6 10 32 14 "R"
12 -6 10 32 15 "R"
12 -6 50 32 16 "A"
12 -12 50 32 17 "A"
12 -6 10 32 18 "R"
12 -12 10 32 19 "R"
12 2 20 32 20 "F"
12 4 10 32 21 "R"
12 -12 10 32 22 "R"
12 -12 10 32 23 "R"
12 1 50 32 24 "A"
12 2 10 32 25 "R"
12 -12 10 32 26 "R"
12 2 10 32 27 "R"
12 -6 50 32 28 "A"
12 -15 10 32 29 "R"
12 4 10 32 30 "R"
12 -6 50 32 31 "A"
12 2 10 32 32 "R"
12 5 10 32 33 "R"
12 -12 50 32 34 "A"
12 -36 20 32 35 "F"
12 -6 10 32 36 "R"
12 3 50 32 37 "A"
12 1 50 32 38 "A"
12 -12 50 32 39 "A"
12 1 50 32 40 "A"
12 5 10 32 41 "R"
12 3 50 32 42 "A"
12 -9 40 32 43 "V"
12 2 10 32 44 "R"
12 -12 10 32 45 "R"
12 2 10 32 46 "R"
12 -15 50 32 47 "A"
12 2 10 32 48 "R"
12 3 50 32 49 "A"
12 2 20 32 50 "F"
12 -6 10 32 51 "R"
12 1 50 32 52 "A"
12 4 10 32 53 "R"
12 -6 10 32 54 "R"
12 12 50 32 55 "A"
12 -3 20 32 56 "F"
12 -12 50 32 57 "A"
12 2 10 32 58 "R"
12 4 10 32 59 "R"
12 -12 10 32 60 "R"
12 -6 50 32 61 "A"
12 -6 10 32 62 "R"
12 5 10 32 63 "R"
12 1 50 32 64 "A"
12 4 10 32 65 "R"
12 -6 10 32 66 "R"
12 2 10 32 67 "R"
12 2 10 32 68 "R"
12 -6 10 32 69 "R"
12 -6 10 32 70 "R"
12 2 10 32 71 "R"
12 -6 50 32 72 "A"
12 -9 20 32 73 "F"
12 3 50 32 74 "A"
12 5 10 32 75 "R"
12 2 10 32 76 "R"
12 -12 10 32 77 "R"
12 -6 50 32 78 "A"
12 3 50 32 79 "A"
12 -12 10 32 80 "R"
12 3 50 32 81 "A"
12 2 20 32 82 "F"
12 -6 50 32 83 "A"
12 -6 50 32 84 "A"
12 4 10 32 85 "R"
12 -6 10 32 86 "R"
12 3 50 32 87 "A"
12 -3 20 32 88 "F"
12 4 10 32 89 "R"
12 1 50 32 90 "A"
12 -9 20 32 91 "F"
12 -6 50 32 92 "A"
12 5 20 32 93 "F"
12 -6 10 32 94 "R"
12 -12 10 32 95 "R"
12 3 50 32 96 "A"
12 4 10 32 97 "R"
12 4 10 32 98 "R"
12 2 10 32 99 "R"
12 2 10 32 100 "R"
12 1 50 32 101 "A"
12 4 20 32 102 "F"
12 5 10 32 103 "R"
12 -12 50 32 104 "A"
12 5 10 32 105 "R"
12 -6 10 32 106 "R"
12 -6 10 32 107 "R"
12 -3 40 32 108 "V"
12 4 10 32 109 "R"
12 -6 10 32 110 "R"
12 2 20 32 111 "F"
12 -3 20 32 112 "F"
12 2 10 32 113 "R"
12 2 10 32 114 "R"
12 -6 50 32 115 "A"
12 -6 10 32 116 "R"
12 -15 10 32 117 "R"
12 2 10 32 118 "R"
12 -6 10 32 119 "R"
12 4 10 32 120 "R"
12 -6 50 32 121 "A"
12 -6 10 32 122 "R"
12 -15 10 32 123 "R"
12 1 50 32 124 "A"
12 -12 10 32 125 "R"
12 -6 50 32 126 "A"
12 -6 50 32 127 "A"
12 1 50 32 128 "A"
12 -12 10 32 129 "R"
12 -12 50 32 130 "A"
12 3 50 32 131 "A"
12 2 10 32 132 "R"
12 -12 50 32 133 "A"
12 -6 50 32 134 "A"
12 -12 50 32 135 "A"
12 4 10 32 136 "R"
12 -12 10 32 137 "R"
12 1 50 32 138 "A"
12 4 20 32 139 "F"
12 -9 20 32 140 "F"
12 2 10 32 141 "R"
12 -12 50 33 1 "A"
12 2 10 33 2 "R"
12 -12 10 33 3 "R"
12 -3 20 33 4 "F"
12 -12 50 33 5 "A"
12 -6 10 33 6 "R"
12 -9 40 33 7 "V"
12 -6 10 33 8 "R"
12 -15 50 33 9 "A"
12 -6 10 33 10 "R"
12 1 50 33 11 "A"
12 2 10 33 12 "R"
12 4 10 33 13 "R"
12 -6 10 33 14 "R"
12 3 50 33 15 "A"
12 1 50 33 16 "A"
12 3 50 33 17 "A"
12 1 50 33 18 "A"
12 -15 50 33 19 "A"
12 -3 20 33 20 "F"
12 -12 50 33 21 "A"
12 -6 50 33 22 "A"
12 1 50 33 23 "A"
12 1 50 33 24 "A"
12 4 20 33 25 "F"
12 -12 50 33 26 "A"
12 -9 20 33 27 "F"
12 -6 10 33 28 "R"
12 3 50 33 29 "A"
12 -6 50 33 30 "A"
12 -12 10 33 31 "R"
12 -15 50 33 32 "A"
12 5 20 33 33 "F"
12 -3 20 33 34 "F"
12 1 50 33 35 "A"
12 -3 20 33 36 "F"
12 2 10 33 37 "R"
12 3 50 33 38 "A"
12 2 20 33 39 "F"
12 2 10 33 40 "R"
12 -6 50 33 41 "A"
12 -6 10 33 42 "R"
12 -6 10 33 43 "R"
12 1 50 33 44 "A"
12 -6 50 33 45 "A"
12 -6 10 33 46 "R"
12 -12 50 33 47 "A"
12 -12 10 33 48 "R"
12 -6 10 33 49 "R"
12 -6 50 33 50 "A"
12 3 40 33 51 "V"
12 2 10 33 52 "R"
12 5 20 33 53 "F"
12 -6 50 33 54 "A"
12 -9 40 33 55 "V"
12 1 50 33 56 "A"
12 -12 50 33 57 "A"
12 1 50 33 58 "A"
12 -3 20 33 59 "F"
12 1 50 33 60 "A"
12 -12 50 33 61 "A"
12 1 50 33 62 "A"
12 3 50 33 63 "A"
12 -3 20 33 64 "F"
12 4 10 33 65 "R"
12 1 40 33 66 "V"
12 -12 10 33 67 "R"
12 2 10 33 68 "R"
12 3 50 33 69 "A"
12 -3 20 33 70 "F"
12 2 10 33 71 "R"
12 -6 50 33 72 "A"
12 -12 50 33 73 "A"
12 -3 20 33 74 "F"
12 -15 10 33 75 "R"
12 2 10 33 76 "R"
12 -12 10 33 77 "R"
12 1 50 33 78 "A"
12 -9 20 33 79 "F"
12 2 10 33 80 "R"
12 -12 10 33 81 "R"
12 -6 10 33 82 "R"
12 4 10 33 83 "R"
12 2 10 33 84 "R"
12 4 10 33 85 "R"
12 -6 50 33 86 "A"
12 -9 20 33 87 "F"
12 2 20 33 88 "F"
12 -3 20 33 89 "F"
12 -6 50 33 90 "A"
12 -9 20 33 91 "F"
12 -6 50 33 92 "A"
12 12 50 33 93 "A"
12 1 50 33 94 "A"
12 -12 50 33 95 "A"
12 -3 20 33 96 "F"
12 5 10 33 97 "R"
12 -6 50 33 98 "A"
12 -6 50 33 99 "A"
12 -6 50 33 100 "A"
12 -36 20 33 101 "F"
12 -6 10 33 102 "R"
12 -12 10 33 103 "R"
12 4 10 33 104 "R"
12 1 50 33 105 "A"
12 3 50 33 106 "A"
12 2 10 33 107 "R"
12 -6 50 33 108 "A"
12 2 20 33 109 "F"
12 -6 10 33 110 "R"
12 -12 50 33 111 "A"
12 -6 10 33 112 "R"
12 3 50 33 113 "A"
12 -12 10 33 114 "R"
12 -3 20 33 115 "F"
12 2 10 33 116 "R"
12 2 10 33 117 "R"
12 1 50 33 118 "A"
12 -6 50 33 119 "A"
12 -6 10 33 120 "R"
12 -12 10 33 121 "R"
12 -12 10 33 122 "R"
12 12 50 33 123 "A"
12 2 10 33 124 "R"
12 -15 10 33 125 "R"
12 3 50 33 126 "A"
12 4 20 33 127 "F"
12 4 10 33 128 "R"
12 -6 10 33 129 "R"
12 -3 20 33 130 "F"
12 -12 10 33 131 "R"
12 -6 10 33 132 "R"
12 -12 10 33 133 "R"
12 2 10 33 134 "R"
12 -6 50 33 135 "A"
12 2 10 34 1 "R"
12 -6 50 34 2 "A"
12 3 50 34 3 "A"
12 3 40 34 4 "V"
12 5 10 34 5 "R"
12 -6 50 34 6 "A"
12 3 50 34 7 "A"
12 -6 10 34 8 "R"
12 3 50 34 9 "A"
12 2 10 34 10 "R"
12 -12 50 34 11 "A"
12 1 50 34 12 "A"
12 3 50 34 13 "A"
12 -6 50 34 14 "A"
12 -6 10 34 15 "R"
12 -6 50 34 16 "A"
12 -9 20 34 17 "F"
12 -6 50 34 18 "A"
12 -6 10 34 19 "R"
12 4 10 34 20 "R"
12 -15 10 34 21 "R"
12 -6 10 34 22 "R"
12 -6 50 34 23 "A"
12 5 10 34 24 "R"
12 4 10 34 25 "R"
12 2 10 34 26 "R"
12 3 50 34 27 "A"
12 -6 50 34 28 "A"
12 2 20 34 29 "F"
12 1 50 34 30 "A"
12 -12 50 34 31 "A"
12 -6 10 34 32 "R"
12 4 10 34 33 "R"
12 -12 10 34 34 "R"
12 1 50 34 35 "A"
12 2 20 34 36 "F"
12 -12 10 34 37 "R"
12 -6 10 34 38 "R"
12 -12 10 34 39 "R"
12 2 10 34 40 "R"
12 -12 10 34 41 "R"
12 -6 10 34 42 "R"
12 -12 10 34 43 "R"
12 1 50 34 44 "A"
12 1 50 34 45 "A"
12 -6 10 34 46 "R"
12 -36 20 34 47 "F"
12 2 10 34 48 "R"
12 2 10 34 49 "R"
12 -6 10 34 50 "R"
12 -6 10 34 51 "R"
12 -12 50 34 52 "A"
12 3 50 34 53 "A"
12 -6 10 34 54 "R"
12 -12 10 34 55 "R"
12 -9 40 34 56 "V"
12 -12 10 34 57 "R"
12 1 50 34 58 "A"
12 -6 50 34 59 "A"
12 2 10 34 60 "R"
12 -6 50 34 61 "A"
12 -6 10 34 62 "R"
12 3 50 34 63 "A"
12 -6 50 34 64 "A"
12 3 50 34 65 "A"
12 1 50 34 66 "A"
12 -6 10 34 67 "R"
12 4 10 34 68 "R"
12 -12 10 34 69 "R"
12 1 50 34 70 "A"
12 4 20 34 71 "F"
12 -6 10 34 72 "R"
12 3 50 34 73 "A"
12 2 20 34 74 "F"
12 3 50 34 75 "A"
12 -12 10 34 76 "R"
12 -12 10 34 77 "R"
12 1 50 34 78 "A"
12 2 20 34 79 "F"
12 1 50 34 80 "A"
12 -12 10 34 81 "R"
12 -6 10 34 82 "R"
12 -12 10 34 83 "R"
12 -6 50 34 84 "A"
12 -12 10 34 85 "R"
12 -12 10 34 86 "R"
12 -6 10 34 87 "R"
12 3 50 34 88 "A"
12 5 10 34 89 "R"
12 1 50 34 90 "A"
12 1 50 34 91 "A"
12 -6 10 34 92 "R"
12 -12 50 34 93 "A"
12 2 10 34 94 "R"
12 2 10 34 95 "R"
12 -6 10 34 96 "R"
12 4 10 34 97 "R"
12 2 10 34 98 "R"
12 4 10 34 99 "R"
12 2 10 34 100 "R"
12 -15 10 34 101 "R"
12 2 10 34 102 "R"
12 4 10 34 103 "R"
12 -6 10 34 104 "R"
12 4 10 34 105 "R"
12 -6 10 34 106 "R"
12 -12 50 34 107 "A"
12 2 20 34 108 "F"
12 4 10 34 109 "R"
12 1 50 34 110 "A"
12 -6 10 34 111 "R"
12 -12 10 34 112 "R"
12 -6 10 34 113 "R"
12 -6 50 34 114 "A"
12 3 50 34 115 "A"
12 2 10 34 116 "R"
12 4 10 34 117 "R"
12 3 50 34 118 "A"
12 -12 50 34 119 "A"
12 2 10 34 120 "R"
12 4 10 34 121 "R"
12 -6 50 34 122 "A"
12 -9 20 34 123 "F"
12 -3 20 34 124 "F"
12 -15 10 34 125 "R"
12 -6 10 34 126 "R"
12 -6 50 34 127 "A"
12 -3 20 34 128 "F"
12 -6 10 34 129 "R"
12 1 50 34 130 "A"
12 4 20 34 131 "F"
12 2 10 35 1 "R"
12 -6 50 35 2 "A"
12 -12 50 35 3 "A"
12 4 10 35 4 "R"
12 -6 50 35 5 "A"
12 2 10 35 6 "R"
12 -12 10 35 7 "R"
12 1 50 35 8 "A"
12 -12 10 35 9 "R"
12 1 40 35 10 "V"
12 -15 50 35 11 "A"
12 -6 50 35 12 "A"
12 -12 10 35 13 "R"
12 4 10 35 14 "R"
12 -6 50 35 15 "A"
12 2 10 35 16 "R"
12 3 50 35 17 "A"
12 1 50 35 18 "A"
12 4 10 35 19 "R"
12 -12 50 35 20 "A"
12 -12 50 35 21 "A"
12 2 10 35 22 "R"
12 -12 10 35 23 "R"
12 -12 50 35 24 "A"
12 3 50 35 25 "A"
12 2 10 35 26 "R"
12 -6 10 35 27 "R"
12 -6 10 35 28 "R"
12 -12 50 35 29 "A"
12 -6 50 35 30 "A"
12 -6 50 35 31 "A"
12 -6 10 35 32 "R"
12 -6 50 35 33 "A"
12 4 10 35 34 "R"
12 -6 50 35 35 "A"
12 -6 50 35 36 "A"
12 -9 20 35 37 "F"
12 4 10 35 38 "R"
12 5 10 35 39 "R"
12 -3 20 35 40 "F"
12 -6 10 35 41 "R"
12 2 10 35 42 "R"
12 -12 10 35 43 "R"
12 -6 50 35 44 "A"
12 3 50 35 45 "A"
12 -6 10 35 46 "R"
12 2 10 35 47 "R"
12 -6 50 35 48 "A"
12 -12 50 35 49 "A"
12 1 50 35 50 "A"
12 -12 50 35 51 "A"
12 -6 10 35 52 "R"
12 2 10 35 53 "R"
12 -6 10 35 54 "R"
12 3 50 35 55 "A"
12 1 50 35 56 "A"
12 4 10 35 57 "R"
12 1 50 35 58 "A"
12 3 50 35 59 "A"
12 -6 10 35 60 "R"
12 -15 50 35 61 "A"
12 2 10 35 62 "R"
12 -6 50 35 63 "A"
12 1 50 35 64 "A"
12 -12 10 35 65 "R"
12 -6 10 35 66 "R"
12 -15 50 35 67 "A"
12 -6 50 35 68 "A"
12 1 50 35 69 "A"
12 -6 10 35 70 "R"
12 4 10 35 71 "R"
12 4 10 35 72 "R"
12 -15 50 35 73 "A"
12 -6 10 35 74 "R"
12 1 50 35 75 "A"
12 -12 50 35 76 "A"
12 -6 50 35 77 "A"
12 -6 10 35 78 "R"
12 -6 50 35 79 "A"
12 1 50 35 80 "A"
12 4 10 35 81 "R"
12 -6 50 35 82 "A"
12 4 10 35 83 "R"
12 -6 50 35 84 "A"
12 -15 10 35 85 "R"
12 -6 50 35 86 "A"
12 -6 10 35 87 "R"
12 -6 50 35 88 "A"
12 -12 10 35 89 "R"
12 2 10 35 90 "R"
12 5 10 35 91 "R"
12 1 50 35 92 "A"
12 -12 50 35 93 "A"
12 -12 10 35 94 "R"
12 1 50 35 95 "A"
12 -9 20 35 96 "F"
12 3 50 35 97 "A"
12 2 10 35 98 "R"
12 -15 10 35 99 "R"
12 -6 10 35 100 "R"
12 2 10 35 101 "R"
12 -6 10 35 102 "R"
12 -15 10 35 103 "R"
12 2 10 35 104 "R"
12 -12 10 35 105 "R"
12 2 10 35 106 "R"
12 3 50 35 107 "A"
12 -6 10 35 108 "R"
12 -6 50 35 109 "A"
12 -6 50 35 110 "A"
12 2 10 35 111 "R"
12 -6 10 35 112 "R"
12 -15 50 35 113 "A"
12 1 50 35 114 "A"
12 -12 50 35 115 "A"
12 -12 10 35 116 "R"
12 -15 10 35 117 "R"
12 -12 10 35 118 "R"
12 -12 50 35 119 "A"
12 2 10 35 120 "R"
12 -12 10 35 121 "R"
12 -6 10 35 122 "R"
12 -12 10 35 123 "R"
12 -6 50 35 124 "A"
12 -12 50 35 125 "A"
12 2 10 35 126 "R"
12 2 10 35 127 "R"
12 2 10 35 128 "R"
12 -12 10 35 129 "R"
12 1 50 35 130 "A"
12 3 50 35 131 "A"
12 1 50 35 132 "A"
12 -12 50 35 133 "A"
12 2 10 35 134 "R"
12 4 10 35 135 "R"
12 -3 40 35 136 "V"
12 -6 50 35 137 "A"
12 2 10 35 138 "R"
12 -6 10 35 139 "R"
12 -6 10 35 140 "R"
12 -12 10 36 1 "R"
12 -6 10 36 2 "R"
12 -12 50 36 3 "A"
12 1 50 36 4 "A"
12 4 10 36 5 "R"
12 1 50 36 6 "A"
12 -12 50 36 7 "A"
12 -12 50 36 8 "A"
12 2 10 36 9 "R"
12 -6 50 36 10 "A"
12 -3 20 36 11 "F"
12 -6 50 36 12 "A"
12 -15 50 36 13 "A"
12 2 20 36 14 "F"
12 -6 50 36 15 "A"
12 -6 10 36 16 "R"
12 -6 10 36 17 "R"
12 1 50 36 18 "A"
12 3 50 36 19 "A"
12 2 20 36 20 "F"
12 3 50 36 21 "A"
12 -6 50 36 22 "A"
12 -12 10 36 23 "R"
12 -6 10 36 24 "R"
12 -3 20 36 25 "F"
12 2 10 36 26 "R"
12 -12 10 36 27 "R"
12 2 10 36 28 "R"
12 3 50 36 29 "A"
12 1 50 36 30 "A"
12 -12 10 36 31 "R"
12 -6 50 36 32 "A"
12 5 20 36 33 "F"
12 -6 50 36 34 "A"
12 3 50 36 35 "A"
12 -6 50 36 36 "A"
12 -15 50 36 37 "A"
12 2 10 36 38 "R"
12 -12 50 36 39 "A"
12 -3 20 36 40 "F"
12 -12 50 36 41 "A"
12 4 10 36 42 "R"
12 5 10 36 43 "R"
12 -6 50 36 44 "A"
12 -15 50 36 45 "A"
12 2 10 36 46 "R"
12 -12 10 36 47 "R"
12 4 10 36 48 "R"
12 2 10 36 49 "R"
12 2 10 36 50 "R"
12 3 50 36 51 "A"
12 1 50 36 52 "A"
12 -12 50 36 53 "A"
12 -6 50 36 54 "A"
12 -12 50 36 55 "A"
12 2 10 36 56 "R"
12 5 10 36 57 "R"
12 -6 50 36 58 "A"
12 -6 50 36 59 "A"
12 1 50 36 60 "A"
12 -6 50 36 61 "A"
12 2 10 36 62 "R"
12 12 50 36 63 "A"
12 -15 10 36 64 "R"
12 -15 10 36 65 "R"
12 -6 50 36 66 "A"
12 4 10 36 67 "R"
12 -6 10 36 68 "R"
12 -6 50 36 69 "A"
12 -12 10 36 70 "R"
12 3 50 36 71 "A"
12 2 10 36 72 "R"
12 2 10 36 73 "R"
12 -6 10 36 74 "R"
12 -12 50 36 75 "A"
12 -6 10 36 76 "R"
12 2 10 36 77 "R"
12 1 50 36 78 "A"
12 -12 50 36 79 "A"
12 -6 10 36 80 "R"
12 -12 10 36 81 "R"
12 -6 50 36 82 "A"
12 3 50 36 83 "A"
12 -12 50 36 84 "A"
12 -6 50 36 85 "A"
12 -6 10 36 86 "R"
12 3 50 36 87 "A"
12 -6 50 36 88 "A"
12 4 10 36 89 "R"
12 2 10 36 90 "R"
12 -6 10 36 91 "R"
12 2 10 36 92 "R"
12 3 50 36 93 "A"
12 1 50 36 94 "A"
12 3 50 36 95 "A"
12 1 50 36 96 "A"
12 -12 50 36 97 "A"
12 -12 50 36 98 "A"
12 -6 50 36 99 "A"
12 -6 10 36 100 "R"
12 -6 10 36 101 "R"
12 2 10 36 102 "R"
12 -12 10 36 103 "R"
12 -6 10 36 104 "R"
12 4 20 36 105 "F"
12 2 10 36 106 "R"
12 -12 50 36 107 "A"
12 -12 50 36 108 "A"
12 -6 50 36 109 "A"
12 1 50 36 110 "A"
12 4 20 36 111 "F"
12 4 10 36 112 "R"
12 -12 50 36 113 "A"
12 -6 50 36 114 "A"
12 4 10 36 115 "R"
12 1 50 36 116 "A"
12 4 10 36 117 "R"
12 1 50 36 118 "A"
12 3 50 36 119 "A"
12 2 10 36 120 "R"
12 -12 10 36 121 "R"
12 2 10 36 122 "R"
12 -6 10 36 123 "R"
12 1 50 36 124 "A"
12 3 50 36 125 "A"
12 -6 10 36 126 "R"
12 4 10 36 127 "R"
12 -6 10 36 128 "R"
12 5 10 36 129 "R"
12 1 50 36 130 "A"
12 -12 10 36 131 "R"
12 1 50 36 132 "A"
12 4 10 36 133 "R"
12 1 40 36 134 "V"
12 -12 50 36 135 "A"
12 -6 50 36 136 "A"
12 -12 10 36 137 "R"
12 2 10 36 138 "R"
12 -15 10 36 139 "R"
12 -12 10 36 140 "R"
12 -15 50 36 141 "A"
12 1 50 36 142 "A"
12 1 50 36 143 "A"
12 -6 50 36 144 "A"
12 -9 20 36 145 "F"
12 -12 50 37 1 "A"
12 -6 50 37 2 "A"
12 -12 10 37 3 "R"
12 2 10 37 4 "R"
12 3 50 37 5 "A"
12 1 50 37 6 "A"
12 -12 50 37 7 "A"
12 -12 10 37 8 "R"
12 1 50 37 9 "A"
12 -6 50 37 10 "A"
12 -6 50 37 11 "A"
12 -6 50 37 12 "A"
12 -15 50 37 13 "A"
12 1 50 37 14 "A"
12 -6 10 37 15 "R"
12 -6 50 37 16 "A"
12 -6 50 37 17 "A"
12 2 10 37 18 "R"
12 3 50 37 19 "A"
12 1 50 37 20 "A"
12 4 10 37 21 "R"
12 -6 50 37 22 "A"
12 -12 50 37 23 "A"
12 -6 10 37 24 "R"
12 -6 10 37 25 "R"
12 2 10 37 26 "R"
12 -12 10 37 27 "R"
12 2 10 37 28 "R"
12 3 50 37 29 "A"
12 1 50 37 30 "A"
12 -12 10 37 31 "R"
12 -6 50 37 32 "A"
12 12 50 37 33 "A"
12 -6 10 37 34 "R"
12 4 10 37 35 "R"
12 -6 50 37 36 "A"
12 -36 20 37 37 "F"
12 2 10 37 38 "R"
12 -12 50 37 39 "A"
12 -3 20 37 40 "F"
12 -12 10 37 41 "R"
12 3 50 37 42 "A"
12 12 50 37 43 "A"
12 -6 10 37 44 "R"
12 -15 50 37 45 "A"
12 1 50 37 46 "A"
12 -9 20 37 47 "F"
12 4 20 37 48 "F"
12 2 10 37 49 "R"
12 1 50 37 50 "A"
12 4 10 37 51 "R"
12 2 20 37 52 "F"
12 -12 50 37 53 "A"
12 -6 10 37 54 "R"
12 -12 10 37 55 "R"
12 2 10 37 56 "R"
12 5 10 37 57 "R"
12 -6 10 37 58 "R"
12 -6 10 37 59 "R"
12 2 10 37 60 "R"
12 -6 10 37 61 "R"
12 1 50 37 62 "A"
12 12 50 37 63 "A"
12 -15 10 37 64 "R"
12 -15 50 37 65 "A"
12 -6 50 37 66 "A"
12 4 20 37 67 "F"
12 -6 10 37 68 "R"
12 -6 10 37 69 "R"
12 -12 10 37 70 "R"
12 3 50 37 71 "A"
12 2 10 37 72 "R"
12 1 50 37 73 "A"
12 -3 20 37 74 "F"
12 -12 10 37 75 "R"
12 -6 50 37 76 "A"
12 2 10 37 77 "R"
12 1 50 37 78 "A"
12 -12 50 37 79 "A"
12 -6 50 37 80 "A"
12 -12 50 37 81 "A"
12 -3 20 37 82 "F"
12 4 10 37 83 "R"
12 -12 50 37 84 "A"
12 -6 50 37 85 "A"
12 -6 10 37 86 "R"
12 4 10 37 87 "R"
12 -6 50 37 88 "A"
12 3 50 37 89 "A"
12 2 10 37 90 "R"
12 -6 10 37 91 "R"
12 1 40 37 92 "V"
12 3 50 37 93 "A"
12 1 50 37 94 "A"
12 3 50 37 95 "A"
12 2 20 37 96 "F"
12 -9 20 37 97 "F"
12 -12 50 37 98 "A"
12 -6 10 37 99 "R"
12 -6 10 37 100 "R"
12 -6 50 37 101 "A"
12 1 50 37 102 "A"
12 -12 50 37 103 "A"
12 -6 10 37 104 "R"
12 3 50 37 105 "A"
12 1 50 37 106 "A"
12 -9 20 37 107 "F"
12 -12 10 37 108 "R"
12 -6 50 37 109 "A"
12 2 10 37 110 "R"
12 3 50 37 111 "A"
12 3 50 37 112 "A"
12 -12 10 37 113 "R"
12 -6 10 37 114 "R"
12 3 50 37 115 "A"
12 2 10 37 116 "R"
12 3 50 37 117 "A"
12 1 50 37 118 "A"
12 4 10 37 119 "R"
12 1 50 37 120 "A"
12 -12 50 37 121 "A"
12 2 10 37 122 "R"
12 -6 10 37 123 "R"
12 1 50 37 124 "A"
12 3 50 37 125 "A"
12 -6 50 37 126 "A"
12 4 10 37 127 "R"
12 -6 50 37 128 "A"
12 12 50 37 129 "A"
12 2 20 37 130 "F"
12 -12 10 37 131 "R"
12 1 50 37 132 "A"
12 3 50 37 133 "A"
12 2 10 37 134 "R"
12 -12 10 37 135 "R"
12 -6 10 37 136 "R"
12 -12 50 37 137 "A"
12 1 50 38 1 "A"
12 -6 10 38 2 "R"
12 4 10 38 3 "R"
12 4 10 38 4 "R"
12 5 10 38 5 "R"
12 -6 50 38 6 "A"
12 4 10 38 7 "R"
12 -6 10 38 8 "R"
12 3 50 38 9 "A"
12 2 10 38 10 "R"
12 -12 50 38 11 "A"
12 1 50 38 12 "A"
12 4 10 38 13 "R"
12 -6 10 38 14 "R"
12 -6 10 38 15 "R"
12 -3 40 38 16 "V"
12 -12 10 38 17 "R"
12 -6 10 38 18 "R"
12 -6 10 38 19 "R"
12 3 50 38 20 "A"
12 -15 50 38 21 "A"
12 -6 50 38 22 "A"
12 -6 50 38 23 "A"
12 5 10 38 24 "R"
12 4 10 38 25 "R"
12 2 20 38 26 "F"
12 4 10 38 27 "R"
12 -3 20 38 28 "F"
12 2 10 38 29 "R"
12 1 50 38 30 "A"
12 -12 10 38 31 "R"
12 -6 50 38 32 "A"
12 3 50 38 33 "A"
12 -12 10 38 34 "R"
12 2 10 38 35 "R"
12 1 40 38 36 "V"
12 -12 50 38 37 "A"
12 -6 10 38 38 "R"
12 -12 50 38 39 "A"
12 1 50 38 40 "A"
12 -12 50 38 41 "A"
12 -3 20 38 42 "F"
12 -12 50 38 43 "A"
12 2 10 38 44 "R"
12 1 50 38 45 "A"
12 -6 50 38 46 "A"
12 -15 10 38 47 "R"
12 2 10 38 48 "R"
12 2 10 38 49 "R"
12 -6 50 38 50 "A"
12 -6 10 38 51 "R"
12 -12 50 38 52 "A"
12 4 10 38 53 "R"
12 -3 20 38 54 "F"
12 -12 50 38 55 "A"
12 -9 20 38 56 "F"
12 -12 50 38 57 "A"
12 2 10 38 58 "R"
12 -6 10 38 59 "R"
12 2 10 38 60 "R"
12 -6 10 38 61 "R"
12 -6 10 38 62 "R"
12 4 10 38 63 "R"
12 -6 10 38 64 "R"
12 3 50 38 65 "A"
12 2 20 38 66 "F"
12 -6 10 38 67 "R"
12 4 10 38 68 "R"
12 -9 20 38 69 "F"
12 2 10 38 70 "R"
12 4 10 38 71 "R"
12 -6 10 38 72 "R"
12 3 50 38 73 "A"
12 1 50 38 74 "A"
12 4 10 38 75 "R"
12 -12 50 38 76 "A"
12 -12 10 38 77 "R"
12 2 10 38 78 "R"
12 1 50 38 79 "A"
12 1 50 38 80 "A"
12 -9 20 38 81 "F"
12 -3 20 38 82 "F"
12 -12 50 38 83 "A"
12 -6 50 38 84 "A"
12 -9 20 38 85 "F"
12 -12 50 38 86 "A"
12 -6 10 38 87 "R"
12 4 10 38 88 "R"
12 12 50 38 89 "A"
12 2 20 38 90 "F"
12 1 50 38 91 "A"
12 -6 10 38 92 "R"
12 -12 10 38 93 "R"
12 1 50 38 94 "A"
12 1 50 38 95 "A"
12 -6 10 38 96 "R"
12 4 10 38 97 "R"
12 1 50 38 98 "A"
12 3 50 38 99 "A"
12 2 20 38 100 "F"
12 -15 10 38 101 "R"
12 2 10 38 102 "R"
12 4 10 38 103 "R"
12 -6 10 38 104 "R"
12 4 10 38 105 "R"
12 -6 10 38 106 "R"
12 -12 50 38 107 "A"
12 2 20 38 108 "F"
12 4 20 38 109 "F"
12 2 10 38 110 "R"
12 -6 10 38 111 "R"
12 -12 50 38 112 "A"
12 -6 50 38 113 "A"
12 -6 10 38 114 "R"
12 3 50 38 115 "A"
12 1 50 38 116 "A"
12 4 10 38 117 "R"
12 4 10 38 118 "R"
12 -12 10 38 119 "R"
12 1 50 38 120 "A"
12 3 50 38 121 "A"
12 -6 10 38 122 "R"
12 -12 10 38 123 "R"
12 -3 20 38 124 "F"
12 -15 50 38 125 "A"
12 -6 10 38 126 "R"
12 -6 50 38 127 "A"
12 -6 50 38 128 "A"
12 -6 10 38 129 "R"
12 2 10 38 130 "R"
12 3 50 38 131 "A"
12 -6 50 38 132 "A"
12 -6 50 38 133 "A"
12 -15 10 38 134 "R"
12 4 10 38 135 "R"
12 1 50 38 136 "A"
12 -3 20 38 137 "F"
12 -6 10 38 138 "R"
12 5 10 38 139 "R"
12 1 50 38 140 "A"
12 -6 10 38 141 "R"
12 2 10 38 142 "R"
12 2 10 38 143 "R"
12 -6 10 38 144 "R"
12 12 50 38 145 "A"
12 -6 50 38 146 "A"
12 -12 50 38 147 "A"
12 2 10 38 148 "R"
12 -6 10 38 149 "R"
12 -6 10 38 150 "R"
12 5 10 38 151 "R"
12 1 50 38 152 "A"
12 4 10 38 153 "R"
12 2 10 39 1 "R"
12 -6 10 39 2 "R"
12 -12 10 39 3 "R"
12 4 10 39 4 "R"
12 -6 50 39 5 "A"
12 2 10 39 6 "R"
12 -12 10 39 7 "R"
12 1 50 39 8 "A"
12 -9 20 39 9 "F"
12 2 10 39 10 "R"
12 -15 50 39 11 "A"
12 -6 50 39 12 "A"
12 -12 50 39 13 "A"
12 4 10 39 14 "R"
12 -6 50 39 15 "A"
12 1 50 39 16 "A"
12 3 50 39 17 "A"
12 2 10 39 18 "R"
12 4 10 39 19 "R"
12 -12 50 39 20 "A"
12 -12 50 39 21 "A"
12 2 10 39 22 "R"
12 -12 10 39 23 "R"
12 -12 50 39 24 "A"
12 3 50 39 25 "A"
12 1 50 39 26 "A"
12 -6 10 39 27 "R"
12 -6 10 39 28 "R"
12 -12 50 39 29 "A"
12 -6 50 39 30 "A"
12 -6 10 39 31 "R"
12 -6 10 39 32 "R"
12 -3 20 39 33 "F"
12 3 50 39 34 "A"
12 -6 50 39 35 "A"
12 -6 50 39 36 "A"
12 -12 10 39 37 "R"
12 3 50 39 38 "A"
12 5 10 39 39 "R"
12 -6 10 39 40 "R"
12 -6 10 39 41 "R"
12 2 10 39 42 "R"
12 -12 50 39 43 "A"
12 -3 20 39 44 "F"
12 4 10 39 45 "R"
12 -6 50 39 46 "A"
12 2 10 39 47 "R"
12 -6 50 39 48 "A"
12 -12 50 39 49 "A"
12 2 10 39 50 "R"
12 -12 50 39 51 "A"
12 -6 50 39 52 "A"
12 1 50 39 53 "A"
12 -6 10 39 54 "R"
12 4 20 39 55 "F"
12 1 50 39 56 "A"
12 3 50 39 57 "A"
12 2 10 39 58 "R"
12 4 10 39 59 "R"
12 -6 10 39 60 "R"
12 -15 10 39 61 "R"
12 2 10 39 62 "R"
12 -6 10 39 63 "R"
12 2 10 39 64 "R"
12 -12 50 39 65 "A"
12 -6 50 39 66 "A"
12 -15 10 39 67 "R"
12 -6 10 39 68 "R"
12 1 50 39 69 "A"
12 -6 50 39 70 "A"
12 4 10 39 71 "R"
12 4 10 39 72 "R"
12 -15 50 39 73 "A"
12 -3 20 39 74 "F"
12 2 10 39 75 "R"
12 -12 10 39 76 "R"
12 -6 50 39 77 "A"
12 -6 10 39 78 "R"
12 -6 50 39 79 "A"
12 1 50 39 80 "A"
12 3 50 39 81 "A"
12 -3 40 39 82 "V"
12 4 10 39 83 "R"
12 -6 10 39 84 "R"
12 -15 10 39 85 "R"
12 -6 10 39 86 "R"
12 -6 50 39 87 "A"
12 -6 10 39 88 "R"
12 -12 10 39 89 "R"
12 2 10 39 90 "R"
12 5 10 39 91 "R"
12 1 50 39 92 "A"
12 -9 20 39 93 "F"
12 -12 10 39 94 "R"
12 2 10 39 95 "R"
12 -12 10 39 96 "R"
12 3 40 39 97 "V"
12 2 10 39 98 "R"
12 -15 50 39 99 "A"
12 -6 50 39 100 "A"
12 2 10 39 101 "R"
12 -6 50 39 102 "A"
12 -36 20 39 103 "F"
12 1 50 39 104 "A"
12 -12 50 39 105 "A"
12 2 10 39 106 "R"
12 4 10 39 107 "R"
12 -6 10 39 108 "R"
12 -6 50 39 109 "A"
12 -6 50 39 110 "A"
12 2 20 39 111 "F"
12 -6 10 39 112 "R"
12 -15 10 39 113 "R"
12 1 50 39 114 "A"
12 -12 10 39 115 "R"
12 -12 50 39 116 "A"
12 -15 50 39 117 "A"
12 -12 10 39 118 "R"
12 -12 10 39 119 "R"
12 2 10 39 120 "R"
12 -12 50 39 121 "A"
12 -6 50 39 122 "A"
12 -12 10 39 123 "R"
12 -3 20 40 1 "F"
12 2 10 40 2 "R"
12 2 10 40 3 "R"
12 -6 10 40 4 "R"
12 -12 50 40 5 "A"
12 2 10 40 6 "R"
12 -12 50 40 7 "A"
12 -3 20 40 8 "F"
12 -12 50 40 9 "A"
12 4 10 40 10 "R"
12 -6 50 40 11 "A"
12 1 50 40 12 "A"
12 -12 10 40 13 "R"
12 -6 10 40 14 "R"
12 4 10 40 15 "R"
12 1 50 40 16 "A"
12 2 20 40 17 "F"
12 1 50 40 18 "A"
12 -12 50 40 19 "A"
12 -6 50 40 20 "A"
12 2 20 40 21 "F"
12 2 10 40 22 "R"
12 3 50 40 23 "A"
12 -12 10 40 24 "R"
12 4 10 40 25 "R"
12 1 50 40 26 "A"
12 12 50 40 27 "A"
12 -6 10 40 28 "R"
12 4 10 40 29 "R"
12 -6 50 40 30 "A"
12 -15 10 40 31 "R"
12 -6 10 40 32 "R"
12 -12 10 40 33 "R"
12 1 50 40 34 "A"
12 -12 10 40 35 "R"
12 -6 10 40 36 "R"
12 -12 10 40 37 "R"
12 -6 10 40 38 "R"
12 -6 10 40 39 "R"
12 2 20 40 40 "F"
12 -6 10 40 41 "R"
12 1 50 40 42 "A"
12 -15 50 40 43 "A"
12 3 50 40 44 "A"
12 -6 10 40 45 "R"
12 -12 50 40 46 "A"
12 1 50 40 47 "A"
12 1 50 40 48 "A"
12 -6 50 40 49 "A"
12 2 10 40 50 "R"
12 -12 50 40 51 "A"
12 1 50 40 52 "A"
12 1 50 40 53 "A"
12 1 50 40 54 "A"
12 2 10 40 55 "R"
12 1 50 40 56 "A"
12 1 50 40 57 "A"
12 3 50 40 58 "A"
12 -12 10 40 59 "R"
12 2 10 40 60 "R"
12 -12 10 40 61 "R"
12 3 50 40 62 "A"
12 -12 50 40 63 "A"
12 -6 50 40 64 "A"
12 2 20 40 65 "F"
12 1 50 40 66 "A"
12 -6 50 40 67 "A"
12 -6 50 40 68 "A"
12 -6 10 40 69 "R"
12 2 10 40 70 "R"
12 5 10 40 71 "R"
12 3 50 40 72 "A"
12 -12 50 40 73 "A"
12 -3 20 40 74 "F"
12 5 10 40 75 "R"
12 -6 10 40 76 "R"
12 -6 10 40 77 "R"
12 -6 10 40 78 "R"
12 2 10 40 79 "R"
12 1 50 40 80 "A"
12 -6 10 40 81 "R"
12 -12 50 40 82 "A"
12 4 10 40 83 "R"
12 1 50 40 84 "A"
12 -6 10 40 85 "R"
12 -6 10 40 86 "R"
12 -36 20 40 87 "F"
12 -6 10 40 88 "R"
12 -12 10 40 89 "R"
12 -3 20 40 90 "F"
12 -12 10 40 91 "R"
12 2 10 40 92 "R"
12 2 10 40 93 "R"
12 -12 10 40 94 "R"
12 -12 10 40 95 "R"
12 1 50 40 96 "A"
12 -12 50 40 97 "A"
12 2 10 40 98 "R"
12 4 10 40 99 "R"
12 1 50 40 100 "A"
12 12 50 40 101 "A"
12 1 50 40 102 "A"
12 1 50 40 103 "A"
12 -6 10 40 104 "R"
12 2 10 40 105 "R"
12 -6 10 40 106 "R"
12 -6 50 40 107 "A"
12 -6 50 40 108 "A"
12 4 10 40 109 "R"
12 -12 50 40 110 "A"
12 5 10 40 111 "R"
12 -12 50 40 112 "A"
12 4 20 40 113 "F"
12 -15 50 40 114 "A"
12 3 50 40 115 "A"
12 2 10 40 116 "R"
12 -6 10 40 117 "R"
12 4 20 40 118 "F"
12 -15 10 40 119 "R"
12 1 50 40 120 "A"
12 5 20 40 121 "F"
12 2 10 40 122 "R"
12 -3 40 40 123 "V"
12 2 10 40 124 "R"
12 -12 50 40 125 "A"
12 -6 10 40 126 "R"
12 2 10 40 127 "R"
12 -6 10 40 128 "R"
12 -6 50 40 129 "A"
12 -6 10 40 130 "R"
12 3 50 40 131 "A"
12 4 10 40 132 "R"
12 -12 10 40 133 "R"
12 -12 10 40 134 "R"
12 2 10 40 135 "R"
12 -6 50 40 136 "A"
12 2 10 40 137 "R"
12 2 10 40 138 "R"
12 2 10 40 139 "R"
12 -6 10 40 140 "R"
12 4 10 40 141 "R"
12 4 10 40 142 "R"
12 2 10 40 143 "R"
12 -6 10 40 144 "R"
12 2 10 40 145 "R"
12 2 10 40 146 "R"
12 -12 10 40 147 "R"
12 2 10 40 148 "R"
12 5 10 40 149 "R"
12 2 10 41 1 "R"
12 -6 50 41 2 "A"
12 3 50 41 3 "A"
12 4 10 41 4 "R"
12 5 10 41 5 "R"
12 -6 50 41 6 "A"
12 4 10 41 7 "R"
12 -6 50 41 8 "A"
12 3 50 41 9 "A"
12 1 50 41 10 "A"
12 -12 50 41 11 "A"
12 2 10 41 12 "R"
12 4 10 41 13 "R"
12 -6 10 41 14 "R"
12 -6 10 41 15 "R"
12 -6 50 41 16 "A"
12 -12 10 41 17 "R"
12 -6 50 41 18 "A"
12 -6 10 41 19 "R"
12 4 10 41 20 "R"
12 -15 50 41 21 "A"
12 -6 50 41 22 "A"
12 -6 50 41 23 "A"
12 5 10 41 24 "R"
12 4 10 41 25 "R"
12 2 10 41 26 "R"
12 4 10 41 27 "R"
12 -6 50 41 28 "A"
12 2 20 41 29 "F"
12 1 50 41 30 "A"
12 -12 10 41 31 "R"
12 -3 20 41 32 "F"
12 4 10 41 33 "R"
12 -12 10 41 34 "R"
12 1 50 41 35 "A"
12 2 10 41 36 "R"
12 -12 10 41 37 "R"
12 -6 50 41 38 "A"
12 -12 10 41 39 "R"
12 2 10 41 40 "R"
12 -12 10 41 41 "R"
12 -6 10 41 42 "R"
12 -12 50 41 43 "A"
12 2 20 41 44 "F"
12 2 10 41 45 "R"
12 -6 10 41 46 "R"
12 -15 10 41 47 "R"
12 2 10 41 48 "R"
12 2 10 41 49 "R"
12 -6 10 41 50 "R"
12 -6 10 41 51 "R"
12 -9 20 41 52 "F"
12 3 50 41 53 "A"
12 -6 50 41 54 "A"
12 -12 10 41 55 "R"
12 -9 40 41 56 "V"
12 -12 50 41 57 "A"
12 2 10 41 58 "R"
12 -6 50 41 59 "A"
12 80 50 41 60 "A"
12 -6 10 41 61 "R"
12 -6 50 41 62 "A"
12 3 50 41 63 "A"
12 -6 10 41 64 "R"
12 4 10 41 65 "R"
12 1 50 41 66 "A"
12 -6 50 41 67 "A"
12 3 50 41 68 "A"
12 -12 10 41 69 "R"
12 1 50 41 70 "A"
12 3 50 41 71 "A"
12 -3 20 41 72 "F"
12 4 10 41 73 "R"
12 1 50 41 74 "A"
12 3 50 41 75 "A"
12 -12 10 41 76 "R"
12 -12 10 41 77 "R"
12 1 50 41 78 "A"
12 2 10 41 79 "R"
12 2 10 41 80 "R"
12 -12 10 41 81 "R"
12 -6 50 41 82 "A"
12 -12 50 41 83 "A"
12 -6 50 41 84 "A"
12 -12 10 41 85 "R"
12 -12 10 41 86 "R"
12 -6 10 41 87 "R"
12 4 20 41 88 "F"
12 5 10 41 89 "R"
12 1 50 41 90 "A"
12 1 50 41 91 "A"
12 -6 10 41 92 "R"
12 -12 50 41 93 "A"
12 2 20 41 94 "F"
12 2 10 41 95 "R"
12 -6 10 41 96 "R"
12 3 50 41 97 "A"
12 2 10 41 98 "R"
12 4 10 41 99 "R"
12 2 10 41 100 "R"
12 -15 10 41 101 "R"
12 1 50 41 102 "A"
12 4 10 41 103 "R"
12 -6 50 41 104 "A"
12 3 50 41 105 "A"
12 -6 10 41 106 "R"
12 -12 50 41 107 "A"
12 1 40 41 108 "V"
12 3 50 41 109 "A"
12 1 50 41 110 "A"
12 -6 10 41 111 "R"
12 -12 50 41 112 "A"
12 -6 10 41 113 "R"
12 -6 10 41 114 "R"
12 4 10 41 115 "R"
12 2 10 41 116 "R"
12 3 50 41 117 "A"
12 3 50 41 118 "A"
12 -12 10 41 119 "R"
12 2 10 41 120 "R"
12 4 10 41 121 "R"
12 -6 50 41 122 "A"
12 -12 50 41 123 "A"
12 -3 20 41 124 "F"
12 -15 10 41 125 "R"
12 -6 10 41 126 "R"
12 -6 10 41 127 "R"
12 -6 10 41 128 "R"
12 -6 10 41 129 "R"
12 2 10 41 130 "R"
