"rat" "reward" "trou" "session" "round" "choice"
2 -12 50 1 1 "A"
2 1 20 1 2 "V"
2 -6 40 1 3 "R"
2 -9 20 1 4 "V"
2 -3 20 1 5 "V"
2 -6 50 1 6 "A"
2 -36 20 1 7 "V"
2 1 20 1 8 "V"
2 3 20 1 9 "V"
2 1 50 1 10 "A"
2 -9 20 1 11 "V"
2 4 10 1 12 "F"
2 4 40 1 13 "R"
2 2 40 1 14 "R"
2 1 20 1 15 "V"
2 3 50 1 16 "A"
2 -9 20 1 17 "V"
2 -6 50 1 18 "A"
2 12 20 1 19 "V"
2 -12 40 1 20 "R"
2 1 20 1 21 "V"
2 1 20 1 22 "V"
2 -3 20 1 23 "V"
2 3 50 1 24 "A"
2 3 50 1 25 "A"
2 1 20 1 26 "V"
2 -36 20 1 27 "V"
2 -6 40 1 28 "R"
2 -9 10 1 29 "F"
2 -3 20 1 30 "V"
2 -9 10 1 31 "F"
2 1 20 1 32 "V"
2 -9 20 1 33 "V"
2 2 10 1 34 "F"
2 -3 20 1 35 "V"
2 1 50 1 36 "A"
2 -12 50 1 37 "A"
2 -12 50 1 38 "A"
2 1 20 1 39 "V"
2 1 20 1 40 "V"
2 -9 10 1 41 "F"
2 -6 50 1 42 "A"
2 -9 10 1 43 "F"
2 -12 50 1 44 "A"
2 -12 50 1 45 "A"
2 1 20 1 46 "V"
2 4 40 1 47 "R"
2 4 40 1 48 "R"
2 2 40 1 49 "R"
2 2 40 1 50 "R"
2 -12 50 1 51 "A"
2 -3 20 1 52 "V"
2 1 50 1 53 "A"
2 -3 20 1 54 "V"
2 -6 50 1 55 "A"
2 1 50 1 56 "A"
2 -9 20 1 57 "V"
2 2 40 1 58 "R"
2 -12 40 1 59 "R"
2 1 50 1 60 "A"
2 -9 20 1 61 "V"
2 3 50 1 62 "A"
2 3 50 1 63 "A"
2 1 20 1 64 "V"
2 1 20 1 65 "V"
2 1 20 1 66 "V"
2 2 40 1 67 "R"
2 -6 40 1 68 "R"
2 -3 20 1 69 "V"
2 1 50 1 70 "A"
2 -3 20 1 71 "V"
2 1 50 1 72 "A"
2 -12 50 1 73 "A"
2 3 20 1 74 "V"
2 -36 20 1 75 "V"
2 -9 10 1 76 "F"
2 -15 50 1 77 "A"
2 -6 50 1 78 "A"
2 1 50 1 79 "A"
2 1 50 1 80 "A"
2 -12 40 1 81 "R"
2 -6 50 1 82 "A"
2 1 50 1 83 "A"
2 -3 20 1 84 "V"
2 -12 50 1 85 "A"
2 2 10 1 86 "F"
2 -36 20 1 87 "V"
2 1 20 1 88 "V"
2 -3 20 1 89 "V"
2 1 50 1 90 "A"
2 -3 20 1 91 "V"
2 -6 50 1 92 "A"
2 -9 10 1 93 "F"
2 -6 50 1 94 "A"
2 5 10 1 95 "F"
2 -12 50 1 96 "A"
2 -6 50 1 97 "A"
2 1 20 1 98 "V"
2 3 20 1 99 "V"
2 -6 50 1 100 "A"
2 3 20 1 101 "V"
2 1 20 1 102 "V"
2 2 10 1 103 "F"
2 1 20 1 104 "V"
2 12 50 1 105 "A"
2 -6 40 1 106 "R"
2 3 20 1 107 "V"
2 -3 20 1 108 "V"
2 4 40 1 109 "R"
2 -6 50 1 110 "A"
2 -3 10 1 111 "F"
2 -3 10 1 112 "F"
2 5 10 1 113 "F"
2 2 40 1 114 "R"
2 -15 50 1 115 "A"
2 2 10 1 116 "F"
2 3 20 1 117 "V"
2 -3 20 1 118 "V"
2 3 20 1 119 "V"
2 -3 20 1 120 "V"
2 2 10 1 121 "F"
2 1 20 1 122 "V"
2 -6 50 1 123 "A"
2 -3 20 1 124 "V"
2 -9 20 1 125 "V"
2 -6 50 1 126 "A"
2 -36 20 1 127 "V"
2 -3 20 1 128 "V"
2 -3 10 1 129 "F"
2 -3 10 1 130 "F"
2 -9 10 1 131 "F"
2 -6 50 1 132 "A"
2 -9 20 1 133 "V"
2 -6 50 1 134 "A"
2 -12 50 1 135 "A"
2 2 10 1 136 "F"
2 5 40 1 137 "R"
2 1 50 1 138 "A"
2 -12 40 1 139 "R"
2 1 20 1 140 "V"
2 -12 40 1 141 "R"
2 3 20 1 142 "V"
2 -36 20 1 143 "V"
2 -6 50 2 1 "A"
2 2 10 2 2 "F"
2 12 20 2 3 "V"
2 -6 40 2 4 "R"
2 -9 10 2 5 "F"
2 -6 50 2 6 "A"
2 -9 20 2 7 "V"
2 -6 50 2 8 "A"
2 12 50 2 9 "A"
2 2 40 2 10 "R"
2 4 40 2 11 "R"
2 2 40 2 12 "R"
2 3 50 2 13 "A"
2 -6 40 2 14 "R"
2 -9 20 2 15 "V"
2 1 50 2 16 "A"
2 -15 40 2 17 "R"
2 2 10 2 18 "F"
2 3 20 2 19 "V"
2 -6 40 2 20 "R"
2 -36 10 2 21 "F"
2 -12 50 2 22 "A"
2 4 10 2 23 "F"
2 -3 20 2 24 "V"
2 12 20 2 25 "V"
2 -12 40 2 26 "R"
2 4 10 2 27 "F"
2 -6 50 2 28 "A"
2 4 10 2 29 "F"
2 2 40 2 30 "R"
2 -12 50 2 31 "A"
2 -3 10 2 32 "F"
2 -12 50 2 33 "A"
2 2 40 2 34 "R"
2 5 40 2 35 "R"
2 4 40 2 36 "R"
2 4 40 2 37 "R"
2 -6 40 2 38 "R"
2 4 10 2 39 "F"
2 1 20 2 40 "V"
2 12 20 2 41 "V"
2 2 40 2 42 "R"
2 2 40 2 43 "R"
2 1 50 2 44 "A"
2 -3 20 2 45 "V"
2 -3 10 2 46 "F"
2 -3 10 2 47 "F"
2 2 10 2 48 "F"
2 -36 20 2 49 "V"
2 1 50 2 50 "A"
2 2 40 2 51 "R"
2 1 50 2 52 "A"
2 4 40 2 53 "R"
2 2 40 2 54 "R"
2 2 40 2 55 "R"
2 -12 40 2 56 "R"
2 1 50 2 57 "A"
2 4 40 2 58 "R"
2 -6 40 2 59 "R"
2 -240 20 2 60 "V"
2 -9 20 2 61 "V"
2 -3 10 2 62 "F"
2 2 10 2 63 "F"
2 -3 20 2 64 "V"
2 4 10 2 65 "F"
2 2 40 2 66 "R"
2 -12 50 2 67 "A"
2 2 10 2 68 "F"
2 -9 20 2 69 "V"
2 2 10 2 70 "F"
2 -6 40 2 71 "R"
2 2 10 2 72 "F"
2 3 20 2 73 "V"
2 -9 20 2 74 "V"
2 -9 10 2 75 "F"
2 -3 10 2 76 "F"
2 -12 50 2 77 "A"
2 -3 10 2 78 "F"
2 -9 10 2 79 "F"
2 -3 20 2 80 "V"
2 -9 10 2 81 "F"
2 -3 10 2 82 "F"
2 4 10 2 83 "F"
2 -3 10 2 84 "F"
2 -6 50 2 85 "A"
2 -9 10 2 86 "F"
2 -6 40 2 87 "R"
2 -3 10 2 88 "F"
2 -36 10 2 89 "F"
2 1 50 2 90 "A"
2 -15 40 2 91 "R"
2 2 10 2 92 "F"
2 -3 20 2 93 "V"
2 4 10 2 94 "F"
2 -9 20 2 95 "V"
2 1 20 2 96 "V"
2 4 10 2 97 "F"
2 -3 20 2 98 "V"
2 -3 10 2 99 "F"
2 -3 10 2 100 "F"
2 1 50 2 101 "A"
2 2 10 2 102 "F"
2 -9 20 2 103 "V"
2 4 10 2 104 "F"
2 12 20 2 105 "V"
2 2 40 2 106 "R"
2 -36 20 2 107 "V"
2 2 10 3 1 "F"
2 -6 40 3 2 "R"
2 3 50 3 3 "A"
2 4 40 3 4 "R"
2 12 20 3 5 "V"
2 -6 40 3 6 "R"
2 4 10 3 7 "F"
2 -3 20 3 8 "V"
2 4 10 3 9 "F"
2 1 20 3 10 "V"
2 -9 10 3 11 "F"
2 2 40 3 12 "R"
2 3 50 3 13 "A"
2 -6 40 3 14 "R"
2 -6 50 3 15 "A"
2 -3 10 3 16 "F"
2 -12 40 3 17 "R"
2 -6 50 3 18 "A"
2 -3 20 3 19 "V"
2 3 50 3 20 "A"
2 -15 40 3 21 "R"
2 -3 20 3 22 "V"
2 -6 50 3 23 "A"
2 12 20 3 24 "V"
2 4 40 3 25 "R"
2 2 40 3 26 "R"
2 4 40 3 27 "R"
2 -6 40 3 28 "R"
2 1 50 3 29 "A"
2 1 20 3 30 "V"
2 -9 10 3 31 "F"
2 -6 40 3 32 "R"
2 3 50 3 33 "A"
2 -12 40 3 34 "R"
2 1 50 3 35 "A"
2 2 40 3 36 "R"
2 -12 50 3 37 "A"
2 -6 50 3 38 "A"
2 -9 20 3 39 "V"
2 2 10 3 40 "F"
2 -9 20 3 41 "V"
2 -3 10 3 42 "F"
2 -9 10 3 43 "F"
2 1 50 3 44 "A"
2 1 50 3 45 "A"
2 -6 40 3 46 "R"
2 -15 50 3 47 "A"
2 1 20 3 48 "V"
2 1 20 3 49 "V"
2 -6 40 3 50 "R"
2 -6 50 3 51 "A"
2 -9 10 3 52 "F"
2 4 10 3 53 "F"
2 -3 10 3 54 "F"
2 -9 10 3 55 "F"
2 -12 50 3 56 "A"
2 -12 40 3 57 "R"
2 1 20 3 58 "V"
2 -3 20 3 59 "V"
2 2 10 3 60 "F"
2 -3 10 3 61 "F"
2 -6 50 3 62 "A"
2 4 10 3 63 "F"
2 -3 20 3 64 "V"
2 4 10 3 65 "F"
2 1 20 3 66 "V"
2 -3 10 3 67 "F"
2 3 50 3 68 "A"
2 -12 40 3 69 "R"
2 2 10 3 70 "F"
2 4 40 3 71 "R"
2 -6 50 3 72 "A"
2 4 10 3 73 "F"
2 2 10 3 74 "F"
2 3 20 3 75 "V"
2 -9 20 3 76 "V"
2 -9 10 3 77 "F"
2 1 50 3 78 "A"
2 1 20 3 79 "V"
2 1 50 3 80 "A"
2 -9 10 3 81 "F"
2 -3 10 3 82 "F"
2 -12 50 3 83 "A"
2 -3 20 3 84 "V"
2 -12 50 3 85 "A"
2 -9 20 3 86 "V"
2 -6 50 3 87 "A"
2 4 10 3 88 "F"
2 12 20 3 89 "V"
2 1 20 3 90 "V"
2 2 10 3 91 "F"
2 -3 10 3 92 "F"
2 -9 10 3 93 "F"
2 2 10 3 94 "F"
2 2 10 3 95 "F"
2 -3 20 3 96 "V"
2 4 10 3 97 "F"
2 2 10 3 98 "F"
2 4 10 3 99 "F"
2 2 10 3 100 "F"
2 -36 20 3 101 "V"
2 1 20 3 102 "V"
2 3 50 3 103 "A"
2 -6 40 3 104 "R"
2 4 10 3 105 "F"
2 -3 10 3 106 "F"
2 -9 10 3 107 "F"
2 1 50 3 108 "A"
2 4 40 3 109 "R"
2 2 10 3 110 "F"
2 -3 10 3 111 "F"
2 -9 10 3 112 "F"
2 -3 10 3 113 "F"
2 -3 10 3 114 "F"
2 4 10 3 115 "F"
2 2 10 3 116 "F"
2 4 10 3 117 "F"
2 4 10 3 118 "F"
2 -9 10 3 119 "F"
2 1 50 3 120 "A"
2 4 10 3 121 "F"
2 -3 10 3 122 "F"
2 -9 10 3 123 "F"
2 -6 50 3 124 "A"
2 -36 10 3 125 "F"
2 -3 10 3 126 "F"
2 -6 40 3 127 "R"
2 -3 10 3 128 "F"
2 -3 20 3 129 "V"
2 2 10 3 130 "F"
2 4 10 3 131 "F"
2 -3 20 3 132 "V"
2 -3 10 3 133 "F"
2 -36 10 3 134 "F"
2 4 10 3 135 "F"
2 1 20 3 136 "V"
2 -3 10 3 137 "F"
2 -3 10 3 138 "F"
2 5 40 3 139 "R"
2 1 20 3 140 "V"
2 -3 10 3 141 "F"
2 2 40 3 142 "R"
2 1 20 3 143 "V"
2 -3 10 3 144 "F"
2 5 10 3 145 "F"
2 -3 20 3 146 "V"
2 -9 10 3 147 "F"
2 2 10 3 148 "F"
2 -3 10 3 149 "F"
2 -3 10 3 150 "F"
2 5 10 3 151 "F"
2 2 10 3 152 "F"
2 4 10 3 153 "F"
2 2 10 3 154 "F"
2 -3 10 3 155 "F"
2 2 10 3 156 "F"
2 -12 50 4 1 "A"
2 2 40 4 2 "R"
2 -12 40 4 3 "R"
2 -6 50 4 4 "A"
2 -9 10 4 5 "F"
2 -6 50 4 6 "A"
2 -12 40 4 7 "R"
2 -3 10 4 8 "F"
2 -36 10 4 9 "F"
2 -240 10 4 10 "F"
2 2 10 4 11 "F"
2 1 20 4 12 "V"
2 3 20 4 13 "V"
2 -6 50 4 14 "A"
2 4 10 4 15 "F"
2 1 20 4 16 "V"
2 4 10 4 17 "F"
2 1 50 4 18 "A"
2 -15 40 4 19 "R"
2 -6 50 4 20 "A"
2 -12 40 4 21 "R"
2 -3 10 4 22 "F"
2 2 10 4 23 "F"
2 2 10 4 24 "F"
2 4 10 4 25 "F"
2 -9 10 4 26 "F"
2 -9 10 4 27 "F"
2 -6 50 4 28 "A"
2 3 20 4 29 "V"
2 -3 10 4 30 "F"
2 -9 20 4 31 "V"
2 -15 40 4 32 "R"
2 12 50 4 33 "A"
2 -6 40 4 34 "R"
2 2 40 4 35 "R"
2 -3 10 4 36 "F"
2 2 10 4 37 "F"
2 4 10 4 38 "F"
2 2 10 4 39 "F"
2 2 10 4 40 "F"
2 -3 10 4 41 "F"
2 -3 20 4 42 "V"
2 -3 10 4 43 "F"
2 2 10 4 44 "F"
2 -3 10 4 45 "F"
2 -3 10 4 46 "F"
2 -9 10 4 47 "F"
2 -12 50 4 48 "A"
2 -3 10 4 49 "F"
2 -3 10 4 50 "F"
2 4 10 4 51 "F"
2 2 10 4 52 "F"
2 5 10 4 53 "F"
2 -3 10 4 54 "F"
2 -9 10 4 55 "F"
2 1 20 4 56 "V"
2 -9 10 4 57 "F"
2 1 50 4 58 "A"
2 -3 10 4 59 "F"
2 2 10 4 60 "F"
2 -9 10 4 61 "F"
2 2 10 4 62 "F"
2 4 10 4 63 "F"
2 -3 10 4 64 "F"
2 4 10 4 65 "F"
2 2 10 4 66 "F"
2 -9 10 4 67 "F"
2 2 10 4 68 "F"
2 4 10 4 69 "F"
2 -3 10 4 70 "F"
2 2 10 4 71 "F"
2 -3 10 4 72 "F"
2 -9 10 4 73 "F"
2 -3 10 4 74 "F"
2 -36 10 4 75 "F"
2 2 10 4 76 "F"
2 -9 10 4 77 "F"
2 2 10 4 78 "F"
2 -9 10 4 79 "F"
2 2 40 4 80 "R"
2 -9 20 4 81 "V"
2 -3 10 4 82 "F"
2 4 10 4 83 "F"
2 2 10 4 84 "F"
2 4 10 4 85 "F"
2 -3 10 4 86 "F"
2 -9 10 4 87 "F"
2 2 10 4 88 "F"
2 -3 10 4 89 "F"
2 -3 10 4 90 "F"
2 -9 10 4 91 "F"
2 -6 50 4 92 "A"
2 5 40 4 93 "R"
2 1 20 4 94 "V"
2 -9 10 4 95 "F"
2 -6 50 4 96 "A"
2 12 20 4 97 "V"
2 -6 50 4 98 "A"
2 -3 10 4 99 "F"
2 -3 10 4 100 "F"
2 -15 50 4 101 "A"
2 -3 10 4 102 "F"
2 -9 10 4 103 "F"
2 4 10 4 104 "F"
2 2 10 4 105 "F"
2 4 10 4 106 "F"
2 2 10 4 107 "F"
2 -3 10 4 108 "F"
2 2 10 4 109 "F"
2 -3 10 4 110 "F"
2 -12 40 4 111 "R"
2 -6 50 4 112 "A"
2 3 50 4 113 "A"
2 -9 10 4 114 "F"
2 -3 10 4 115 "F"
2 2 10 4 116 "F"
2 2 10 4 117 "F"
2 1 50 4 118 "A"
2 -3 20 4 119 "V"
2 -3 10 4 120 "F"
2 -9 10 4 121 "F"
2 -9 10 4 122 "F"
2 12 50 4 123 "A"
2 2 40 4 124 "R"
2 -36 10 4 125 "F"
2 1 20 5 1 "V"
2 -6 40 5 2 "R"
2 -9 10 5 3 "F"
2 3 50 5 4 "A"
2 -6 40 5 5 "R"
2 1 50 5 6 "A"
2 -9 20 5 7 "V"
2 1 20 5 8 "V"
2 -12 40 5 9 "R"
2 1 50 5 10 "A"
2 -15 40 5 11 "R"
2 -6 50 5 12 "A"
2 -9 20 5 13 "V"
2 3 50 5 14 "A"
2 -6 40 5 15 "R"
2 2 10 5 16 "F"
2 4 40 5 17 "R"
2 1 50 5 18 "A"
2 3 20 5 19 "V"
2 -9 20 5 20 "V"
2 -9 10 5 21 "F"
2 2 10 5 22 "F"
2 -9 20 5 23 "V"
2 -9 10 5 24 "F"
2 3 50 5 25 "A"
2 2 40 5 26 "R"
2 -6 50 5 27 "A"
2 -3 10 5 28 "F"
2 -9 10 5 29 "F"
2 -3 10 5 30 "F"
2 -6 50 5 31 "A"
2 -3 10 5 32 "F"
2 -6 50 5 33 "A"
2 3 20 5 34 "V"
2 -6 40 5 35 "R"
2 -3 10 5 36 "F"
2 -9 10 5 37 "F"
2 4 40 5 38 "R"
2 5 40 5 39 "R"
2 -6 50 5 40 "A"
2 -3 10 5 41 "F"
2 2 10 5 42 "F"
2 -9 10 5 43 "F"
2 -6 50 5 44 "A"
2 3 50 5 45 "A"
2 -6 50 5 46 "A"
2 2 10 5 47 "F"
2 -3 20 5 48 "V"
2 -9 10 5 49 "F"
2 1 50 5 50 "A"
2 -12 40 5 51 "R"
2 -6 50 5 52 "A"
2 1 20 5 53 "V"
2 -6 50 5 54 "A"
2 3 50 5 55 "A"
2 2 10 5 56 "F"
2 3 20 5 57 "V"
2 2 40 5 58 "R"
2 4 40 5 59 "R"
2 -6 40 5 60 "R"
2 -36 10 5 61 "F"
2 2 40 5 62 "R"
2 -3 20 5 63 "V"
2 2 10 5 64 "F"
2 -9 20 5 65 "V"
2 -6 50 5 66 "A"
2 -36 10 5 67 "F"
2 -3 10 5 68 "F"
2 2 10 5 69 "F"
2 -3 20 5 70 "V"
2 4 10 5 71 "F"
2 3 20 5 72 "V"
2 -15 40 5 73 "R"
2 -3 10 5 74 "F"
2 2 10 5 75 "F"
2 -9 20 5 76 "V"
2 -3 20 5 77 "V"
2 -6 50 5 78 "A"
2 -3 10 5 79 "F"
2 2 10 5 80 "F"
2 4 10 5 81 "F"
2 -3 20 5 82 "V"
2 4 10 5 83 "F"
2 -3 10 5 84 "F"
2 -36 10 5 85 "F"
2 -3 10 5 86 "F"
2 -3 10 5 87 "F"
2 -6 50 5 88 "A"
2 -12 50 5 89 "A"
2 1 50 5 90 "A"
2 12 20 5 91 "V"
2 2 40 5 92 "R"
2 -12 40 5 93 "R"
2 -9 20 5 94 "V"
2 1 50 5 95 "A"
2 -9 10 5 96 "F"
2 3 50 5 97 "A"
2 1 20 5 98 "V"
2 -36 10 5 99 "F"
2 -3 10 5 100 "F"
2 1 50 5 101 "A"
2 -3 10 5 102 "F"
2 -36 10 5 103 "F"
2 2 10 5 104 "F"
2 -9 20 5 105 "V"
2 2 10 5 106 "F"
2 4 10 5 107 "F"
2 -3 20 5 108 "V"
2 -3 10 5 109 "F"
2 -3 10 5 110 "F"
2 2 10 5 111 "F"
2 -3 10 5 112 "F"
2 -36 10 5 113 "F"
2 2 10 5 114 "F"
2 -9 10 5 115 "F"
2 -9 10 5 116 "F"
2 -15 50 5 117 "A"
2 -9 10 5 118 "F"
2 -12 50 5 119 "A"
2 1 20 5 120 "V"
2 -9 10 5 121 "F"
2 -6 50 5 122 "A"
2 -9 10 5 123 "F"
2 -6 40 5 124 "R"
2 -9 10 5 125 "F"
2 1 50 5 126 "A"
2 2 40 5 127 "R"
2 2 40 5 128 "R"
2 -12 50 5 129 "A"
2 1 20 5 130 "V"
2 4 10 5 131 "F"
2 1 20 5 132 "V"
2 -9 10 5 133 "F"
2 2 10 5 134 "F"
2 3 20 5 135 "V"
2 -3 10 5 136 "F"
2 -3 10 5 137 "F"
2 2 10 5 138 "F"
2 -3 10 5 139 "F"
2 -3 10 5 140 "F"
2 -36 10 5 141 "F"
2 4 10 6 1 "F"
2 -6 40 6 2 "R"
2 -9 10 6 3 "F"
2 -12 50 6 4 "A"
2 3 50 6 5 "A"
2 1 50 6 6 "A"
2 4 40 6 7 "R"
2 -6 50 6 8 "A"
2 4 10 6 9 "F"
2 -240 20 6 10 "V"
2 -9 10 6 11 "F"
2 1 20 6 12 "V"
2 4 40 6 13 "R"
2 -6 50 6 14 "A"
2 -36 10 6 15 "F"
2 1 50 6 16 "A"
2 -6 40 6 17 "R"
2 -9 10 6 18 "F"
2 -9 10 6 19 "F"
2 -3 10 6 20 "F"
2 1 50 6 21 "A"
2 2 40 6 22 "R"
2 12 50 6 23 "A"
2 1 50 6 24 "A"
2 2 40 6 25 "R"
2 2 40 6 26 "R"
2 1 50 6 27 "A"
2 -3 20 6 28 "V"
2 2 10 6 29 "F"
2 -9 20 6 30 "V"
2 3 50 6 31 "A"
2 -6 40 6 32 "R"
2 -9 10 6 33 "F"
2 2 40 6 34 "R"
2 -15 40 6 35 "R"
2 -3 10 6 36 "F"
2 3 50 6 37 "A"
2 -6 40 6 38 "R"
2 -9 10 6 39 "F"
2 -3 10 6 40 "F"
2 -6 40 6 41 "R"
2 1 50 6 42 "A"
2 4 40 6 43 "R"
2 -6 40 6 44 "R"
2 -36 10 6 45 "F"
2 1 50 6 46 "A"
2 -15 40 6 47 "R"
2 -3 10 6 48 "F"
2 -12 50 6 49 "A"
2 -6 50 6 50 "A"
2 -9 10 6 51 "F"
2 1 50 6 52 "A"
2 4 40 6 53 "R"
2 4 40 6 54 "R"
2 -6 50 6 55 "A"
2 -3 10 6 56 "F"
2 -9 10 6 57 "F"
2 2 40 6 58 "R"
2 3 50 6 59 "A"
2 2 40 6 60 "R"
2 -6 40 6 61 "R"
2 2 10 6 62 "F"
2 4 40 6 63 "R"
2 -15 50 6 64 "A"
2 -12 40 6 65 "R"
2 -3 10 6 66 "F"
2 -3 10 6 67 "F"
2 -3 20 6 68 "V"
2 -3 10 6 69 "F"
2 -6 50 6 70 "A"
2 -36 20 6 71 "V"
2 -3 10 6 72 "F"
2 -12 40 6 73 "R"
2 -3 10 6 74 "F"
2 -12 50 6 75 "A"
2 -6 50 6 76 "A"
2 -12 50 6 77 "A"
2 -6 50 6 78 "A"
2 5 40 6 79 "R"
2 -12 40 6 80 "R"
2 3 50 6 81 "A"
2 4 40 6 82 "R"
2 -6 50 6 83 "A"
2 2 10 6 84 "F"
2 -6 40 6 85 "R"
2 2 10 6 86 "F"
2 -12 40 6 87 "R"
2 1 20 6 88 "V"
2 -12 40 6 89 "R"
2 1 50 6 90 "A"
2 -12 40 6 91 "R"
2 2 10 6 92 "F"
2 4 40 6 93 "R"
2 2 40 6 94 "R"
2 -6 40 6 95 "R"
2 -9 10 6 96 "F"
2 2 10 6 97 "F"
2 2 40 6 98 "R"
2 2 40 6 99 "R"
2 -6 50 6 100 "A"
2 2 10 6 101 "F"
2 3 50 6 102 "A"
2 4 40 6 103 "R"
2 -6 40 6 104 "R"
2 2 10 6 105 "F"
2 -3 10 6 106 "F"
2 4 10 6 107 "F"
2 -6 40 6 108 "R"
2 2 10 6 109 "F"
2 -3 20 7 1 "V"
2 1 50 7 2 "A"
2 1 50 7 3 "A"
2 -6 50 7 4 "A"
2 -12 50 7 5 "A"
2 2 40 7 6 "R"
2 -12 50 7 7 "A"
2 -6 40 7 8 "R"
2 -12 40 7 9 "R"
2 4 10 7 10 "F"
2 -6 40 7 11 "R"
2 2 10 7 12 "F"
2 -12 40 7 13 "R"
2 -6 50 7 14 "A"
2 4 40 7 15 "R"
2 1 50 7 16 "A"
2 2 40 7 17 "R"
2 2 40 7 18 "R"
2 -12 50 7 19 "A"
2 -3 20 7 20 "V"
2 1 50 7 21 "A"
2 2 40 7 22 "R"
2 4 40 7 23 "R"
2 -12 50 7 24 "A"
2 3 50 7 25 "A"
2 2 40 7 26 "R"
2 5 40 7 27 "R"
2 -6 50 7 28 "A"
2 4 10 7 29 "F"
2 -6 40 7 30 "R"
2 -36 20 7 31 "V"
2 -3 10 7 32 "F"
2 -12 50 7 33 "A"
2 2 40 7 34 "R"
2 -12 50 7 35 "A"
2 -3 10 7 36 "F"
2 -12 50 7 37 "A"
2 -6 50 7 38 "A"
2 -3 10 7 39 "F"
2 1 50 7 40 "A"
2 -6 50 7 41 "A"
2 2 10 7 42 "F"
2 -15 40 7 43 "R"
2 4 10 7 44 "F"
2 -6 50 7 45 "A"
2 -9 10 7 46 "F"
2 2 10 7 47 "F"
2 2 40 7 48 "R"
2 -6 50 7 49 "A"
2 2 10 7 50 "F"
2 -12 40 7 51 "R"
2 1 20 7 52 "V"
2 1 20 7 53 "V"
2 1 50 7 54 "A"
2 2 40 7 55 "R"
2 1 50 7 56 "A"
2 2 40 7 57 "R"
2 4 40 7 58 "R"
2 -12 50 7 59 "A"
2 2 10 7 60 "F"
2 -9 20 7 61 "V"
2 4 40 7 62 "R"
2 -12 50 7 63 "A"
2 -3 10 7 64 "F"
2 1 50 7 65 "A"
2 1 50 7 66 "A"
2 -6 40 7 67 "R"
2 -3 10 7 68 "F"
2 -6 50 7 69 "A"
2 2 10 7 70 "F"
2 5 40 7 71 "R"
2 4 40 7 72 "R"
2 -12 40 7 73 "R"
2 -3 10 7 74 "F"
2 12 50 7 75 "A"
2 -6 50 7 76 "A"
2 -3 10 7 77 "F"
2 -3 10 7 78 "F"
2 1 50 7 79 "A"
2 2 40 7 80 "R"
2 -6 50 7 81 "A"
2 -9 10 7 82 "F"
2 4 10 7 83 "F"
2 2 40 7 84 "R"
2 -6 40 7 85 "R"
2 -3 10 7 86 "F"
2 -15 50 7 87 "A"
2 -6 40 7 88 "R"
2 -9 10 7 89 "F"
2 -3 10 7 90 "F"
2 -9 10 7 91 "F"
2 2 10 7 92 "F"
2 1 20 7 93 "V"
2 -9 20 7 94 "V"
2 -12 50 7 95 "A"
2 1 50 7 96 "A"
2 -12 40 7 97 "R"
2 1 20 7 98 "V"
2 4 40 7 99 "R"
2 1 50 7 100 "A"
2 5 40 7 101 "R"
2 1 50 7 102 "A"
2 2 40 7 103 "R"
2 -6 50 7 104 "A"
2 2 10 7 105 "F"
2 -6 40 7 106 "R"
2 -3 10 7 107 "F"
2 -6 50 7 108 "A"
2 4 10 7 109 "F"
2 -9 20 7 110 "V"
2 5 10 7 111 "F"
2 -12 40 7 112 "R"
2 3 50 7 113 "A"
2 -15 40 7 114 "R"
2 3 50 7 115 "A"
2 2 40 7 116 "R"
2 -6 40 7 117 "R"
2 4 10 7 118 "F"
2 -15 40 7 119 "R"
2 2 10 7 120 "F"
2 12 50 7 121 "A"
2 1 50 7 122 "A"
2 -6 40 7 123 "R"
2 2 10 7 124 "F"
2 -12 40 7 125 "R"
2 -6 50 7 126 "A"
2 1 50 7 127 "A"
2 -6 50 7 128 "A"
2 -3 10 7 129 "F"
2 -6 50 7 130 "A"
2 4 10 7 131 "F"
2 4 40 7 132 "R"
2 -12 40 7 133 "R"
2 -12 50 7 134 "A"
2 2 40 7 135 "R"
2 -6 40 7 136 "R"
2 2 10 7 137 "F"
2 1 20 7 138 "V"
2 2 10 7 139 "F"
2 -3 20 7 140 "V"
2 4 10 7 141 "F"
2 3 50 7 142 "A"
2 1 20 7 143 "V"
2 -3 20 7 144 "V"
2 1 20 7 145 "V"
2 2 10 7 146 "F"
2 -12 50 7 147 "A"
2 1 50 7 148 "A"
2 5 40 7 149 "R"
2 -12 50 7 150 "A"
2 -6 50 8 1 "A"
2 2 40 8 2 "R"
2 2 40 8 3 "R"
2 -6 50 8 4 "A"
2 -9 10 8 5 "F"
2 2 10 8 6 "F"
2 -12 40 8 7 "R"
2 -3 10 8 8 "F"
2 -12 50 8 9 "A"
2 80 50 8 10 "A"
2 -6 40 8 11 "R"
2 2 40 8 12 "R"
2 -12 40 8 13 "R"
2 -6 50 8 14 "A"
2 3 20 8 15 "V"
2 1 50 8 16 "A"
2 2 40 8 17 "R"
2 1 50 8 18 "A"
2 -12 40 8 19 "R"
2 -6 50 8 20 "A"
2 1 50 8 21 "A"
2 2 40 8 22 "R"
2 3 50 8 23 "A"
2 -12 40 8 24 "R"
2 4 40 8 25 "R"
2 2 40 8 26 "R"
2 5 40 8 27 "R"
2 -6 40 8 28 "R"
2 4 10 8 29 "F"
2 -6 40 8 30 "R"
2 -36 10 8 31 "F"
2 -6 50 8 32 "A"
2 -12 50 8 33 "A"
2 2 40 8 34 "R"
2 -12 40 8 35 "R"
2 -3 10 8 36 "F"
2 -12 50 8 37 "A"
2 -3 10 8 38 "F"
2 -6 50 8 39 "A"
2 1 50 8 40 "A"
2 -6 40 8 41 "R"
2 2 10 8 42 "F"
2 -15 40 8 43 "R"
2 3 50 8 44 "A"
2 -6 40 8 45 "R"
2 -9 10 8 46 "F"
2 1 50 8 47 "A"
2 2 40 8 48 "R"
2 -6 50 8 49 "A"
2 2 10 8 50 "F"
2 -12 40 8 51 "R"
2 1 50 8 52 "A"
2 2 40 8 53 "R"
2 1 50 8 54 "A"
2 2 40 8 55 "R"
2 1 50 8 56 "A"
2 2 40 8 57 "R"
2 3 50 8 58 "A"
2 -12 40 8 59 "R"
2 -240 10 8 60 "F"
2 -9 10 8 61 "F"
2 3 50 8 62 "A"
2 -12 50 8 63 "A"
2 -3 10 8 64 "F"
2 2 10 8 65 "F"
2 2 40 8 66 "R"
2 -6 40 8 67 "R"
2 -3 10 8 68 "F"
2 -3 10 8 69 "F"
2 1 50 8 70 "A"
2 5 40 8 71 "R"
2 3 50 8 72 "A"
2 -12 40 8 73 "R"
2 -3 10 8 74 "F"
2 12 50 8 75 "A"
2 -6 40 8 76 "R"
2 -3 10 8 77 "F"
2 -3 10 8 78 "F"
2 2 10 8 79 "F"
2 2 40 8 80 "R"
2 -6 50 8 81 "A"
2 -9 10 8 82 "F"
2 4 10 8 83 "F"
2 2 40 8 84 "R"
2 -6 40 8 85 "R"
2 -3 10 8 86 "F"
2 -36 10 8 87 "F"
2 -6 50 8 88 "A"
2 -9 10 8 89 "F"
2 -3 10 8 90 "F"
2 -9 10 8 91 "F"
2 1 50 8 92 "A"
2 2 40 8 93 "R"
2 -12 40 8 94 "R"
2 -12 50 8 95 "A"
2 2 10 8 96 "F"
2 -12 40 8 97 "R"
2 2 10 8 98 "F"
2 4 40 8 99 "R"
2 1 50 8 100 "A"
2 5 40 8 101 "R"
2 2 40 8 102 "R"
2 2 40 8 103 "R"
2 -6 40 8 104 "R"
2 2 10 8 105 "F"
2 -6 40 8 106 "R"
2 -3 10 8 107 "F"
2 -3 10 8 108 "F"
2 4 10 8 109 "F"
2 -12 40 8 110 "R"
2 5 10 8 111 "F"
2 -12 50 8 112 "A"
2 4 10 8 113 "F"
2 -15 40 8 114 "R"
2 1 50 9 1 "A"
2 -6 50 9 2 "A"
2 -9 10 9 3 "F"
2 3 50 9 4 "A"
2 -6 50 9 5 "A"
2 1 50 9 6 "A"
2 -12 50 9 7 "A"
2 2 40 9 8 "R"
2 -12 50 9 9 "A"
2 2 10 9 10 "F"
2 -15 40 9 11 "R"
2 -6 50 9 12 "A"
2 -9 10 9 13 "F"
2 3 50 9 14 "A"
2 -6 50 9 15 "A"
2 1 20 9 16 "V"
2 3 50 9 17 "A"
2 1 50 9 18 "A"
2 3 50 9 19 "A"
2 -12 50 9 20 "A"
2 -9 20 9 21 "V"
2 2 10 9 22 "F"
2 -12 50 9 23 "A"
2 -9 10 9 24 "F"
2 3 50 9 25 "A"
2 1 50 9 26 "A"
2 -6 50 9 27 "A"
2 -3 10 9 28 "F"
2 -12 50 9 29 "A"
2 -6 50 9 30 "A"
2 -6 50 9 31 "A"
2 -6 50 9 32 "A"
2 -3 10 9 33 "F"
2 4 10 9 34 "F"
2 -6 40 9 35 "R"
2 -3 10 9 36 "F"
2 -12 50 9 37 "A"
2 3 50 9 38 "A"
2 12 50 9 39 "A"
2 -6 50 9 40 "A"
2 -6 50 9 41 "A"
2 2 10 9 42 "F"
2 -12 40 9 43 "R"
2 -3 10 9 44 "F"
2 3 50 9 45 "A"
2 -6 50 9 46 "A"
2 2 10 9 47 "F"
2 -6 50 9 48 "A"
2 -9 10 9 49 "F"
2 2 10 9 50 "F"
2 -12 40 9 51 "R"
2 -6 50 9 52 "A"
2 1 20 9 53 "V"
2 -6 50 9 54 "A"
2 3 50 9 55 "A"
2 1 50 9 56 "A"
2 3 50 9 57 "A"
2 2 40 9 58 "R"
2 3 50 9 59 "A"
2 -6 50 9 60 "A"
2 -36 10 9 61 "F"
2 2 40 9 62 "R"
2 -6 50 9 63 "A"
2 2 10 9 64 "F"
2 -12 40 9 65 "R"
2 -6 50 9 66 "A"
2 -15 40 9 67 "R"
2 -3 10 9 68 "F"
2 1 50 9 69 "A"
2 -6 50 9 70 "A"
2 3 20 9 71 "V"
2 4 40 9 72 "R"
2 -15 40 9 73 "R"
2 -3 10 9 74 "F"
2 1 50 9 75 "A"
2 -12 50 9 76 "A"
2 -6 50 9 77 "A"
2 -3 10 9 78 "F"
2 -3 10 9 79 "F"
2 1 50 9 80 "A"
2 4 40 9 81 "R"
2 -6 40 9 82 "R"
2 4 10 9 83 "F"
2 -6 50 9 84 "A"
2 -36 10 9 85 "F"
2 -6 40 9 86 "R"
2 -6 50 9 87 "A"
2 -6 50 9 88 "A"
2 -9 20 9 89 "V"
2 1 20 9 90 "V"
2 12 50 9 91 "A"
2 1 50 9 92 "A"
2 -12 50 9 93 "A"
2 -9 10 9 94 "F"
2 1 50 9 95 "A"
2 -12 40 9 96 "R"
2 4 10 9 97 "F"
2 1 50 9 98 "A"
2 -15 50 9 99 "A"
2 -3 10 9 100 "F"
2 2 10 9 101 "F"
2 -6 50 9 102 "A"
2 -36 10 9 103 "F"
2 1 50 9 104 "A"
2 -12 50 9 105 "A"
2 2 10 9 106 "F"
2 4 40 9 107 "R"
2 -6 50 9 108 "A"
2 -3 10 9 109 "F"
2 -3 10 9 110 "F"
2 2 10 9 111 "F"
2 -6 50 9 112 "A"
2 -36 10 9 113 "F"
2 2 40 9 114 "R"
2 -12 50 9 115 "A"
2 -9 10 9 116 "F"
2 -15 50 9 117 "A"
2 -12 50 9 118 "A"
2 -9 10 9 119 "F"
2 2 10 9 120 "F"
2 -12 50 9 121 "A"
2 -3 20 9 122 "V"
2 -12 50 9 123 "A"
2 -6 50 9 124 "A"
2 -9 10 9 125 "F"
2 1 50 9 126 "A"
2 1 50 9 127 "A"
2 2 40 9 128 "R"
2 -12 50 9 129 "A"
2 2 40 9 130 "R"
2 3 50 9 131 "A"
2 2 40 9 132 "R"
2 -12 50 9 133 "A"
2 3 50 10 1 "A"
2 -6 50 10 2 "A"
2 -9 10 10 3 "F"
2 -12 50 10 4 "A"
2 3 50 10 5 "A"
2 1 50 10 6 "A"
2 3 50 10 7 "A"
2 -6 50 10 8 "A"
2 4 10 10 9 "F"
2 2 40 10 10 "R"
2 -12 40 10 11 "R"
2 2 10 10 12 "F"
2 4 40 10 13 "R"
2 -6 50 10 14 "A"
2 -36 10 10 15 "F"
2 2 10 10 16 "F"
2 -6 40 10 17 "R"
2 -9 10 10 18 "F"
2 -9 10 10 19 "F"
2 -3 10 10 20 "F"
2 1 50 10 21 "A"
2 2 40 10 22 "R"
2 12 50 10 23 "A"
2 1 50 10 24 "A"
2 2 40 10 25 "R"
2 2 40 10 26 "R"
2 1 50 10 27 "A"
2 -6 50 10 28 "A"
2 2 10 10 29 "F"
2 -12 40 10 30 "R"
2 4 10 10 31 "F"
2 -6 40 10 32 "R"
2 -9 10 10 33 "F"
2 1 50 10 34 "A"
2 -15 40 10 35 "R"
2 -3 10 10 36 "F"
2 3 50 10 37 "A"
2 -6 50 10 38 "A"
2 -9 10 10 39 "F"
2 -3 10 10 40 "F"
2 -6 50 10 41 "A"
2 2 10 10 42 "F"
2 4 40 10 43 "R"
2 -6 50 10 44 "A"
2 -36 20 10 45 "V"
2 1 50 10 46 "A"
2 -15 40 10 47 "R"
2 -3 10 10 48 "F"
2 -12 50 10 49 "A"
2 -6 50 10 50 "A"
2 -12 40 10 51 "R"
2 2 10 10 52 "F"
2 3 20 10 53 "V"
2 3 50 10 54 "A"
2 -6 40 10 55 "R"
2 -3 10 10 56 "F"
2 -12 50 10 57 "A"
2 1 50 10 58 "A"
2 3 50 10 59 "A"
2 1 50 10 60 "A"
2 -6 50 10 61 "A"
2 2 10 10 62 "F"
2 4 40 10 63 "R"
2 -15 50 10 64 "A"
2 -12 40 10 65 "R"
2 -6 50 10 66 "A"
2 -3 20 10 67 "V"
2 -3 10 10 68 "F"
2 -3 10 10 69 "F"
2 -3 10 10 70 "F"
2 -15 50 10 71 "A"
2 -3 10 10 72 "F"
2 -12 50 10 73 "A"
2 -6 50 10 74 "A"
2 -9 10 10 75 "F"
2 -6 50 10 76 "A"
2 -12 50 10 77 "A"
2 -3 10 10 78 "F"
2 5 10 10 79 "F"
2 -12 50 10 80 "A"
2 4 10 10 81 "F"
2 3 50 10 82 "A"
2 -6 50 10 83 "A"
2 2 10 10 84 "F"
2 -6 40 10 85 "R"
2 2 10 10 86 "F"
2 -9 20 10 87 "V"
2 1 50 10 88 "A"
2 -12 50 10 89 "A"
2 2 10 10 90 "F"
2 -12 50 10 91 "A"
2 2 10 10 92 "F"
2 4 40 10 93 "R"
2 1 50 10 94 "A"
2 -6 40 10 95 "R"
2 -9 10 10 96 "F"
2 2 10 10 97 "F"
2 1 20 10 98 "V"
2 1 50 10 99 "A"
2 -6 40 10 100 "R"
2 2 10 10 101 "F"
2 4 40 10 102 "R"
2 4 40 10 103 "R"
2 -6 40 10 104 "R"
2 2 10 10 105 "F"
2 -3 20 10 106 "V"
2 4 10 10 107 "F"
2 -6 50 10 108 "A"
2 2 10 10 109 "F"
2 -6 40 10 110 "R"
2 -9 10 10 111 "F"
2 3 50 10 112 "A"
2 4 40 10 113 "R"
2 2 40 10 114 "R"
2 2 40 10 115 "R"
2 -6 40 10 116 "R"
2 2 10 10 117 "F"
2 2 40 10 118 "R"
2 -12 50 10 119 "A"
2 2 40 10 120 "R"
2 12 50 10 121 "A"
2 1 50 10 122 "A"
2 -6 50 10 123 "A"
2 2 10 10 124 "F"
2 2 40 10 125 "R"
2 1 50 10 126 "A"
2 -12 40 10 127 "R"
2 2 10 10 128 "F"
2 -12 40 10 129 "R"
2 2 10 10 130 "F"
2 -12 40 10 131 "R"
2 -3 10 10 132 "F"
2 3 50 10 133 "A"
2 -6 50 10 134 "A"
2 4 10 10 135 "F"
2 -12 50 11 1 "A"
2 -6 50 11 2 "A"
2 -9 20 11 3 "V"
2 1 50 11 4 "A"
2 3 50 11 5 "A"
2 1 50 11 6 "A"
2 -12 50 11 7 "A"
2 -12 40 11 8 "R"
2 2 10 11 9 "F"
2 -6 40 11 10 "R"
2 -6 40 11 11 "R"
2 -6 50 11 12 "A"
2 -36 10 11 13 "F"
2 1 50 11 14 "A"
2 -6 50 11 15 "A"
2 -6 40 11 16 "R"
2 -6 50 11 17 "A"
2 2 10 11 18 "F"
2 4 40 11 19 "R"
2 1 50 11 20 "A"
2 4 40 11 21 "R"
2 -6 50 11 22 "A"
2 -9 10 11 23 "F"
2 -6 50 11 24 "A"
2 -3 10 11 25 "F"
2 1 50 11 26 "A"
2 -12 50 11 27 "A"
2 1 50 11 28 "A"
2 4 40 11 29 "R"
2 1 50 11 30 "A"
2 -12 50 11 31 "A"
2 -6 50 11 32 "A"
2 5 10 11 33 "F"
2 -6 50 11 34 "A"
2 4 10 11 35 "F"
2 -6 50 11 36 "A"
2 -36 10 11 37 "F"
2 1 50 11 38 "A"
2 -12 50 11 39 "A"
2 -6 40 11 40 "R"
2 -12 50 11 41 "A"
2 3 50 11 42 "A"
2 12 50 11 43 "A"
2 -6 50 11 44 "A"
2 -36 20 11 45 "V"
2 2 10 11 46 "F"
2 -12 50 11 47 "A"
2 4 10 11 48 "F"
2 2 40 11 49 "R"
2 1 50 11 50 "A"
2 4 40 11 51 "R"
2 1 50 11 52 "A"
2 -12 50 11 53 "A"
2 -3 10 11 54 "F"
2 -9 10 11 55 "F"
2 2 40 11 56 "R"
2 12 50 11 57 "A"
2 -6 50 11 58 "A"
2 -3 10 11 59 "F"
2 2 10 11 60 "F"
2 -6 50 11 61 "A"
2 2 10 11 62 "F"
2 12 50 11 63 "A"
2 -15 50 11 64 "A"
2 -15 50 11 65 "A"
2 -3 10 11 66 "F"
2 4 10 11 67 "F"
2 -6 40 11 68 "R"
2 -3 10 11 69 "F"
2 -12 50 11 70 "A"
2 3 20 11 71 "V"
2 1 50 11 72 "A"
2 1 50 11 73 "A"
2 -6 50 11 74 "A"
2 -9 20 11 75 "V"
2 -3 20 11 76 "V"
2 1 20 11 77 "V"
2 2 40 11 78 "R"
2 -12 50 11 79 "A"
2 -6 40 11 80 "R"
2 -9 10 11 81 "F"
2 -3 10 11 82 "F"
2 4 40 11 83 "R"
2 -12 50 11 84 "A"
2 -3 20 11 85 "V"
2 -6 50 11 86 "A"
2 4 40 11 87 "R"
2 -6 50 11 88 "A"
2 3 50 11 89 "A"
2 1 50 11 90 "A"
2 -6 50 11 91 "A"
2 2 10 11 92 "F"
2 3 50 11 93 "A"
2 1 50 11 94 "A"
2 3 50 11 95 "A"
2 2 40 11 96 "R"
2 -12 50 11 97 "A"
2 -12 50 11 98 "A"
2 -6 50 11 99 "A"
2 -6 50 11 100 "A"
2 -6 50 11 101 "A"
2 2 40 11 102 "R"
2 -12 50 11 103 "A"
2 -3 20 11 104 "V"
2 3 20 11 105 "V"
2 1 50 11 106 "A"
2 -12 50 11 107 "A"
2 -12 50 11 108 "A"
2 -6 50 11 109 "A"
2 1 50 11 110 "A"
2 4 40 11 111 "R"
2 3 50 11 112 "A"
2 -12 50 11 113 "A"
2 -6 50 11 114 "A"
2 3 50 11 115 "A"
2 1 50 11 116 "A"
2 3 50 11 117 "A"
2 2 40 11 118 "R"
2 3 50 11 119 "A"
2 1 50 11 120 "A"
2 -12 50 11 121 "A"
2 1 20 11 122 "V"
2 -6 50 11 123 "A"
2 2 40 11 124 "R"
2 3 50 11 125 "A"
2 -6 50 11 126 "A"
2 3 20 11 127 "V"
2 -6 40 11 128 "R"
2 5 10 11 129 "F"
2 2 40 11 130 "R"
2 -12 50 11 131 "A"
2 2 40 11 132 "R"
2 3 50 11 133 "A"
2 1 50 11 134 "A"
2 -12 40 11 135 "R"
2 -3 20 11 136 "V"
2 -12 40 11 137 "R"
2 1 50 11 138 "A"
2 -15 40 11 139 "R"
2 3 50 12 1 "A"
2 -6 50 12 2 "A"
2 -12 50 12 3 "A"
2 -12 50 12 4 "A"
2 4 40 12 5 "R"
2 2 40 12 6 "R"
2 3 50 12 7 "A"
2 -6 50 12 8 "A"
2 4 10 12 9 "F"
2 1 50 12 10 "A"
2 -12 50 12 11 "A"
2 1 50 12 12 "A"
2 3 50 12 13 "A"
2 -6 50 12 14 "A"
2 -15 50 12 15 "A"
2 2 10 12 16 "F"
2 -6 50 12 17 "A"
2 -9 20 12 18 "V"
2 -12 50 12 19 "A"
2 -3 20 12 20 "V"
2 2 10 12 21 "F"
2 2 40 12 22 "R"
2 12 50 12 23 "A"
2 1 50 12 24 "A"
2 2 40 12 25 "R"
2 1 50 12 26 "A"
2 1 50 12 27 "A"
2 -6 40 12 28 "R"
2 2 10 12 29 "F"
2 -12 50 12 30 "A"
2 4 10 12 31 "F"
2 -6 50 12 32 "A"
2 -9 10 12 33 "F"
2 1 50 12 34 "A"
2 -15 40 12 35 "R"
2 -6 50 12 36 "A"
2 4 40 12 37 "R"
2 -6 50 12 38 "A"
2 -9 20 12 39 "V"
2 -6 50 12 40 "A"
2 -6 40 12 41 "R"
2 2 10 12 42 "F"
2 4 40 12 43 "R"
2 -6 50 12 44 "A"
2 -36 10 12 45 "F"
2 1 20 12 46 "V"
2 -15 40 12 47 "R"
2 -6 50 12 48 "A"
2 -9 10 12 49 "F"
2 -3 10 12 50 "F"
2 -12 50 12 51 "A"
2 1 50 12 52 "A"
2 3 50 12 53 "A"
2 3 50 12 54 "A"
2 -6 50 12 55 "A"
2 -3 10 12 56 "F"
2 -9 10 12 57 "F"
2 1 50 12 58 "A"
2 3 50 12 59 "A"
2 80 50 12 60 "A"
2 -6 50 12 61 "A"
2 2 40 12 62 "R"
2 3 50 12 63 "A"
2 -15 40 12 64 "R"
2 -12 50 12 65 "A"
2 -6 50 12 66 "A"
2 -6 40 12 67 "R"
2 -3 10 12 68 "F"
2 -3 10 12 69 "F"
2 -6 50 12 70 "A"
2 -36 10 12 71 "F"
2 -6 40 12 72 "R"
2 -12 50 12 73 "A"
2 -3 10 12 74 "F"
2 -12 50 12 75 "A"
2 -6 50 12 76 "A"
2 -9 10 12 77 "F"
2 -6 40 12 78 "R"
2 5 40 12 79 "R"
2 -12 50 12 80 "A"
2 3 50 12 81 "A"
2 3 50 12 82 "A"
2 -3 10 12 83 "F"
2 2 40 12 84 "R"
2 -3 10 12 85 "F"
2 2 40 12 86 "R"
2 -9 10 12 87 "F"
2 1 50 12 88 "A"
2 -12 50 12 89 "A"
2 1 50 12 90 "A"
2 -12 50 12 91 "A"
2 2 40 12 92 "R"
2 3 50 12 93 "A"
2 1 50 12 94 "A"
2 -3 10 12 95 "F"
2 -9 10 12 96 "F"
2 1 50 12 97 "A"
2 1 50 12 98 "A"
2 1 50 12 99 "A"
2 -3 10 12 100 "F"
2 2 40 12 101 "R"
2 3 50 12 102 "A"
2 3 50 12 103 "A"
2 -3 20 12 104 "V"
2 2 40 12 105 "R"
2 -3 10 12 106 "F"
2 4 40 12 107 "R"
2 -3 10 12 108 "F"
2 2 40 12 109 "R"
2 -3 10 12 110 "F"
2 -9 10 12 111 "F"
2 3 50 12 112 "A"
2 3 50 12 113 "A"
2 1 50 12 114 "A"
2 1 50 12 115 "A"
2 -3 10 12 116 "F"
2 2 40 12 117 "R"
2 1 50 12 118 "A"
2 -12 50 12 119 "A"
2 2 40 12 120 "R"
2 12 50 12 121 "A"
2 2 40 12 122 "R"
2 -3 10 12 123 "F"
2 2 40 12 124 "R"
2 1 50 12 125 "A"
2 2 40 12 126 "R"
2 -9 10 12 127 "F"
2 2 40 12 128 "R"
2 -12 50 12 129 "A"
2 1 50 12 130 "A"
2 -12 40 12 131 "R"
2 -3 10 12 132 "F"
2 -12 40 13 1 "R"
2 -3 10 13 2 "F"
2 -12 50 13 3 "A"
2 1 50 13 4 "A"
2 3 50 13 5 "A"
2 1 50 13 6 "A"
2 -12 50 13 7 "A"
2 -12 50 13 8 "A"
2 1 50 13 9 "A"
2 -6 50 13 10 "A"
2 -3 10 13 11 "F"
2 -3 10 13 12 "F"
2 -15 50 13 13 "A"
2 1 50 13 14 "A"
2 -6 50 13 15 "A"
2 -6 40 13 16 "R"
2 -3 10 13 17 "F"
2 2 10 13 18 "F"
2 3 50 13 19 "A"
2 1 50 13 20 "A"
2 3 50 13 21 "A"
2 -6 50 13 22 "A"
2 -9 10 13 23 "F"
2 -6 50 13 24 "A"
2 -3 10 13 25 "F"
2 2 10 13 26 "F"
2 -12 50 13 27 "A"
2 2 10 13 28 "F"
2 3 50 13 29 "A"
2 1 50 13 30 "A"
2 -12 40 13 31 "R"
2 -6 50 13 32 "A"
2 12 20 13 33 "V"
2 -6 50 13 34 "A"
2 3 50 13 35 "A"
2 -6 50 13 36 "A"
2 -36 10 13 37 "F"
2 1 50 13 38 "A"
2 -12 50 13 39 "A"
2 -6 50 13 40 "A"
2 -12 40 13 41 "R"
2 3 50 13 42 "A"
2 12 50 13 43 "A"
2 -6 50 13 44 "A"
2 -36 10 13 45 "F"
2 1 50 13 46 "A"
2 -12 50 13 47 "A"
2 4 10 13 48 "F"
2 1 50 13 49 "A"
2 1 50 13 50 "A"
2 3 50 13 51 "A"
2 1 50 13 52 "A"
2 -12 50 13 53 "A"
2 -6 50 13 54 "A"
2 -9 10 13 55 "F"
2 1 50 13 56 "A"
2 12 50 13 57 "A"
2 -6 50 13 58 "A"
2 -3 10 13 59 "F"
2 80 50 13 60 "A"
2 -6 50 13 61 "A"
2 2 10 13 62 "F"
2 12 50 13 63 "A"
2 -15 50 13 64 "A"
2 -15 50 13 65 "A"
2 -3 10 13 66 "F"
2 3 50 13 67 "A"
2 -6 50 13 68 "A"
2 -3 10 13 69 "F"
2 -12 50 13 70 "A"
2 3 50 13 71 "A"
2 1 50 13 72 "A"
2 1 50 13 73 "A"
2 -6 50 13 74 "A"
2 -9 20 13 75 "V"
2 -3 10 13 76 "F"
2 1 50 13 77 "A"
2 1 50 13 78 "A"
2 -12 50 13 79 "A"
2 -6 50 13 80 "A"
2 -12 50 13 81 "A"
2 -6 40 13 82 "R"
2 3 50 13 83 "A"
2 -12 50 13 84 "A"
2 -6 50 13 85 "A"
2 -3 20 13 86 "V"
2 3 50 13 87 "A"
2 -6 50 13 88 "A"
2 4 10 13 89 "F"
2 1 50 13 90 "A"
2 -6 50 13 91 "A"
2 2 10 13 92 "F"
2 3 50 13 93 "A"
2 1 50 13 94 "A"
2 3 50 13 95 "A"
2 1 50 13 96 "A"
2 -12 50 13 97 "A"
2 -9 10 13 98 "F"
2 -3 10 13 99 "F"
2 -6 50 13 100 "A"
2 -3 10 13 101 "F"
2 2 10 13 102 "F"
2 -12 50 13 103 "A"
2 -6 50 13 104 "A"
2 3 50 13 105 "A"
2 1 50 13 106 "A"
2 -12 50 13 107 "A"
2 -12 50 13 108 "A"
2 -6 50 13 109 "A"
2 2 10 13 110 "F"
2 3 50 13 111 "A"
2 3 50 13 112 "A"
2 -12 50 13 113 "A"
2 -6 50 13 114 "A"
2 4 10 13 115 "F"
2 1 50 13 116 "A"
2 3 50 13 117 "A"
2 1 50 13 118 "A"
2 3 50 13 119 "A"
2 1 50 13 120 "A"
2 -12 50 13 121 "A"
2 1 50 13 122 "A"
2 -6 50 13 123 "A"
2 2 10 13 124 "F"
2 3 50 13 125 "A"
2 -6 50 13 126 "A"
2 4 10 13 127 "F"
2 -3 10 14 1 "F"
2 1 50 14 2 "A"
2 -12 50 14 3 "A"
2 -6 50 14 4 "A"
2 -12 50 14 5 "A"
2 -6 50 14 6 "A"
2 -6 50 14 7 "A"
2 1 50 14 8 "A"
2 -12 50 14 9 "A"
2 80 50 14 10 "A"
2 3 50 14 11 "A"
2 -6 50 14 12 "A"
2 12 50 14 13 "A"
2 1 50 14 14 "A"
2 -12 50 14 15 "A"
2 -6 50 14 16 "A"
2 -12 50 14 17 "A"
2 2 40 14 18 "R"
2 -15 50 14 19 "A"
2 -6 50 14 20 "A"
2 3 50 14 21 "A"
2 -6 50 14 22 "A"
2 12 50 14 23 "A"
2 1 50 14 24 "A"
2 -12 50 14 25 "A"
2 1 20 14 26 "V"
2 -6 50 14 27 "A"
2 1 20 14 28 "V"
2 -12 50 14 29 "A"
2 -6 50 14 30 "A"
2 4 40 14 31 "R"
2 3 50 14 32 "A"
2 -6 50 14 33 "A"
2 -3 20 14 34 "V"
2 -9 10 14 35 "F"
2 1 50 14 36 "A"
2 3 50 14 37 "A"
2 -6 50 14 38 "A"
2 -15 40 14 39 "R"
2 1 50 14 40 "A"
2 -12 50 14 41 "A"
2 1 50 14 42 "A"
2 1 50 14 43 "A"
2 -6 50 14 44 "A"
2 4 10 14 45 "F"
2 1 50 14 46 "A"
2 1 50 14 47 "A"
2 3 50 14 48 "A"
2 -15 50 14 49 "A"
2 -12 40 14 50 "R"
2 4 10 14 51 "F"
2 1 50 14 52 "A"
2 -15 50 14 53 "A"
2 -6 50 14 54 "A"
2 -3 10 14 55 "F"
2 1 50 14 56 "A"
2 1 50 14 57 "A"
2 1 50 14 58 "A"
2 3 50 14 59 "A"
2 1 50 14 60 "A"
2 -6 50 14 61 "A"
2 2 10 14 62 "F"
2 3 50 14 63 "A"
2 -6 50 14 64 "A"
2 -3 10 14 65 "F"
2 1 50 14 66 "A"
2 3 50 14 67 "A"
2 -6 50 14 68 "A"
2 5 10 14 69 "F"
2 3 50 14 70 "A"
2 -6 50 14 71 "A"
2 -3 10 14 72 "F"
2 -6 50 14 73 "A"
2 2 10 14 74 "F"
2 12 50 14 75 "A"
2 -6 50 14 76 "A"
2 -9 10 14 77 "F"
2 1 50 14 78 "A"
2 -12 50 14 79 "A"
2 -6 50 14 80 "A"
2 -6 50 14 81 "A"
2 -9 20 14 82 "V"
2 4 10 14 83 "F"
2 -6 50 14 84 "A"
2 2 10 14 85 "F"
2 -6 40 14 86 "R"
2 1 50 14 87 "A"
2 -15 50 14 88 "A"
2 -3 20 14 89 "V"
2 3 50 14 90 "A"
2 3 50 14 91 "A"
2 1 50 14 92 "A"
2 3 50 14 93 "A"
2 1 50 14 94 "A"
2 -12 50 14 95 "A"
2 2 10 14 96 "F"
2 -6 40 14 97 "R"
2 1 50 14 98 "A"
2 -6 50 14 99 "A"
2 2 10 14 100 "F"
2 3 50 14 101 "A"
2 1 50 14 102 "A"
2 12 50 14 103 "A"
2 1 50 14 104 "A"
2 12 50 14 105 "A"
2 -6 50 14 106 "A"
2 -3 10 14 107 "F"
2 -6 50 14 108 "A"
2 -36 10 14 109 "F"
2 1 50 14 110 "A"
2 -12 50 14 111 "A"
2 -6 50 14 112 "A"
2 -6 40 14 113 "R"
2 1 50 14 114 "A"
2 1 50 14 115 "A"
2 -6 50 14 116 "A"
2 4 10 14 117 "F"
2 1 50 14 118 "A"
2 -12 50 14 119 "A"
2 1 50 15 1 "A"
2 -6 50 15 2 "A"
2 4 10 15 3 "F"
2 3 50 15 4 "A"
2 12 50 15 5 "A"
2 -6 50 15 6 "A"
2 4 10 15 7 "F"
2 -6 50 15 8 "A"
2 4 10 15 9 "F"
2 80 50 15 10 "A"
2 -12 50 15 11 "A"
2 2 10 15 12 "F"
2 3 50 15 13 "A"
2 -6 50 15 14 "A"
2 -3 10 15 15 "F"
2 -6 50 15 16 "A"
2 -9 10 15 17 "F"
2 -6 50 15 18 "A"
2 -3 10 15 19 "F"
2 3 50 15 20 "A"
2 -15 50 15 21 "A"
2 -6 50 15 22 "A"
2 -3 10 15 23 "F"
2 12 50 15 24 "A"
2 3 50 15 25 "A"
2 1 50 15 26 "A"
2 3 50 15 27 "A"
2 -6 50 15 28 "A"
2 2 10 15 29 "F"
2 1 50 15 30 "A"
2 -12 50 15 31 "A"
2 -3 10 15 32 "F"
2 3 50 15 33 "A"
2 -12 50 15 34 "A"
2 2 10 15 35 "F"
2 1 50 15 36 "A"
2 -12 50 15 37 "A"
2 -3 10 15 38 "F"
2 -12 50 15 39 "A"
2 1 50 15 40 "A"
2 -12 50 15 41 "A"
2 -3 20 15 42 "V"
2 -12 50 15 43 "A"
2 2 40 15 44 "R"
2 1 50 15 45 "A"
2 -6 50 15 46 "A"
2 -15 50 15 47 "A"
2 2 40 15 48 "R"
2 1 50 15 49 "A"
2 -6 50 15 50 "A"
2 -6 50 15 51 "A"
2 -9 20 15 52 "V"
2 4 10 15 53 "F"
2 -6 50 15 54 "A"
2 -12 50 15 55 "A"
2 -12 40 15 56 "R"
2 -9 10 15 57 "F"
2 2 10 15 58 "F"
2 -6 50 15 59 "A"
2 1 50 15 60 "A"
2 -6 50 15 61 "A"
2 -6 50 15 62 "A"
2 4 10 15 63 "F"
2 -6 50 15 64 "A"
2 4 10 15 65 "F"
2 1 50 15 66 "A"
2 -6 50 15 67 "A"
2 3 50 15 68 "A"
2 -12 50 15 69 "A"
2 1 50 15 70 "A"
2 4 40 15 71 "R"
2 -6 50 15 72 "A"
2 4 10 15 73 "F"
2 1 50 15 74 "A"
2 3 50 15 75 "A"
2 -12 50 15 76 "A"
2 -9 10 15 77 "F"
2 1 50 15 78 "A"
2 1 50 15 79 "A"
2 1 50 15 80 "A"
2 -12 50 15 81 "A"
2 -6 50 15 82 "A"
2 -12 50 15 83 "A"
2 -6 50 15 84 "A"
2 -9 10 15 85 "F"
2 -9 10 15 86 "F"
2 -6 50 15 87 "A"
2 3 20 15 88 "V"
2 12 50 15 89 "A"
2 1 50 15 90 "A"
2 1 50 15 91 "A"
2 -6 50 15 92 "A"
2 -9 10 15 93 "F"
2 2 10 15 94 "F"
2 1 50 15 95 "A"
2 -6 50 15 96 "A"
2 4 10 15 97 "F"
2 1 50 15 98 "A"
2 3 50 15 99 "A"
2 1 50 15 100 "A"
2 -15 50 15 101 "A"
2 2 10 15 102 "F"
2 4 40 15 103 "R"
2 -6 50 15 104 "A"
2 4 10 15 105 "F"
2 -6 50 15 106 "A"
2 -12 50 15 107 "A"
2 2 10 15 108 "F"
2 4 40 15 109 "R"
2 1 50 15 110 "A"
2 -6 50 15 111 "A"
2 -9 10 15 112 "F"
2 -6 50 15 113 "A"
2 -6 40 15 114 "R"
2 3 50 15 115 "A"
2 1 50 15 116 "A"
2 3 50 15 117 "A"
2 3 50 15 118 "A"
2 -12 50 15 119 "A"
2 2 40 15 120 "R"
2 3 50 15 121 "A"
2 -6 50 15 122 "A"
2 -9 20 15 123 "V"
2 -3 10 15 124 "F"
2 -15 50 15 125 "A"
2 -6 40 15 126 "R"
2 -3 10 15 127 "F"
2 -6 50 15 128 "A"
2 -3 10 15 129 "F"
2 1 50 15 130 "A"
2 3 50 15 131 "A"
2 -6 50 15 132 "A"
2 -3 10 15 133 "F"
2 -36 10 15 134 "F"
2 4 40 15 135 "R"
2 1 50 15 136 "A"
2 -6 50 15 137 "A"
2 -3 10 15 138 "F"
2 5 10 15 139 "F"
2 -12 50 16 1 "A"
2 -3 20 16 2 "V"
2 -12 50 16 3 "A"
2 1 50 16 4 "A"
2 3 50 16 5 "A"
2 1 50 16 6 "A"
2 -12 50 16 7 "A"
2 -12 50 16 8 "A"
2 1 50 16 9 "A"
2 80 50 16 10 "A"
2 -6 50 16 11 "A"
2 -6 50 16 12 "A"
2 -36 20 16 13 "V"
2 2 40 16 14 "R"
2 -6 50 16 15 "A"
2 -6 50 16 16 "A"
2 -3 10 16 17 "F"
2 1 50 16 18 "A"
2 3 50 16 19 "A"
2 1 50 16 20 "A"
2 3 50 16 21 "A"
2 -6 50 16 22 "A"
2 -9 10 16 23 "F"
2 -6 50 16 24 "A"
2 -3 20 16 25 "V"
2 1 50 16 26 "A"
2 -12 40 16 27 "R"
2 2 40 16 28 "R"
2 3 50 16 29 "A"
2 1 50 16 30 "A"
2 -12 50 16 31 "A"
2 -6 50 16 32 "A"
2 5 10 16 33 "F"
2 -6 50 16 34 "A"
2 4 10 16 35 "F"
2 -6 50 16 36 "A"
2 -36 10 16 37 "F"
2 2 10 16 38 "F"
2 -12 50 16 39 "A"
2 -6 40 16 40 "R"
2 -12 50 16 41 "A"
2 4 10 16 42 "F"
2 12 50 16 43 "A"
2 -6 50 16 44 "A"
2 -36 10 16 45 "F"
2 1 50 16 46 "A"
2 -12 50 16 47 "A"
2 4 10 16 48 "F"
2 1 50 16 49 "A"
2 1 50 16 50 "A"
2 3 50 16 51 "A"
2 1 50 16 52 "A"
2 -12 50 16 53 "A"
2 -6 50 16 54 "A"
2 -9 10 16 55 "F"
2 1 50 16 56 "A"
2 12 50 16 57 "A"
2 -6 50 16 58 "A"
2 -3 10 16 59 "F"
2 1 50 16 60 "A"
2 -6 50 16 61 "A"
2 2 10 16 62 "F"
2 12 50 16 63 "A"
2 -15 50 16 64 "A"
2 -15 50 16 65 "A"
2 -6 50 16 66 "A"
2 3 20 16 67 "V"
2 -6 50 16 68 "A"
2 -6 50 16 69 "A"
2 -9 10 16 70 "F"
2 4 40 16 71 "R"
2 1 50 16 72 "A"
2 1 50 16 73 "A"
2 -6 50 16 74 "A"
2 -9 10 16 75 "F"
2 -3 10 16 76 "F"
2 1 50 16 77 "A"
2 1 50 16 78 "A"
2 -12 50 16 79 "A"
2 -3 10 16 80 "F"
2 -12 50 16 81 "A"
2 -6 40 16 82 "R"
2 4 40 16 83 "R"
2 -12 50 16 84 "A"
2 -3 10 16 85 "F"
2 -6 50 16 86 "A"
2 4 10 16 87 "F"
2 -6 50 16 88 "A"
2 4 10 16 89 "F"
2 1 50 16 90 "A"
2 -6 50 16 91 "A"
2 1 50 16 92 "A"
2 3 50 16 93 "A"
2 1 50 16 94 "A"
2 3 50 16 95 "A"
2 1 50 16 96 "A"
2 -12 50 16 97 "A"
2 -9 10 16 98 "F"
2 -6 50 16 99 "A"
2 -3 20 16 100 "V"
2 -6 50 16 101 "A"
2 2 10 16 102 "F"
2 -12 50 16 103 "A"
2 -6 50 16 104 "A"
2 4 10 16 105 "F"
2 1 50 16 106 "A"
2 -12 50 16 107 "A"
2 -12 50 16 108 "A"
2 -3 20 16 109 "V"
2 1 50 16 110 "A"
2 3 50 16 111 "A"
2 3 50 16 112 "A"
2 -12 50 16 113 "A"
2 -6 50 16 114 "A"
2 3 20 16 115 "V"
2 1 50 16 116 "A"
2 3 50 16 117 "A"
2 1 50 16 118 "A"
2 3 50 16 119 "A"
2 1 50 16 120 "A"
2 -12 50 16 121 "A"
2 2 10 16 122 "F"
2 -9 20 17 1 "V"
2 1 50 17 2 "A"
2 -12 50 17 3 "A"
2 -6 50 17 4 "A"
2 -9 20 17 5 "V"
2 -6 50 17 6 "A"
2 -9 10 17 7 "F"
2 -6 50 17 8 "A"
2 -36 20 17 9 "V"
2 -3 10 17 10 "F"
2 1 50 17 11 "A"
2 1 50 17 12 "A"
2 3 50 17 13 "A"
2 -6 50 17 14 "A"
2 4 10 17 15 "F"
2 1 50 17 16 "A"
2 3 50 17 17 "A"
2 1 50 17 18 "A"
2 -15 50 17 19 "A"
2 -6 50 17 20 "A"
2 -9 20 17 21 "V"
2 -6 50 17 22 "A"
2 1 20 17 23 "V"
2 1 50 17 24 "A"
2 3 50 17 25 "A"
2 -12 50 17 26 "A"
2 -12 50 17 27 "A"
2 -6 50 17 28 "A"
2 3 20 17 29 "V"
2 -6 50 17 30 "A"
2 -9 10 17 31 "F"
2 -15 50 17 32 "A"
2 12 20 17 33 "V"
2 -6 50 17 34 "A"
2 2 10 17 35 "F"
2 -6 50 17 36 "A"
2 2 10 17 37 "F"
2 3 50 17 38 "A"
2 1 50 17 39 "A"
2 1 50 17 40 "A"
2 -6 50 17 41 "A"
2 -3 10 17 42 "F"
2 -3 10 17 43 "F"
2 1 50 17 44 "A"
2 -6 50 17 45 "A"
2 -3 10 17 46 "F"
2 -9 10 17 47 "F"
2 -12 50 17 48 "A"
2 -3 10 17 49 "F"
2 -3 10 17 50 "F"
2 3 50 17 51 "A"
2 1 50 17 52 "A"
2 12 50 17 53 "A"
2 -6 50 17 54 "A"
2 -9 10 17 55 "F"
2 1 50 17 56 "A"
2 -12 50 17 57 "A"
2 2 10 17 58 "F"
2 -6 50 17 59 "A"
2 2 10 17 60 "F"
2 -12 50 17 61 "A"
2 1 50 17 62 "A"
2 3 50 17 63 "A"
2 -6 50 17 64 "A"
2 4 10 17 65 "F"
2 1 50 17 66 "A"
2 -12 50 17 67 "A"
2 1 20 17 68 "V"
2 3 50 17 69 "A"
2 -6 50 17 70 "A"
2 2 10 17 71 "F"
2 -6 50 17 72 "A"
2 -9 10 17 73 "F"
2 -6 50 17 74 "A"
2 -15 50 17 75 "A"
2 1 20 17 76 "V"
2 -12 50 17 77 "A"
2 1 50 17 78 "A"
2 -12 50 17 79 "A"
2 1 50 17 80 "A"
2 -12 50 17 81 "A"
2 -3 10 17 82 "F"
2 3 50 17 83 "A"
2 1 50 17 84 "A"
2 3 50 17 85 "A"
2 -6 50 17 86 "A"
2 -9 10 17 87 "F"
2 1 50 17 88 "A"
2 -6 50 17 89 "A"
2 -3 10 17 90 "F"
2 -12 50 17 91 "A"
2 -6 50 17 92 "A"
2 5 10 17 93 "F"
2 1 50 17 94 "A"
2 -12 50 17 95 "A"
2 -6 50 17 96 "A"
2 5 10 17 97 "F"
2 -6 50 17 98 "A"
2 -3 10 17 99 "F"
2 -6 50 17 100 "A"
2 -36 10 17 101 "F"
2 -3 10 17 102 "F"
2 -12 50 17 103 "A"
2 3 50 17 104 "A"
2 1 50 17 105 "A"
2 3 50 17 106 "A"
2 1 50 17 107 "A"
2 -6 50 17 108 "A"
2 2 10 17 109 "F"
2 -6 50 17 110 "A"
2 -9 10 17 111 "F"
2 -3 10 17 112 "F"
2 4 10 17 113 "F"
2 -12 50 17 114 "A"
2 -3 10 17 115 "F"
2 2 10 17 116 "F"
2 1 50 17 117 "A"
2 1 50 17 118 "A"
2 -6 50 17 119 "A"
2 -3 10 17 120 "F"
2 -9 10 17 121 "F"
2 -9 10 17 122 "F"
2 5 10 17 123 "F"
2 1 50 17 124 "A"
2 -15 50 17 125 "A"
2 4 40 17 126 "R"
2 3 50 17 127 "A"
2 3 50 17 128 "A"
2 -6 50 17 129 "A"
2 -3 10 17 130 "F"
2 -9 10 17 131 "F"
2 -6 50 17 132 "A"
2 -12 50 17 133 "A"
2 1 50 17 134 "A"
2 -6 50 17 135 "A"
2 2 10 17 136 "F"
2 3 50 17 137 "A"
2 -6 50 17 138 "A"
2 -9 10 17 139 "F"
2 -6 50 17 140 "A"
2 -6 50 17 141 "A"
2 2 40 17 142 "R"
2 1 50 17 143 "A"
2 1 50 17 144 "A"
2 -6 50 17 145 "A"
2 -9 10 17 146 "F"
2 3 50 17 147 "A"
2 1 50 17 148 "A"
2 3 50 17 149 "A"
2 1 50 18 1 "A"
2 -6 50 18 2 "A"
2 4 10 18 3 "F"
2 3 50 18 4 "A"
2 12 50 18 5 "A"
2 -6 50 18 6 "A"
2 4 10 18 7 "F"
2 -6 50 18 8 "A"
2 4 10 18 9 "F"
2 1 50 18 10 "A"
2 -12 50 18 11 "A"
2 1 20 18 12 "V"
2 3 50 18 13 "A"
2 -6 50 18 14 "A"
2 -3 10 18 15 "F"
2 -3 10 18 16 "F"
2 -12 50 18 17 "A"
2 -6 50 18 18 "A"
2 -3 20 18 19 "V"
2 4 10 18 20 "F"
2 -15 50 18 21 "A"
2 -6 50 18 22 "A"
2 -3 20 18 23 "V"
2 12 50 18 24 "A"
2 3 50 18 25 "A"
2 1 50 18 26 "A"
2 3 50 18 27 "A"
2 -6 50 18 28 "A"
2 2 10 18 29 "F"
2 1 50 18 30 "A"
2 -12 50 18 31 "A"
2 -6 50 18 32 "A"
2 3 50 18 33 "A"
2 -12 50 18 34 "A"
2 1 50 18 35 "A"
2 1 50 18 36 "A"
2 -12 50 18 37 "A"
2 -3 10 18 38 "F"
2 -12 50 18 39 "A"
2 2 10 18 40 "F"
2 -12 50 18 41 "A"
2 -6 50 18 42 "A"
2 -9 10 18 43 "F"
2 2 10 18 44 "F"
2 1 50 18 45 "A"
2 -6 50 18 46 "A"
2 -15 50 18 47 "A"
2 2 10 18 48 "F"
2 1 50 18 49 "A"
2 -6 50 18 50 "A"
2 -3 10 18 51 "F"
2 -12 50 18 52 "A"
2 3 50 18 53 "A"
2 -6 50 18 54 "A"
2 -9 10 18 55 "F"
2 -12 50 18 56 "A"
2 -9 10 18 57 "F"
2 2 40 18 58 "R"
2 -6 50 18 59 "A"
2 -240 10 18 60 "F"
2 -6 50 18 61 "A"
2 -3 10 18 62 "F"
2 3 50 18 63 "A"
2 -6 50 18 64 "A"
2 4 10 18 65 "F"
2 1 50 18 66 "A"
2 -6 50 18 67 "A"
2 4 10 18 68 "F"
2 -12 50 18 69 "A"
2 2 10 18 70 "F"
2 3 50 18 71 "A"
2 -6 50 18 72 "A"
2 4 10 18 73 "F"
2 1 50 18 74 "A"
2 3 50 18 75 "A"
2 -12 50 18 76 "A"
2 -12 50 18 77 "A"
2 2 10 18 78 "F"
2 1 50 18 79 "A"
2 1 50 18 80 "A"
2 -12 50 18 81 "A"
2 -3 20 18 82 "V"
2 -12 50 18 83 "A"
2 -6 50 18 84 "A"
2 -9 10 18 85 "F"
2 -9 10 18 86 "F"
2 -3 10 18 87 "F"
2 3 50 18 88 "A"
2 12 50 18 89 "A"
2 1 50 18 90 "A"
2 1 50 18 91 "A"
2 -6 50 18 92 "A"
2 -9 10 18 93 "F"
2 2 10 18 94 "F"
2 1 50 18 95 "A"
2 -6 50 18 96 "A"
2 4 10 18 97 "F"
2 1 50 18 98 "A"
2 3 50 18 99 "A"
2 1 50 18 100 "A"
2 -15 50 18 101 "A"
2 2 40 18 102 "R"
2 3 50 18 103 "A"
2 -6 50 18 104 "A"
2 4 10 18 105 "F"
2 -6 50 18 106 "A"
2 -9 10 18 107 "F"
2 1 50 18 108 "A"
2 3 50 18 109 "A"
2 1 50 18 110 "A"
2 -6 50 18 111 "A"
2 -9 10 18 112 "F"
2 -6 50 18 113 "A"
2 -3 10 18 114 "F"
2 3 50 18 115 "A"
2 1 50 18 116 "A"
2 -12 50 19 1 "A"
2 1 20 19 2 "V"
2 -6 50 19 3 "A"
2 -9 10 19 4 "F"
2 -6 50 19 5 "A"
2 -3 20 19 6 "V"
2 -36 10 19 7 "F"
2 1 50 19 8 "A"
2 3 50 19 9 "A"
2 1 50 19 10 "A"
2 -12 50 19 11 "A"
2 3 50 19 12 "A"
2 3 50 19 13 "A"
2 1 50 19 14 "A"
2 1 50 19 15 "A"
2 3 50 19 16 "A"
2 -12 50 19 17 "A"
2 -3 20 19 18 "V"
2 12 50 19 19 "A"
2 -12 50 19 20 "A"
2 1 50 19 21 "A"
2 1 50 19 22 "A"
2 -6 50 19 23 "A"
2 3 20 19 24 "V"
2 3 50 19 25 "A"
2 1 50 19 26 "A"
2 -15 50 19 27 "A"
2 -6 50 19 28 "A"
2 -12 50 19 29 "A"
2 -6 50 19 30 "A"
2 -12 50 19 31 "A"
2 1 50 19 32 "A"
2 -12 50 19 33 "A"
2 1 50 19 34 "A"
2 -6 50 19 35 "A"
2 1 50 19 36 "A"
2 -12 50 19 37 "A"
2 -9 20 19 38 "V"
2 2 40 19 39 "R"
2 1 50 19 40 "A"
2 -12 50 19 41 "A"
2 -3 10 19 42 "F"
2 -12 50 19 43 "A"
2 -9 10 19 44 "F"
2 -12 40 19 45 "R"
2 1 50 19 46 "A"
2 3 50 19 47 "A"
2 3 50 19 48 "A"
2 1 50 19 49 "A"
2 1 50 19 50 "A"
2 -12 50 19 51 "A"
2 -3 10 19 52 "F"
2 2 10 19 53 "F"
2 -6 50 19 54 "A"
2 -6 50 19 55 "A"
2 1 50 19 56 "A"
2 -12 40 19 57 "R"
2 1 50 19 58 "A"
2 -12 50 19 59 "A"
2 1 50 19 60 "A"
2 -12 40 19 61 "R"
2 3 20 19 62 "V"
2 4 40 19 63 "R"
2 1 50 19 64 "A"
2 1 50 19 65 "A"
2 1 50 19 66 "A"
2 1 50 19 67 "A"
2 -6 50 19 68 "A"
2 -3 10 19 69 "F"
2 1 50 19 70 "A"
2 -6 40 19 71 "R"
2 2 10 19 72 "F"
2 -12 40 19 73 "R"
2 4 10 19 74 "F"
2 -15 50 19 75 "A"
2 -9 10 19 76 "F"
2 -36 10 19 77 "F"
2 -6 50 19 78 "A"
2 1 50 19 79 "A"
2 1 50 19 80 "A"
2 -12 50 19 81 "A"
2 -6 50 19 82 "A"
2 2 10 19 83 "F"
2 -6 40 19 84 "R"
2 -9 10 19 85 "F"
2 1 50 19 86 "A"
2 -15 50 19 87 "A"
2 1 20 19 88 "V"
2 -6 50 19 89 "A"
2 2 10 19 90 "F"
2 -6 50 19 91 "A"
2 -3 10 19 92 "F"
2 -12 50 19 93 "A"
2 -3 20 19 94 "V"
2 12 50 19 95 "A"
2 -12 50 19 96 "A"
2 -6 50 19 97 "A"
2 2 10 19 98 "F"
2 4 40 19 99 "R"
2 -6 50 19 100 "A"
2 4 10 19 101 "F"
2 2 40 19 102 "R"
2 1 50 19 103 "A"
2 2 40 19 104 "R"
2 12 50 19 105 "A"
2 -6 50 19 106 "A"
2 4 10 19 107 "F"
2 -6 50 19 108 "A"
2 4 10 19 109 "F"
2 -6 40 19 110 "R"
2 -3 10 19 111 "F"
2 -6 50 19 112 "A"
2 5 10 19 113 "F"
2 1 50 19 114 "A"
2 -15 50 19 115 "A"
2 1 50 19 116 "A"
2 3 50 19 117 "A"
2 -6 50 19 118 "A"
2 4 10 19 119 "F"
2 -6 50 19 120 "A"
2 2 10 19 121 "F"
2 1 50 19 122 "A"
2 -6 40 19 123 "R"
2 -3 10 19 124 "F"
2 -12 50 19 125 "A"
2 -6 50 19 126 "A"
2 -36 10 19 127 "F"
2 -6 40 19 128 "R"
2 -6 50 19 129 "A"
2 -3 10 19 130 "F"
2 -12 50 19 131 "A"
2 -3 20 19 132 "V"
2 -12 50 19 133 "A"
2 -6 40 19 134 "R"
2 -12 50 19 135 "A"
2 1 20 19 136 "V"
2 12 50 19 137 "A"
2 -9 20 20 1 "V"
2 -6 50 20 2 "A"
2 -12 40 20 3 "R"
2 1 50 20 4 "A"
2 3 50 20 5 "A"
2 1 50 20 6 "A"
2 -12 40 20 7 "R"
2 -9 10 20 8 "F"
2 1 50 20 9 "A"
2 -6 40 20 10 "R"
2 -6 50 20 11 "A"
2 -3 10 20 12 "F"
2 -15 50 20 13 "A"
2 2 10 20 14 "F"
2 -6 50 20 15 "A"
2 -6 50 20 16 "A"
2 -6 40 20 17 "R"
2 2 10 20 18 "F"
2 3 50 20 19 "A"
2 1 50 20 20 "A"
2 3 50 20 21 "A"
2 -6 50 20 22 "A"
2 -9 10 20 23 "F"
2 -6 50 20 24 "A"
2 -6 50 20 25 "A"
2 1 20 20 26 "V"
2 -12 40 20 27 "R"
2 1 50 20 28 "A"
2 4 40 20 29 "R"
2 1 50 20 30 "A"
2 -12 40 20 31 "R"
2 -6 50 20 32 "A"
2 5 10 20 33 "F"
2 -6 40 20 34 "R"
2 4 10 20 35 "F"
2 -6 40 20 36 "R"
2 -36 10 20 37 "F"
2 1 50 20 38 "A"
2 -12 50 20 39 "A"
2 -3 10 20 40 "F"
2 -12 50 20 41 "A"
2 3 50 20 42 "A"
2 12 50 20 43 "A"
2 -6 50 20 44 "A"
2 -36 10 20 45 "F"
2 1 20 20 46 "V"
2 -12 50 20 47 "A"
2 4 40 20 48 "R"
2 1 50 20 49 "A"
2 1 50 20 50 "A"
2 4 40 20 51 "R"
2 1 50 20 52 "A"
2 -12 50 20 53 "A"
2 -3 10 20 54 "F"
2 -12 50 20 55 "A"
2 1 50 20 56 "A"
2 12 50 20 57 "A"
2 -6 50 20 58 "A"
2 -3 10 20 59 "F"
2 -240 10 20 60 "F"
2 -6 50 20 61 "A"
2 1 50 20 62 "A"
2 12 50 20 63 "A"
2 -15 50 20 64 "A"
2 -15 50 20 65 "A"
2 -3 10 20 66 "F"
2 3 50 20 67 "A"
2 -6 50 20 68 "A"
2 -3 10 20 69 "F"
2 -12 50 20 70 "A"
2 3 50 20 71 "A"
2 1 50 20 72 "A"
2 1 50 20 73 "A"
2 -6 50 20 74 "A"
2 -9 10 20 75 "F"
2 -6 50 20 76 "A"
2 2 10 20 77 "F"
2 2 40 20 78 "R"
2 -12 50 20 79 "A"
2 -3 10 20 80 "F"
2 -12 50 20 81 "A"
2 -3 10 20 82 "F"
2 3 50 20 83 "A"
2 -12 50 20 84 "A"
2 -6 50 20 85 "A"
2 -3 20 20 86 "V"
2 4 10 20 87 "F"
2 -6 50 20 88 "A"
2 4 10 20 89 "F"
2 1 50 20 90 "A"
2 -6 40 20 91 "R"
2 2 10 20 92 "F"
2 4 40 20 93 "R"
2 2 40 20 94 "R"
2 3 50 20 95 "A"
2 2 40 20 96 "R"
2 -12 40 20 97 "R"
2 -9 10 20 98 "F"
2 -3 10 20 99 "F"
2 -6 50 20 100 "A"
2 -3 10 20 101 "F"
2 1 50 20 102 "A"
2 -12 40 20 103 "R"
2 -6 50 20 104 "A"
2 4 10 20 105 "F"
2 2 40 20 106 "R"
2 -12 50 20 107 "A"
2 -12 40 20 108 "R"
2 -3 10 20 109 "F"
2 2 10 20 110 "F"
2 3 50 20 111 "A"
2 3 50 20 112 "A"
2 -12 40 20 113 "R"
2 -6 40 20 114 "R"
2 4 10 20 115 "F"
2 1 50 20 116 "A"
2 3 50 20 117 "A"
2 1 50 21 1 "A"
2 1 50 21 2 "A"
2 4 40 21 3 "R"
2 -6 50 21 4 "A"
2 -9 10 21 5 "F"
2 2 10 21 6 "F"
2 1 50 21 7 "A"
2 -6 50 21 8 "A"
2 -12 50 21 9 "A"
2 -240 10 21 10 "F"
2 1 50 21 11 "A"
2 1 50 21 12 "A"
2 1 50 21 13 "A"
2 -6 50 21 14 "A"
2 -3 10 21 15 "F"
2 -6 50 21 16 "A"
2 -9 10 21 17 "F"
2 -3 10 21 18 "F"
2 -12 50 21 19 "A"
2 2 10 21 20 "F"
2 3 50 21 21 "A"
2 -12 50 21 22 "A"
2 -12 40 21 23 "R"
2 1 50 21 24 "A"
2 1 50 21 25 "A"
2 -12 50 21 26 "A"
2 1 50 21 27 "A"
2 -6 50 21 28 "A"
2 -36 10 21 29 "F"
2 3 20 21 30 "V"
2 -6 50 21 31 "A"
2 2 10 21 32 "F"
2 12 50 21 33 "A"
2 -12 50 21 34 "A"
2 -15 50 21 35 "A"
2 -3 10 21 36 "F"
2 3 50 21 37 "A"
2 1 50 21 38 "A"
2 -12 50 21 39 "A"
2 2 10 21 40 "F"
2 12 50 21 41 "A"
2 3 50 21 42 "A"
2 -12 50 21 43 "A"
2 2 10 21 44 "F"
2 -12 50 21 45 "A"
2 2 10 21 46 "F"
2 -15 50 21 47 "A"
2 2 10 21 48 "F"
2 3 50 21 49 "A"
2 1 50 21 50 "A"
2 -6 50 21 51 "A"
2 2 10 21 52 "F"
2 3 50 21 53 "A"
2 -6 50 21 54 "A"
2 5 10 21 55 "F"
2 -6 50 21 56 "A"
2 -9 10 21 57 "F"
2 2 10 21 58 "F"
2 3 50 21 59 "A"
2 -12 50 21 60 "A"
2 -6 50 21 61 "A"
2 -3 20 21 62 "V"
2 5 10 21 63 "F"
2 1 50 21 64 "A"
2 3 50 21 65 "A"
2 -6 50 21 66 "A"
2 2 10 21 67 "F"
2 1 50 21 68 "A"
2 -6 50 21 69 "A"
2 -3 10 21 70 "F"
2 1 50 21 71 "A"
2 -6 50 21 72 "A"
2 -12 50 21 73 "A"
2 4 40 21 74 "R"
2 12 50 21 75 "A"
2 1 50 21 76 "A"
2 -12 50 21 77 "A"
2 -6 50 21 78 "A"
2 3 20 21 79 "V"
2 -12 50 21 80 "A"
2 3 50 21 81 "A"
2 1 50 21 82 "A"
2 -6 50 21 83 "A"
2 -3 10 21 84 "F"
2 4 10 21 85 "F"
2 -6 50 21 86 "A"
2 4 10 21 87 "F"
2 -6 50 21 88 "A"
2 3 50 21 89 "A"
2 1 50 21 90 "A"
2 -12 50 21 91 "A"
2 -6 50 21 92 "A"
2 5 10 21 93 "F"
2 -6 50 21 94 "A"
2 -9 10 21 95 "F"
2 3 50 21 96 "A"
2 3 50 21 97 "A"
2 3 50 21 98 "A"
2 1 50 21 99 "A"
2 1 50 21 100 "A"
2 1 50 21 101 "A"
2 3 50 21 102 "A"
2 12 50 21 103 "A"
2 -12 50 21 104 "A"
2 12 50 21 105 "A"
2 -6 50 21 106 "A"
2 -3 10 21 107 "F"
2 -6 50 21 108 "A"
2 4 10 21 109 "F"
2 -6 50 21 110 "A"
2 2 10 21 111 "F"
2 -6 50 21 112 "A"
2 2 10 21 113 "F"
2 1 50 21 114 "A"
2 -6 50 21 115 "A"
2 -3 10 21 116 "F"
2 -36 10 21 117 "F"
2 1 50 21 118 "A"
2 -6 50 21 119 "A"
2 1 20 22 1 "V"
2 -6 50 22 2 "A"
2 -12 50 22 3 "A"
2 4 40 22 4 "R"
2 -6 40 22 5 "R"
2 1 50 22 6 "A"
2 -12 40 22 7 "R"
2 1 50 22 8 "A"
2 -12 40 22 9 "R"
2 80 50 22 10 "A"
2 -15 40 22 11 "R"
2 -6 50 22 12 "A"
2 -12 40 22 13 "R"
2 3 50 22 14 "A"
2 -6 40 22 15 "R"
2 1 50 22 16 "A"
2 4 40 22 17 "R"
2 2 40 22 18 "R"
2 3 50 22 19 "A"
2 -12 50 22 20 "A"
2 -12 40 22 21 "R"
2 1 50 22 22 "A"
2 -12 40 22 23 "R"
2 -12 50 22 24 "A"
2 3 50 22 25 "A"
2 1 50 22 26 "A"
2 -6 50 22 27 "A"
2 -6 50 22 28 "A"
2 -12 50 22 29 "A"
2 -3 10 22 30 "F"
2 -3 10 22 31 "F"
2 -6 50 22 32 "A"
2 -6 50 22 33 "A"
2 4 10 22 34 "F"
2 -6 50 22 35 "A"
2 -6 50 22 36 "A"
2 -9 20 22 37 "V"
2 3 50 22 38 "A"
2 5 40 22 39 "R"
2 -6 50 22 40 "A"
2 -6 50 22 41 "A"
2 1 50 22 42 "A"
2 -12 50 22 43 "A"
2 -3 10 22 44 "F"
2 4 10 22 45 "F"
2 -6 40 22 46 "R"
2 1 50 22 47 "A"
2 -6 50 22 48 "A"
2 -12 50 22 49 "A"
2 2 10 22 50 "F"
2 -12 50 22 51 "A"
2 -6 50 22 52 "A"
2 2 10 22 53 "F"
2 -6 40 22 54 "R"
2 4 10 22 55 "F"
2 1 50 22 56 "A"
2 3 50 22 57 "A"
2 2 10 22 58 "F"
2 3 50 22 59 "A"
2 -6 40 22 60 "R"
2 -36 10 22 61 "F"
2 1 50 22 62 "A"
2 -6 50 22 63 "A"
2 1 50 22 64 "A"
2 -12 50 22 65 "A"
2 -6 50 22 66 "A"
2 -36 10 22 67 "F"
2 -3 10 22 68 "F"
2 2 40 22 69 "R"
2 -6 50 22 70 "A"
2 4 40 22 71 "R"
2 4 10 22 72 "F"
2 -15 50 22 73 "A"
2 -3 10 22 74 "F"
2 2 10 22 75 "F"
2 -12 50 22 76 "A"
2 -3 10 22 77 "F"
2 -6 50 22 78 "A"
2 -6 50 22 79 "A"
2 2 10 22 80 "F"
2 3 50 22 81 "A"
2 -6 50 22 82 "A"
2 4 10 22 83 "F"
2 -6 50 22 84 "A"
2 -36 10 22 85 "F"
2 -6 50 22 86 "A"
2 -6 50 22 87 "A"
2 -6 50 22 88 "A"
2 -9 10 22 89 "F"
2 1 50 22 90 "A"
2 5 10 22 91 "F"
2 1 50 22 92 "A"
2 -9 10 22 93 "F"
2 -9 10 22 94 "F"
2 2 10 22 95 "F"
2 -12 50 22 96 "A"
2 3 50 22 97 "A"
2 1 50 22 98 "A"
2 -15 40 22 99 "R"
2 -6 50 22 100 "A"
2 2 10 22 101 "F"
2 -6 40 22 102 "R"
2 -36 10 22 103 "F"
2 2 40 22 104 "R"
2 -12 50 22 105 "A"
2 1 50 22 106 "A"
2 4 10 22 107 "F"
2 -6 40 22 108 "R"
2 -3 10 22 109 "F"
2 -3 10 22 110 "F"
2 1 50 22 111 "A"
2 -3 10 22 112 "F"
2 -15 50 22 113 "A"
2 1 50 22 114 "A"
2 -9 10 22 115 "F"
2 -9 10 22 116 "F"
2 -15 50 22 117 "A"
2 -12 40 22 118 "R"
2 -9 10 22 119 "F"
2 2 40 22 120 "R"
2 -12 40 22 121 "R"
2 -6 50 22 122 "A"
2 -12 50 22 123 "A"
2 -6 40 22 124 "R"
2 -9 10 22 125 "F"
2 1 50 22 126 "A"
2 1 50 22 127 "A"
2 2 10 22 128 "F"
2 -12 50 22 129 "A"
2 2 10 22 130 "F"
2 3 50 22 131 "A"
2 2 40 22 132 "R"
2 -12 50 22 133 "A"
2 1 50 22 134 "A"
2 3 50 22 135 "A"
2 -3 10 22 136 "F"
2 -6 40 22 137 "R"
2 1 50 22 138 "A"
2 -6 40 22 139 "R"
2 -3 10 22 140 "F"
2 -15 40 22 141 "R"
2 1 50 22 142 "A"
2 -9 10 23 1 "F"
2 1 50 23 2 "A"
2 -6 50 23 3 "A"
2 -12 50 23 4 "A"
2 -3 20 23 5 "V"
2 -6 50 23 6 "A"
2 -36 20 23 7 "V"
2 1 50 23 8 "A"
2 4 40 23 9 "R"
2 1 50 23 10 "A"
2 -12 50 23 11 "A"
2 4 10 23 12 "F"
2 3 50 23 13 "A"
2 1 50 23 14 "A"
2 1 50 23 15 "A"
2 3 50 23 16 "A"
2 -12 50 23 17 "A"
2 -3 20 23 18 "V"
2 12 50 23 19 "A"
2 -12 50 23 20 "A"
2 1 50 23 21 "A"
2 2 40 23 22 "R"
2 -6 50 23 23 "A"
2 4 10 23 24 "F"
2 3 50 23 25 "A"
2 1 50 23 26 "A"
2 -15 40 23 27 "R"
2 -6 50 23 28 "A"
2 -12 50 23 29 "A"
2 -6 40 23 30 "R"
2 -9 20 23 31 "V"
2 1 50 23 32 "A"
2 -12 50 23 33 "A"
2 2 40 23 34 "R"
2 -6 50 23 35 "A"
2 1 50 23 36 "A"
2 -12 50 23 37 "A"
2 -12 50 23 38 "A"
2 2 10 23 39 "F"
2 1 50 23 40 "A"
2 -12 50 23 41 "A"
2 -6 50 23 42 "A"
2 -9 10 23 43 "F"
2 -12 50 23 44 "A"
2 -12 40 23 45 "R"
2 2 40 23 46 "R"
2 3 50 23 47 "A"
2 3 50 23 48 "A"
2 2 40 23 49 "R"
2 1 50 23 50 "A"
2 -12 40 23 51 "R"
2 -3 10 23 52 "F"
2 1 50 23 53 "A"
2 -6 40 23 54 "R"
2 -6 50 23 55 "A"
2 2 10 23 56 "F"
2 -12 40 23 57 "R"
2 2 40 23 58 "R"
2 -12 50 23 59 "A"
2 -240 10 23 60 "F"
2 -12 50 23 61 "A"
2 3 20 23 62 "V"
2 3 50 23 63 "A"
2 1 50 23 64 "A"
2 2 40 23 65 "R"
2 1 50 23 66 "A"
2 2 40 23 67 "R"
2 -6 50 23 68 "A"
2 -3 10 23 69 "F"
2 2 10 23 70 "F"
2 -6 40 23 71 "R"
2 1 50 23 72 "A"
2 -12 50 23 73 "A"
2 3 50 23 74 "A"
2 -15 50 23 75 "A"
2 -12 50 23 76 "A"
2 -36 10 23 77 "F"
2 -3 10 23 78 "F"
2 1 50 23 79 "A"
2 1 50 23 80 "A"
2 -12 50 23 81 "A"
2 -6 50 23 82 "A"
2 2 10 23 83 "F"
2 -6 40 23 84 "R"
2 -9 10 23 85 "F"
2 2 10 23 86 "F"
2 -15 40 23 87 "R"
2 1 50 23 88 "A"
2 -6 40 23 89 "R"
2 1 50 23 90 "A"
2 -6 40 23 91 "R"
2 -3 10 23 92 "F"
2 -12 50 23 93 "A"
2 -6 50 23 94 "A"
2 12 50 23 95 "A"
2 -12 50 23 96 "A"
2 -3 10 23 97 "F"
2 2 10 23 98 "F"
2 3 50 23 99 "A"
2 -6 50 23 100 "A"
2 4 10 23 101 "F"
2 1 50 23 102 "A"
2 1 50 23 103 "A"
2 2 40 23 104 "R"
2 12 50 23 105 "A"
2 -6 50 23 106 "A"
2 4 10 23 107 "F"
2 -6 40 23 108 "R"
2 4 10 23 109 "F"
2 -6 40 23 110 "R"
2 -3 10 23 111 "F"
2 -6 50 23 112 "A"
2 -12 50 24 1 "A"
2 1 50 24 2 "A"
2 -6 40 24 3 "R"
2 -9 10 24 4 "F"
2 -6 50 24 5 "A"
2 -3 10 24 6 "F"
2 -15 50 24 7 "A"
2 1 20 24 8 "V"
2 4 40 24 9 "R"
2 1 50 24 10 "A"
2 -12 40 24 11 "R"
2 3 50 24 12 "A"
2 3 50 24 13 "A"
2 1 50 24 14 "A"
2 2 40 24 15 "R"
2 3 50 24 16 "A"
2 -12 40 24 17 "R"
2 -3 20 24 18 "V"
2 5 10 24 19 "F"
2 -12 50 24 20 "A"
2 1 50 24 21 "A"
2 2 40 24 22 "R"
2 -6 50 24 23 "A"
2 4 10 24 24 "F"
2 4 40 24 25 "R"
2 1 50 24 26 "A"
2 -15 50 24 27 "A"
2 -3 10 24 28 "F"
2 -12 50 24 29 "A"
2 -6 50 24 30 "A"
2 -9 10 24 31 "F"
2 1 50 24 32 "A"
2 -12 50 24 33 "A"
2 1 50 24 34 "A"
2 -6 40 24 35 "R"
2 2 10 24 36 "F"
2 -12 50 24 37 "A"
2 -9 10 24 38 "F"
2 2 40 24 39 "R"
2 2 40 24 40 "R"
2 -12 50 24 41 "A"
2 -6 50 24 42 "A"
2 -9 10 24 43 "F"
2 -12 50 24 44 "A"
2 -12 50 24 45 "A"
2 1 20 24 46 "V"
2 3 50 24 47 "A"
2 3 50 24 48 "A"
2 2 40 24 49 "R"
2 2 40 24 50 "R"
2 -12 50 24 51 "A"
2 -6 40 24 52 "R"
2 2 10 24 53 "F"
2 -6 50 24 54 "A"
2 -3 10 24 55 "F"
2 1 50 24 56 "A"
2 -12 40 24 57 "R"
2 2 40 24 58 "R"
2 -12 50 24 59 "A"
2 2 40 24 60 "R"
2 -12 50 24 61 "A"
2 3 50 24 62 "A"
2 4 40 24 63 "R"
2 1 50 24 64 "A"
2 1 50 24 65 "A"
2 1 50 24 66 "A"
2 2 40 24 67 "R"
2 -6 50 24 68 "A"
2 -3 10 24 69 "F"
2 1 50 24 70 "A"
2 -6 40 24 71 "R"
2 2 10 24 72 "F"
2 -9 20 24 73 "V"
2 3 50 24 74 "A"
2 -15 40 24 75 "R"
2 -12 50 24 76 "A"
2 -15 50 24 77 "A"
2 -3 10 24 78 "F"
2 2 10 24 79 "F"
2 1 50 24 80 "A"
2 -12 50 24 81 "A"
2 -3 10 24 82 "F"
2 1 50 24 83 "A"
2 -6 40 24 84 "R"
2 -12 50 24 85 "A"
2 2 40 24 86 "R"
2 -15 40 24 87 "R"
2 2 10 24 88 "F"
2 -6 40 24 89 "R"
2 1 50 24 90 "A"
2 -6 40 24 91 "R"
2 -6 50 24 92 "A"
2 -9 10 24 93 "F"
2 -6 50 24 94 "A"
2 12 50 24 95 "A"
2 -12 50 24 96 "A"
2 -3 10 24 97 "F"
2 1 50 24 98 "A"
2 4 40 24 99 "R"
2 -6 50 24 100 "A"
2 4 10 24 101 "F"
2 2 40 24 102 "R"
2 1 50 24 103 "A"
2 2 40 24 104 "R"
2 5 40 24 105 "R"
2 -6 40 24 106 "R"
2 4 10 24 107 "F"
2 -6 40 24 108 "R"
2 4 10 24 109 "F"
2 -6 40 24 110 "R"
2 -3 10 24 111 "F"
2 -6 50 24 112 "A"
2 5 10 24 113 "F"
2 2 40 24 114 "R"
2 -15 40 24 115 "R"
2 1 50 24 116 "A"
2 4 40 24 117 "R"
2 -6 50 24 118 "A"
2 4 10 24 119 "F"
2 -6 40 24 120 "R"
2 2 10 24 121 "F"
2 2 40 24 122 "R"
2 -6 50 24 123 "A"
2 -3 10 24 124 "F"
2 -12 50 24 125 "A"
2 -3 10 24 126 "F"
2 -36 10 24 127 "F"
2 -3 10 24 128 "F"
2 -3 10 24 129 "F"
2 -6 50 24 130 "A"
2 -9 10 24 131 "F"
2 -6 40 24 132 "R"
2 -9 10 24 133 "F"
2 -6 50 24 134 "A"
2 -12 40 24 135 "R"
2 1 20 25 1 "V"
2 -6 40 25 2 "R"
2 -9 10 25 3 "F"
2 3 50 25 4 "A"
2 -6 40 25 5 "R"
2 1 50 25 6 "A"
2 -12 40 25 7 "R"
2 1 20 25 8 "V"
2 -9 20 25 9 "V"
2 2 40 25 10 "R"
2 -15 50 25 11 "A"
2 -3 20 25 12 "V"
2 -12 50 25 13 "A"
2 3 50 25 14 "A"
2 -6 40 25 15 "R"
2 1 50 25 16 "A"
2 4 40 25 17 "R"
2 1 50 25 18 "A"
2 4 40 25 19 "R"
2 -12 50 25 20 "A"
2 -12 50 25 21 "A"
2 1 50 25 22 "A"
2 -12 40 25 23 "R"
2 -12 50 25 24 "A"
2 3 50 25 25 "A"
2 1 50 25 26 "A"
2 -6 50 25 27 "A"
2 -3 20 25 28 "V"
2 -12 50 25 29 "A"
2 -3 10 25 30 "F"
2 -3 20 25 31 "V"
2 -6 50 25 32 "A"
2 -3 10 25 33 "F"
2 3 50 25 34 "A"
2 -6 50 25 35 "A"
2 -3 10 25 36 "F"
2 -12 50 25 37 "A"
2 3 50 25 38 "A"
2 12 50 25 39 "A"
2 -6 50 25 40 "A"
2 -3 10 25 41 "F"
2 1 50 25 42 "A"
2 -12 40 25 43 "R"
2 -6 40 25 44 "R"
2 3 50 25 45 "A"
2 -6 50 25 46 "A"
2 1 50 25 47 "A"
2 -6 50 25 48 "A"
2 -9 10 25 49 "F"
2 1 50 25 50 "A"
2 -12 50 25 51 "A"
2 -6 40 25 52 "R"
2 2 10 25 53 "F"
2 -6 50 25 54 "A"
2 3 50 25 55 "A"
2 1 50 25 56 "A"
2 3 50 25 57 "A"
2 2 40 25 58 "R"
2 3 50 25 59 "A"
2 -6 40 25 60 "R"
2 -15 50 25 61 "A"
2 2 40 25 62 "R"
2 -6 50 25 63 "A"
2 2 10 25 64 "F"
2 -12 40 25 65 "R"
2 -6 50 25 66 "A"
2 -36 10 25 67 "F"
2 -3 10 25 68 "F"
2 1 50 25 69 "A"
2 -6 50 25 70 "A"
2 3 50 25 71 "A"
2 4 40 25 72 "R"
2 -15 40 25 73 "R"
2 -6 50 25 74 "A"
2 1 20 25 75 "V"
2 -12 50 25 76 "A"
2 -6 50 25 77 "A"
2 -6 50 25 78 "A"
2 -3 20 25 79 "V"
2 2 10 25 80 "F"
2 3 50 25 81 "A"
2 -3 20 25 82 "V"
2 3 50 25 83 "A"
2 -6 50 25 84 "A"
2 -15 50 25 85 "A"
2 -6 40 25 86 "R"
2 -6 40 25 87 "R"
2 -6 40 25 88 "R"
2 -9 20 25 89 "V"
2 2 10 25 90 "F"
2 12 50 25 91 "A"
2 1 50 25 92 "A"
2 -12 40 25 93 "R"
2 -12 50 25 94 "A"
2 1 50 25 95 "A"
2 -12 50 25 96 "A"
2 3 20 25 97 "V"
2 1 50 25 98 "A"
2 -15 50 25 99 "A"
2 -6 50 25 100 "A"
2 2 10 25 101 "F"
2 -6 50 25 102 "A"
2 -15 50 25 103 "A"
2 2 40 25 104 "R"
2 -12 50 25 105 "A"
2 1 50 25 106 "A"
2 3 50 25 107 "A"
2 -6 50 25 108 "A"
2 -6 50 25 109 "A"
2 -3 10 25 110 "F"
2 1 50 25 111 "A"
2 -6 50 25 112 "A"
2 -36 10 25 113 "F"
2 2 10 25 114 "F"
2 -12 50 25 115 "A"
2 -12 50 25 116 "A"
2 -36 20 25 117 "V"
2 -12 50 25 118 "A"
2 -12 50 25 119 "A"
2 1 50 25 120 "A"
2 -12 40 25 121 "R"
2 -6 50 25 122 "A"
2 -9 10 25 123 "F"
2 -6 50 25 124 "A"
2 -9 20 25 125 "V"
2 1 50 25 126 "A"
2 1 50 25 127 "A"
2 1 50 25 128 "A"
2 -12 50 25 129 "A"
2 1 50 25 130 "A"
2 4 40 25 131 "R"
2 1 50 26 1 "A"
2 2 40 26 2 "R"
2 4 40 26 3 "R"
2 -6 50 26 4 "A"
2 -9 10 26 5 "F"
2 1 50 26 6 "A"
2 1 50 26 7 "A"
2 -6 40 26 8 "R"
2 -12 50 26 9 "A"
2 2 40 26 10 "R"
2 2 40 26 11 "R"
2 1 50 26 12 "A"
2 2 40 26 13 "R"
2 -6 50 26 14 "A"
2 -3 20 26 15 "V"
2 -6 50 26 16 "A"
2 -9 20 26 17 "V"
2 -3 20 26 18 "V"
2 -9 10 26 19 "F"
2 2 40 26 20 "R"
2 3 50 26 21 "A"
2 -12 40 26 22 "R"
2 -12 50 26 23 "A"
2 2 10 26 24 "F"
2 2 40 26 25 "R"
2 -12 40 26 26 "R"
2 2 10 26 27 "F"
2 -6 40 26 28 "R"
2 -36 20 26 29 "V"
2 4 40 26 30 "R"
2 -6 40 26 31 "R"
2 1 50 26 32 "A"
2 12 20 26 33 "V"
2 -12 50 26 34 "A"
2 -15 40 26 35 "R"
2 -6 50 26 36 "A"
2 4 10 26 37 "F"
2 2 40 26 38 "R"
2 -12 50 26 39 "A"
2 2 40 26 40 "R"
2 5 40 26 41 "R"
2 3 50 26 42 "A"
2 -12 40 26 43 "R"
2 1 50 26 44 "A"
2 -12 40 26 45 "R"
2 1 50 26 46 "A"
2 -36 20 26 47 "V"
2 1 50 26 48 "A"
2 4 40 26 49 "R"
2 1 50 26 50 "A"
2 -6 40 26 51 "R"
2 2 10 26 52 "F"
2 4 40 26 53 "R"
2 -6 40 26 54 "R"
2 5 10 26 55 "F"
2 -6 40 26 56 "R"
2 -9 10 26 57 "F"
2 2 10 26 58 "F"
2 4 40 26 59 "R"
2 -12 40 26 60 "R"
2 -6 40 26 61 "R"
2 -3 10 26 62 "F"
2 12 50 26 63 "A"
2 2 40 26 64 "R"
2 3 50 26 65 "A"
2 -6 40 26 66 "R"
2 1 50 26 67 "A"
2 2 40 26 68 "R"
2 -6 50 26 69 "A"
2 -3 10 26 70 "F"
2 1 50 26 71 "A"
2 -6 40 26 72 "R"
2 -9 10 26 73 "F"
2 3 50 26 74 "A"
2 5 40 26 75 "R"
2 1 50 26 76 "A"
2 -12 40 26 77 "R"
2 -6 50 26 78 "A"
2 4 10 26 79 "F"
2 -12 40 26 80 "R"
2 4 40 26 81 "R"
2 2 40 26 82 "R"
2 -6 50 26 83 "A"
2 -3 10 26 84 "F"
2 3 50 26 85 "A"
2 -6 40 26 86 "R"
2 4 10 26 87 "F"
2 -6 40 26 88 "R"
2 4 10 26 89 "F"
2 2 40 26 90 "R"
2 -12 40 26 91 "R"
2 -6 50 26 92 "A"
2 5 10 26 93 "F"
2 -6 40 26 94 "R"
2 -9 10 26 95 "F"
2 4 10 26 96 "F"
2 4 40 26 97 "R"
2 3 50 26 98 "A"
2 2 40 26 99 "R"
2 2 40 26 100 "R"
2 2 40 26 101 "R"
2 3 50 26 102 "A"
2 5 40 26 103 "R"
2 -12 40 26 104 "R"
2 12 50 26 105 "A"
2 -6 40 26 106 "R"
2 -3 10 26 107 "F"
2 -3 10 26 108 "F"
2 3 50 26 109 "A"
2 -6 40 26 110 "R"
2 2 10 26 111 "F"
2 -6 40 26 112 "R"
2 2 10 26 113 "F"
2 2 40 26 114 "R"
2 -6 50 26 115 "A"
2 -3 10 26 116 "F"
2 -15 50 26 117 "A"
2 1 50 26 118 "A"
2 -6 40 26 119 "R"
2 3 50 26 120 "A"
2 -6 50 26 121 "A"
2 -3 10 26 122 "F"
2 -15 50 26 123 "A"
2 1 50 26 124 "A"
2 -12 40 26 125 "R"
2 -3 10 26 126 "F"
2 -6 50 26 127 "A"
2 2 10 26 128 "F"
2 -12 40 26 129 "R"
2 -12 50 26 130 "A"
2 4 40 26 131 "R"
2 1 50 26 132 "A"
2 -12 50 26 133 "A"
2 -3 10 26 134 "F"
2 -12 50 26 135 "A"
2 4 40 26 136 "R"
2 -12 50 26 137 "A"
2 2 40 26 138 "R"
2 4 40 26 139 "R"
2 -6 50 27 1 "A"
2 2 40 27 2 "R"
2 5 40 27 3 "R"
2 -6 50 27 4 "A"
2 -9 10 27 5 "F"
2 -3 20 27 6 "V"
2 -12 40 27 7 "R"
2 -3 10 27 8 "F"
2 12 50 27 9 "A"
2 2 40 27 10 "R"
2 4 40 27 11 "R"
2 1 50 27 12 "A"
2 4 40 27 13 "R"
2 -6 50 27 14 "A"
2 -9 10 27 15 "F"
2 1 50 27 16 "A"
2 -15 50 27 17 "A"
2 2 10 27 18 "F"
2 4 40 27 19 "R"
2 -6 50 27 20 "A"
2 -36 10 27 21 "F"
2 -9 10 27 22 "F"
2 3 50 27 23 "A"
2 -6 50 27 24 "A"
2 5 10 27 25 "F"
2 -12 50 27 26 "A"
2 4 40 27 27 "R"
2 -6 50 27 28 "A"
2 4 10 27 29 "F"
2 2 40 27 30 "R"
2 -12 40 27 31 "R"
2 -6 50 27 32 "A"
2 -9 10 27 33 "F"
2 1 50 27 34 "A"
2 5 40 27 35 "R"
2 3 50 27 36 "A"
2 4 40 27 37 "R"
2 -6 40 27 38 "R"
2 4 10 27 39 "F"
2 2 40 27 40 "R"
2 5 40 27 41 "R"
2 2 40 27 42 "R"
2 2 40 27 43 "R"
2 2 40 27 44 "R"
2 -6 40 27 45 "R"
2 -3 10 27 46 "F"
2 -6 50 27 47 "A"
2 2 10 27 48 "F"
2 -15 40 27 49 "R"
2 2 40 27 50 "R"
2 2 40 27 51 "R"
2 1 50 27 52 "A"
2 4 40 27 53 "R"
2 2 40 27 54 "R"
2 2 40 27 55 "R"
2 -12 50 27 56 "A"
2 2 10 27 57 "F"
2 4 40 27 58 "R"
2 -6 50 27 59 "A"
2 -240 10 27 60 "F"
2 -9 10 27 61 "F"
2 -6 50 27 62 "A"
2 2 10 27 63 "F"
2 -6 40 27 64 "R"
2 4 10 27 65 "F"
2 2 40 27 66 "R"
2 -12 40 27 67 "R"
2 2 10 27 68 "F"
2 -12 40 27 69 "R"
2 1 50 27 70 "A"
2 -6 40 27 71 "R"
2 2 10 27 72 "F"
2 4 40 27 73 "R"
2 -12 50 27 74 "A"
2 -9 10 27 75 "F"
2 -6 50 27 76 "A"
2 -9 10 27 77 "F"
2 -6 50 27 78 "A"
2 -9 10 27 79 "F"
2 -6 50 27 80 "A"
2 -9 10 27 81 "F"
2 -3 10 27 82 "F"
2 3 50 27 83 "A"
2 -6 40 27 84 "R"
2 -3 10 27 85 "F"
2 -12 50 27 86 "A"
2 -6 40 27 87 "R"
2 -3 10 27 88 "F"
2 -15 50 27 89 "A"
2 1 50 27 90 "A"
2 -15 40 27 91 "R"
2 2 10 27 92 "F"
2 -6 40 27 93 "R"
2 4 10 27 94 "F"
2 -12 40 27 95 "R"
2 2 10 27 96 "F"
2 4 40 27 97 "R"
2 -6 50 27 98 "A"
2 -3 10 27 99 "F"
2 -6 50 27 100 "A"
2 2 10 27 101 "F"
2 2 40 27 102 "R"
2 -12 40 27 103 "R"
2 4 10 27 104 "F"
2 5 40 27 105 "R"
2 2 40 27 106 "R"
2 -15 40 27 107 "R"
2 2 10 27 108 "F"
2 4 40 27 109 "R"
2 1 50 27 110 "A"
2 -6 40 27 111 "R"
2 2 10 27 112 "F"
2 4 40 27 113 "R"
2 -12 50 27 114 "A"
2 -3 10 28 1 "F"
2 1 50 28 2 "A"
2 12 20 28 3 "V"
2 -3 20 28 4 "V"
2 -12 50 28 5 "A"
2 -6 50 28 6 "A"
2 -9 10 28 7 "F"
2 -6 50 28 8 "A"
2 5 10 28 9 "F"
2 2 40 28 10 "R"
2 3 50 28 11 "A"
2 2 40 28 12 "R"
2 4 40 28 13 "R"
2 -6 50 28 14 "A"
2 -9 10 28 15 "F"
2 2 10 28 16 "F"
2 -15 40 28 17 "R"
2 1 50 28 18 "A"
2 4 40 28 19 "R"
2 -6 50 28 20 "A"
2 -36 10 28 21 "F"
2 -9 20 28 22 "V"
2 4 10 28 23 "F"
2 -6 40 28 24 "R"
2 12 50 28 25 "A"
2 -12 50 28 26 "A"
2 4 10 28 27 "F"
2 -6 40 28 28 "R"
2 4 10 28 29 "F"
2 2 40 28 30 "R"
2 -12 40 28 31 "R"
2 -6 50 28 32 "A"
2 -9 10 28 33 "F"
2 2 10 28 34 "F"
2 5 40 28 35 "R"
2 4 40 28 36 "R"
2 4 40 28 37 "R"
2 -6 40 28 38 "R"
2 4 10 28 39 "F"
2 2 40 28 40 "R"
2 5 40 28 41 "R"
2 2 40 28 42 "R"
2 2 40 28 43 "R"
2 1 50 28 44 "A"
2 -6 40 28 45 "R"
2 -3 10 28 46 "F"
2 -6 50 28 47 "A"
2 2 10 28 48 "F"
2 -15 40 28 49 "R"
2 2 10 28 50 "F"
2 2 40 28 51 "R"
2 1 50 28 52 "A"
2 4 40 28 53 "R"
2 1 50 28 54 "A"
2 2 40 28 55 "R"
2 -12 50 28 56 "A"
2 1 50 28 57 "A"
2 4 40 28 58 "R"
2 -6 50 28 59 "A"
2 -240 10 28 60 "F"
2 -9 10 28 61 "F"
2 -3 10 28 62 "F"
2 1 50 28 63 "A"
2 -6 40 28 64 "R"
2 4 10 28 65 "F"
2 2 40 28 66 "R"
2 -12 40 28 67 "R"
2 1 50 28 68 "A"
2 -12 40 28 69 "R"
2 1 20 28 70 "V"
2 -6 40 28 71 "R"
2 2 10 28 72 "F"
2 4 40 28 73 "R"
2 -12 50 28 74 "A"
2 -12 50 28 75 "A"
2 -6 40 28 76 "R"
2 -12 50 28 77 "A"
2 -6 50 28 78 "A"
2 -9 10 28 79 "F"
2 -3 10 28 80 "F"
2 -12 50 28 81 "A"
2 -6 50 28 82 "A"
2 4 10 28 83 "F"
2 -6 40 28 84 "R"
2 -3 10 28 85 "F"
2 -12 50 28 86 "A"
2 -6 40 28 87 "R"
2 -3 10 28 88 "F"
2 -15 50 28 89 "A"
2 1 50 28 90 "A"
2 -15 40 28 91 "R"
2 1 50 28 92 "A"
2 -6 40 28 93 "R"
2 4 10 28 94 "F"
2 -12 40 28 95 "R"
2 1 50 28 96 "A"
2 4 40 28 97 "R"
2 -6 40 28 98 "R"
2 -6 50 28 99 "A"
2 -3 10 28 100 "F"
2 1 50 28 101 "A"
2 2 40 28 102 "R"
2 -12 50 28 103 "A"
2 4 10 28 104 "F"
2 5 40 28 105 "R"
2 2 40 28 106 "R"
2 -15 40 28 107 "R"
2 2 10 28 108 "F"
2 4 40 28 109 "R"
2 2 40 28 110 "R"
2 -3 20 28 111 "V"
2 1 50 28 112 "A"
2 4 40 28 113 "R"
2 -12 50 28 114 "A"
2 -3 10 28 115 "F"
2 -6 50 28 116 "A"
2 -9 10 28 117 "F"
2 2 10 28 118 "F"
2 2 40 28 119 "R"
2 -6 40 28 120 "R"
2 -3 10 28 121 "F"
2 1 50 28 122 "A"
2 -15 40 28 123 "R"
2 1 50 28 124 "A"
2 -15 40 28 125 "R"
2 4 10 28 126 "F"
2 -15 40 28 127 "R"
2 -6 50 29 1 "A"
2 2 10 29 2 "F"
2 12 50 29 3 "A"
2 -6 50 29 4 "A"
2 -9 10 29 5 "F"
2 -3 10 29 6 "F"
2 -12 50 29 7 "A"
2 -6 50 29 8 "A"
2 5 10 29 9 "F"
2 1 50 29 10 "A"
2 3 50 29 11 "A"
2 2 40 29 12 "R"
2 4 40 29 13 "R"
2 -6 50 29 14 "A"
2 -9 10 29 15 "F"
2 1 50 29 16 "A"
2 -15 40 29 17 "R"
2 2 10 29 18 "F"
2 3 20 29 19 "V"
2 -6 40 29 20 "R"
2 -15 50 29 21 "A"
2 -9 10 29 22 "F"
2 4 10 29 23 "F"
2 -6 40 29 24 "R"
2 12 50 29 25 "A"
2 -12 40 29 26 "R"
2 3 50 29 27 "A"
2 -6 50 29 28 "A"
2 3 20 29 29 "V"
2 2 40 29 30 "R"
2 -12 50 29 31 "A"
2 -6 50 29 32 "A"
2 -9 10 29 33 "F"
2 2 40 29 34 "R"
2 5 40 29 35 "R"
2 4 40 29 36 "R"
2 4 40 29 37 "R"
2 -6 40 29 38 "R"
2 3 50 29 39 "A"
2 2 40 29 40 "R"
2 12 50 29 41 "A"
2 2 40 29 42 "R"
2 2 40 29 43 "R"
2 2 40 29 44 "R"
2 -6 40 29 45 "R"
2 -3 10 29 46 "F"
2 -6 50 29 47 "A"
2 2 10 29 48 "F"
2 -15 40 29 49 "R"
2 2 10 29 50 "F"
2 2 40 29 51 "R"
2 1 50 29 52 "A"
2 4 40 29 53 "R"
2 1 50 29 54 "A"
2 2 40 29 55 "R"
2 -12 50 29 56 "A"
2 2 10 29 57 "F"
2 4 40 29 58 "R"
2 -6 50 29 59 "A"
2 -3 10 29 60 "F"
2 -9 10 29 61 "F"
2 -3 10 29 62 "F"
2 1 50 29 63 "A"
2 -6 40 29 64 "R"
2 4 10 29 65 "F"
2 2 40 29 66 "R"
2 -12 40 29 67 "R"
2 2 10 29 68 "F"
2 -12 40 29 69 "R"
2 2 10 29 70 "F"
2 -6 40 29 71 "R"
2 2 10 29 72 "F"
2 4 40 29 73 "R"
2 -12 50 29 74 "A"
2 -9 10 29 75 "F"
2 -3 10 29 76 "F"
2 -12 50 29 77 "A"
2 -6 50 29 78 "A"
2 -9 10 29 79 "F"
2 -3 10 29 80 "F"
2 -9 10 29 81 "F"
2 -6 50 29 82 "A"
2 4 10 29 83 "F"
2 -6 40 29 84 "R"
2 -6 50 29 85 "A"
2 -9 10 29 86 "F"
2 -6 50 29 87 "A"
2 -3 10 29 88 "F"
2 -15 50 29 89 "A"
2 1 20 29 90 "V"
2 -15 40 29 91 "R"
2 1 50 29 92 "A"
2 -6 40 29 93 "R"
2 4 10 29 94 "F"
2 -12 40 29 95 "R"
2 1 50 29 96 "A"
2 4 40 29 97 "R"
2 -6 50 29 98 "A"
2 -3 10 29 99 "F"
2 -6 50 29 100 "A"
2 2 10 29 101 "F"
2 2 40 29 102 "R"
2 -12 50 29 103 "A"
2 4 10 29 104 "F"
2 12 50 29 105 "A"
2 2 40 29 106 "R"
2 -15 40 29 107 "R"
2 2 10 29 108 "F"
2 4 40 29 109 "R"
2 2 40 29 110 "R"
2 -6 40 29 111 "R"
2 2 10 29 112 "F"
2 4 40 29 113 "R"
2 -12 50 29 114 "A"
2 -3 10 29 115 "F"
2 -6 50 29 116 "A"
2 -9 10 29 117 "F"
2 2 10 29 118 "F"
2 2 40 29 119 "R"
2 -6 50 29 120 "A"
2 -3 10 29 121 "F"
2 2 10 29 122 "F"
2 -15 40 29 123 "R"
2 1 20 29 124 "V"
2 -15 40 29 125 "R"
2 4 10 29 126 "F"
2 -15 40 29 127 "R"
2 1 50 29 128 "A"
2 -6 40 29 129 "R"
2 2 10 29 130 "F"
2 -12 40 29 131 "R"
2 1 50 29 132 "A"
2 -12 40 29 133 "R"
2 2 40 29 134 "R"
2 4 40 29 135 "R"
2 -6 50 29 136 "A"
2 5 10 29 137 "F"
2 -6 40 29 138 "R"
2 4 10 29 139 "F"
2 -12 40 29 140 "R"
2 1 50 29 141 "A"
2 -3 20 29 142 "V"
2 4 40 29 143 "R"
2 4 40 29 144 "R"
2 -15 40 29 145 "R"
2 1 20 29 146 "V"
2 -9 20 29 147 "V"
2 4 10 29 148 "F"
2 4 40 29 149 "R"
2 -6 50 29 150 "A"
2 -12 50 30 1 "A"
2 2 10 30 2 "F"
2 -9 10 30 3 "F"
2 -6 50 30 4 "A"
2 -12 50 30 5 "A"
2 -6 50 30 6 "A"
2 -9 20 30 7 "V"
2 -6 50 30 8 "A"
2 -15 50 30 9 "A"
2 -3 10 30 10 "F"
2 1 50 30 11 "A"
2 2 40 30 12 "R"
2 3 50 30 13 "A"
2 -6 40 30 14 "R"
2 4 10 30 15 "F"
2 2 40 30 16 "R"
2 3 50 30 17 "A"
2 2 40 30 18 "R"
2 -15 50 30 19 "A"
2 -3 10 30 20 "F"
2 -12 50 30 21 "A"
2 -3 10 30 22 "F"
2 1 50 30 23 "A"
2 2 40 30 24 "R"
2 3 50 30 25 "A"
2 -12 40 30 26 "R"
2 -9 10 30 27 "F"
2 -6 50 30 28 "A"
2 4 10 30 29 "F"
2 -6 40 30 30 "R"
2 -9 10 30 31 "F"
2 -15 50 30 32 "A"
2 12 50 30 33 "A"
2 -6 40 30 34 "R"
2 2 10 30 35 "F"
2 -6 40 30 36 "R"
2 2 10 30 37 "F"
2 4 40 30 38 "R"
2 1 50 30 39 "A"
2 2 40 30 40 "R"
2 -6 50 30 41 "A"
2 -6 50 30 42 "A"
2 -3 10 30 43 "F"
2 2 10 30 44 "F"
2 -6 40 30 45 "R"
2 -3 10 30 46 "F"
2 -12 50 30 47 "A"
2 -9 20 30 48 "V"
2 -3 10 30 49 "F"
2 -6 50 30 50 "A"
2 4 10 30 51 "F"
2 2 40 30 52 "R"
2 5 40 30 53 "R"
2 -6 50 30 54 "A"
2 -12 50 30 55 "A"
2 1 50 30 56 "A"
2 -12 40 30 57 "R"
2 2 10 30 58 "F"
2 -6 40 30 59 "R"
2 80 50 30 60 "A"
2 -12 50 30 61 "A"
2 1 50 30 62 "A"
2 4 40 30 63 "R"
2 -6 50 30 64 "A"
2 3 20 30 65 "V"
2 2 40 30 66 "R"
2 -12 50 30 67 "A"
2 1 50 30 68 "A"
2 4 40 30 69 "R"
2 -6 50 30 70 "A"
2 2 10 30 71 "F"
2 -6 40 30 72 "R"
2 -9 10 30 73 "F"
2 -6 50 30 74 "A"
2 -36 10 30 75 "F"
2 2 10 30 76 "F"
2 -12 40 30 77 "R"
2 2 10 30 78 "F"
2 -12 40 30 79 "R"
2 1 20 30 80 "V"
2 -9 20 30 81 "V"
2 -6 50 30 82 "A"
2 4 10 30 83 "F"
2 2 40 30 84 "R"
2 3 50 30 85 "A"
2 -6 40 30 86 "R"
2 -9 10 30 87 "F"
2 1 50 30 88 "A"
2 -6 40 30 89 "R"
2 -3 10 30 90 "F"
2 -12 50 30 91 "A"
2 -3 10 30 92 "F"
2 12 50 30 93 "A"
2 2 40 30 94 "R"
2 -12 50 30 95 "A"
2 -6 50 30 96 "A"
2 5 10 30 97 "F"
2 -6 40 30 98 "R"
2 -3 10 30 99 "F"
2 -3 10 30 100 "F"
2 -36 10 30 101 "F"
2 -6 40 30 102 "R"
2 -9 10 30 103 "F"
2 3 50 30 104 "A"
2 2 40 30 105 "R"
2 3 50 30 106 "A"
2 2 40 30 107 "R"
2 -6 40 30 108 "R"
2 1 50 30 109 "A"
2 -6 40 30 110 "R"
2 -9 10 30 111 "F"
2 -3 10 30 112 "F"
2 3 50 30 113 "A"
2 -12 40 30 114 "R"
2 -6 50 30 115 "A"
2 2 10 30 116 "F"
2 2 40 30 117 "R"
2 2 40 30 118 "R"
2 -6 50 30 119 "A"
2 -3 10 30 120 "F"
2 -12 50 30 121 "A"
2 -12 50 30 122 "A"
2 12 50 30 123 "A"
2 2 40 30 124 "R"
2 -15 50 30 125 "A"
2 3 50 30 126 "A"
2 4 40 30 127 "R"
2 4 40 30 128 "R"
2 -6 40 30 129 "R"
2 -3 10 30 130 "F"
2 -9 10 30 131 "F"
2 -3 10 30 132 "F"
2 -12 50 30 133 "A"
2 2 10 30 134 "F"
2 -6 40 30 135 "R"
2 2 10 30 136 "F"
2 3 20 30 137 "V"
2 -6 40 30 138 "R"
2 -12 50 30 139 "A"
2 -6 50 30 140 "A"
2 -3 20 30 141 "V"
2 1 50 30 142 "A"
2 2 40 30 143 "R"
2 1 50 30 144 "A"
2 -3 20 30 145 "V"
2 -12 50 30 146 "A"
2 4 10 30 147 "F"
2 2 40 30 148 "R"
2 4 40 30 149 "R"
2 1 50 30 150 "A"
2 -6 40 30 151 "R"
2 2 10 30 152 "F"
2 -3 10 31 1 "F"
2 1 50 31 2 "A"
2 -9 20 31 3 "V"
2 -6 50 31 4 "A"
2 -9 10 31 5 "F"
2 -6 50 31 6 "A"
2 -3 10 31 7 "F"
2 1 50 31 8 "A"
2 -9 20 31 9 "V"
2 -3 10 31 10 "F"
2 3 50 31 11 "A"
2 -6 40 31 12 "R"
2 5 10 31 13 "F"
2 2 40 31 14 "R"
2 -12 50 31 15 "A"
2 -6 50 31 16 "A"
2 -9 10 31 17 "F"
2 2 40 31 18 "R"
2 -15 40 31 19 "R"
2 -6 50 31 20 "A"
2 3 20 31 21 "V"
2 -6 40 31 22 "R"
2 5 10 31 23 "F"
2 2 40 31 24 "R"
2 -12 50 31 25 "A"
2 1 50 31 26 "A"
2 -6 40 31 27 "R"
2 2 10 31 28 "F"
2 -12 40 31 29 "R"
2 -6 50 31 30 "A"
2 4 10 31 31 "F"
2 4 40 31 32 "R"
2 -6 50 31 33 "A"
2 -3 10 31 34 "F"
2 -12 50 31 35 "A"
2 2 10 31 36 "F"
2 4 40 31 37 "R"
2 -6 50 31 38 "A"
2 -36 10 31 39 "F"
2 1 50 31 40 "A"
2 -12 40 31 41 "R"
2 1 50 31 42 "A"
2 2 40 31 43 "R"
2 -6 50 31 44 "A"
2 4 10 31 45 "F"
2 1 50 31 46 "A"
2 1 50 31 47 "A"
2 4 40 31 48 "R"
2 -15 50 31 49 "A"
2 -9 10 31 50 "F"
2 3 50 31 51 "A"
2 2 40 31 52 "R"
2 -15 50 31 53 "A"
2 -3 10 31 54 "F"
2 -6 50 31 55 "A"
2 2 10 31 56 "F"
2 2 40 31 57 "R"
2 1 50 31 58 "A"
2 4 40 31 59 "R"
2 1 50 31 60 "A"
2 -6 40 31 61 "R"
2 1 50 31 62 "A"
2 4 40 31 63 "R"
2 -6 50 31 64 "A"
2 -3 10 31 65 "F"
2 1 50 31 66 "A"
2 4 40 31 67 "R"
2 -6 40 31 68 "R"
2 5 10 31 69 "F"
2 4 40 31 70 "R"
2 -6 50 31 71 "A"
2 -3 10 31 72 "F"
2 -6 50 31 73 "A"
2 2 10 31 74 "F"
2 5 40 31 75 "R"
2 -6 50 31 76 "A"
2 -9 10 31 77 "F"
2 1 50 31 78 "A"
2 -12 40 31 79 "R"
2 -6 50 31 80 "A"
2 -3 10 31 81 "F"
2 -12 50 31 82 "A"
2 4 10 31 83 "F"
2 -6 40 31 84 "R"
2 2 10 31 85 "F"
2 -6 40 31 86 "R"
2 1 50 31 87 "A"
2 -15 40 31 88 "R"
2 -6 50 31 89 "A"
2 4 10 31 90 "F"
2 4 40 31 91 "R"
2 1 50 31 92 "A"
2 4 40 31 93 "R"
2 1 50 31 94 "A"
2 -12 50 31 95 "A"
2 2 10 31 96 "F"
2 -6 40 31 97 "R"
2 1 50 31 98 "A"
2 -6 40 31 99 "R"
2 1 50 31 100 "A"
2 4 40 31 101 "R"
2 1 50 31 102 "A"
2 5 40 31 103 "R"
2 1 50 31 104 "A"
2 5 40 31 105 "R"
2 -6 50 31 106 "A"
2 -3 10 31 107 "F"
2 -6 50 31 108 "A"
2 -36 10 31 109 "F"
2 2 10 31 110 "F"
2 -12 40 31 111 "R"
2 -3 10 31 112 "F"
2 -6 50 31 113 "A"
2 2 10 31 114 "F"
2 2 40 31 115 "R"
2 -6 50 31 116 "A"
2 4 10 31 117 "F"
2 2 40 31 118 "R"
2 -12 50 31 119 "A"
2 -3 10 31 120 "F"
2 -3 10 31 121 "F"
2 1 50 31 122 "A"
2 -12 40 31 123 "R"
2 2 10 31 124 "F"
2 -6 40 31 125 "R"
2 2 10 31 126 "F"
2 4 40 31 127 "R"
2 2 40 31 128 "R"
2 -12 40 31 129 "R"
2 -3 10 31 130 "F"
2 -12 50 31 131 "A"
2 1 50 31 132 "A"
2 -12 40 31 133 "R"
2 -6 50 31 134 "A"
2 -3 10 31 135 "F"
2 -6 50 31 136 "A"
2 4 10 31 137 "F"
2 2 40 31 138 "R"
2 -6 50 31 139 "A"
2 -3 10 31 140 "F"
2 3 50 31 141 "A"
2 3 50 31 142 "A"
2 3 50 31 143 "A"
2 1 50 31 144 "A"
2 -12 40 31 145 "R"
2 3 50 31 146 "A"
2 2 40 31 147 "R"
2 2 40 31 148 "R"
2 -15 50 31 149 "A"
2 -6 50 31 150 "A"
2 2 10 31 151 "F"
2 -6 40 31 152 "R"
2 -6 50 31 153 "A"
2 -6 50 31 154 "A"
2 1 50 31 155 "A"
2 -6 40 31 156 "R"
2 -3 10 31 157 "F"
2 -6 50 31 158 "A"
2 4 10 31 159 "F"
2 -6 50 31 160 "A"
2 -9 10 31 161 "F"
2 -12 50 32 1 "A"
2 1 50 32 2 "A"
2 -12 40 32 3 "R"
2 -3 20 32 4 "V"
2 -12 40 32 5 "R"
2 -3 10 32 6 "F"
2 -12 50 32 7 "A"
2 -6 40 32 8 "R"
2 -15 50 32 9 "A"
2 -6 50 32 10 "A"
2 2 40 32 11 "R"
2 1 50 32 12 "A"
2 3 50 32 13 "A"
2 -6 40 32 14 "R"
2 4 10 32 15 "F"
2 1 50 32 16 "A"
2 4 40 32 17 "R"
2 1 50 32 18 "A"
2 -15 40 32 19 "R"
2 -3 20 32 20 "V"
2 -9 10 32 21 "F"
2 -6 50 32 22 "A"
2 1 20 32 23 "V"
2 1 50 32 24 "A"
2 3 50 32 25 "A"
2 -12 40 32 26 "R"
2 -12 50 32 27 "A"
2 -6 40 32 28 "R"
2 4 10 32 29 "F"
2 -6 40 32 30 "R"
2 -12 50 32 31 "A"
2 -36 10 32 32 "F"
2 12 50 32 33 "A"
2 -6 50 32 34 "A"
2 1 50 32 35 "A"
2 -6 40 32 36 "R"
2 2 10 32 37 "F"
2 4 40 32 38 "R"
2 1 50 32 39 "A"
2 2 40 32 40 "R"
2 -6 50 32 41 "A"
2 -3 20 32 42 "V"
2 -6 50 32 43 "A"
2 2 10 32 44 "F"
2 -6 40 32 45 "R"
2 -3 10 32 46 "F"
2 -9 10 32 47 "F"
2 -9 10 32 48 "F"
2 -3 10 32 49 "F"
2 -6 50 32 50 "A"
2 4 10 32 51 "F"
2 1 50 32 52 "A"
2 12 50 32 53 "A"
2 -6 40 32 54 "R"
2 -9 10 32 55 "F"
2 1 50 32 56 "A"
2 -12 40 32 57 "R"
2 2 10 32 58 "F"
2 -6 50 32 59 "A"
2 2 10 32 60 "F"
2 -12 50 32 61 "A"
2 1 50 32 62 "A"
2 3 50 32 63 "A"
2 -6 50 32 64 "A"
2 4 10 32 65 "F"
2 2 40 32 66 "R"
2 -12 50 32 67 "A"
2 2 10 32 68 "F"
2 4 40 32 69 "R"
2 -6 50 32 70 "A"
2 2 10 32 71 "F"
2 -6 40 32 72 "R"
2 -12 50 32 73 "A"
2 -6 40 32 74 "R"
2 -36 10 32 75 "F"
2 2 40 32 76 "R"
2 -12 50 32 77 "A"
2 2 10 32 78 "F"
2 -12 40 32 79 "R"
2 2 10 32 80 "F"
2 -12 50 32 81 "A"
2 -6 50 32 82 "A"
2 4 10 32 83 "F"
2 1 50 32 84 "A"
2 3 50 32 85 "A"
2 -6 50 32 86 "A"
2 -12 50 32 87 "A"
2 1 50 32 88 "A"
2 -6 40 32 89 "R"
2 -3 10 32 90 "F"
2 -12 50 32 91 "A"
2 -6 40 32 92 "R"
2 12 50 32 93 "A"
2 1 50 32 94 "A"
2 -12 50 32 95 "A"
2 -3 10 32 96 "F"
2 12 50 32 97 "A"
2 -6 50 32 98 "A"
2 -6 50 32 99 "A"
2 -3 10 32 100 "F"
2 -36 10 32 101 "F"
2 -3 10 32 102 "F"
2 -9 10 32 103 "F"
2 3 50 32 104 "A"
2 1 50 32 105 "A"
2 3 50 32 106 "A"
2 2 40 32 107 "R"
2 -6 50 32 108 "A"
2 2 10 32 109 "F"
2 -6 40 32 110 "R"
2 -9 10 32 111 "F"
2 -6 50 32 112 "A"
2 4 10 32 113 "F"
2 -12 50 32 114 "A"
2 -6 50 32 115 "A"
2 2 10 32 116 "F"
2 1 50 32 117 "A"
2 2 40 32 118 "R"
2 -6 50 32 119 "A"
2 -3 10 32 120 "F"
2 -9 10 32 121 "F"
2 -12 40 32 122 "R"
2 5 10 32 123 "F"
2 1 50 32 124 "A"
2 -15 50 32 125 "A"
2 3 50 32 126 "A"
2 4 40 32 127 "R"
2 3 50 32 128 "A"
2 -6 40 32 129 "R"
2 -3 20 32 130 "V"
2 -9 10 32 131 "F"
2 -6 50 32 132 "A"
2 -9 10 32 133 "F"
2 1 50 32 134 "A"
2 -6 50 32 135 "A"
2 2 10 32 136 "F"
2 3 20 32 137 "V"
2 -6 40 32 138 "R"
2 -3 20 33 1 "V"
2 1 50 33 2 "A"
2 1 50 33 3 "A"
2 -6 50 33 4 "A"
2 -9 10 33 5 "F"
2 2 40 33 6 "R"
2 -12 40 33 7 "R"
2 -3 20 33 8 "V"
2 -12 50 33 9 "A"
2 4 40 33 10 "R"
2 -6 50 33 11 "A"
2 1 50 33 12 "A"
2 -12 50 33 13 "A"
2 -6 50 33 14 "A"
2 3 50 33 15 "A"
2 1 50 33 16 "A"
2 1 50 33 17 "A"
2 2 40 33 18 "R"
2 -12 40 33 19 "R"
2 -3 10 33 20 "F"
2 1 50 33 21 "A"
2 2 40 33 22 "R"
2 4 40 33 23 "R"
2 -12 40 33 24 "R"
2 3 20 33 25 "V"
2 2 40 33 26 "R"
2 12 50 33 27 "A"
2 -6 40 33 28 "R"
2 3 20 33 29 "V"
2 -6 40 33 30 "R"
2 -36 10 33 31 "F"
2 -6 40 33 32 "R"
2 -9 10 33 33 "F"
2 2 10 33 34 "F"
2 -12 40 33 35 "R"
2 -3 10 33 36 "F"
2 -12 50 33 37 "A"
2 -6 50 33 38 "A"
2 -6 50 33 39 "A"
2 2 40 33 40 "R"
2 -6 40 33 41 "R"
2 2 10 33 42 "F"
2 -15 40 33 43 "R"
2 4 10 33 44 "F"
2 -6 40 33 45 "R"
2 -12 50 33 46 "A"
2 2 10 33 47 "F"
2 2 40 33 48 "R"
2 -6 40 33 49 "R"
2 1 50 33 50 "A"
2 -12 40 33 51 "R"
2 2 10 33 52 "F"
2 2 40 33 53 "R"
2 1 50 33 54 "A"
2 2 40 33 55 "R"
2 1 50 33 56 "A"
2 2 40 33 57 "R"
2 3 50 33 58 "A"
2 -12 40 33 59 "R"
2 2 40 33 60 "R"
2 -12 40 33 61 "R"
2 4 10 33 62 "F"
2 -12 50 33 63 "A"
2 -3 10 33 64 "F"
2 1 50 33 65 "A"
2 2 40 33 66 "R"
2 -6 50 33 67 "A"
2 -3 10 33 68 "F"
2 -6 50 33 69 "A"
2 1 50 33 70 "A"
2 5 40 33 71 "R"
2 4 40 33 72 "R"
2 -12 40 33 73 "R"
2 -6 40 33 74 "R"
2 5 10 33 75 "F"
2 -6 40 33 76 "R"
2 -6 50 33 77 "A"
2 -6 40 33 78 "R"
2 1 50 33 79 "A"
2 2 40 33 80 "R"
2 -6 50 33 81 "A"
2 -9 10 33 82 "F"
2 3 50 33 83 "A"
2 2 40 33 84 "R"
2 -6 40 33 85 "R"
2 -3 10 33 86 "F"
2 -15 50 33 87 "A"
2 -6 50 33 88 "A"
2 -12 50 33 89 "A"
2 -6 50 33 90 "A"
2 -12 50 33 91 "A"
2 1 20 33 92 "V"
2 1 50 33 93 "A"
2 -12 40 33 94 "R"
2 -12 40 33 95 "R"
2 1 20 33 96 "V"
2 -9 20 33 97 "V"
2 1 50 33 98 "A"
2 4 40 33 99 "R"
2 1 50 33 100 "A"
2 5 40 33 101 "R"
2 1 50 33 102 "A"
2 2 40 33 103 "R"
2 -6 40 33 104 "R"
2 2 10 33 105 "F"
2 -3 10 33 106 "F"
2 -6 50 33 107 "A"
2 -3 10 33 108 "F"
2 4 10 33 109 "F"
2 -12 40 33 110 "R"
2 12 50 33 111 "A"
2 -12 40 33 112 "R"
2 3 50 33 113 "A"
2 -15 40 33 114 "R"
2 4 40 33 115 "R"
2 1 50 33 116 "A"
2 -6 40 33 117 "R"
2 4 10 33 118 "F"
2 -15 40 33 119 "R"
2 2 10 33 120 "F"
2 5 40 33 121 "R"
2 1 50 33 122 "A"
2 -6 40 33 123 "R"
2 2 40 33 124 "R"
2 -12 40 33 125 "R"
2 -6 40 33 126 "R"
2 2 10 33 127 "F"
2 -6 40 33 128 "R"
2 -6 50 33 129 "A"
2 -6 40 33 130 "R"
2 3 20 33 131 "V"
2 4 40 33 132 "R"
2 -12 50 33 133 "A"
2 -12 50 33 134 "A"
2 2 10 33 135 "F"
2 -6 40 33 136 "R"
2 2 10 33 137 "F"
2 2 40 33 138 "R"
2 1 50 33 139 "A"
2 -6 40 33 140 "R"
2 3 50 33 141 "A"
2 4 40 33 142 "R"
2 2 40 33 143 "R"
2 -6 40 33 144 "R"
2 2 10 33 145 "F"
2 2 40 33 146 "R"
2 -12 50 33 147 "A"
2 1 50 33 148 "A"
2 5 40 33 149 "R"
2 -12 50 33 150 "A"
2 1 50 33 151 "A"
2 2 40 33 152 "R"
2 12 50 33 153 "A"
2 -6 40 33 154 "R"
2 -36 10 33 155 "F"
2 1 50 34 1 "A"
2 1 50 34 2 "A"
2 3 50 34 3 "A"
2 -6 50 34 4 "A"
2 -9 10 34 5 "F"
2 2 10 34 6 "F"
2 2 40 34 7 "R"
2 -6 50 34 8 "A"
2 -9 10 34 9 "F"
2 2 40 34 10 "R"
2 2 40 34 11 "R"
2 1 50 34 12 "A"
2 2 40 34 13 "R"
2 -6 50 34 14 "A"
2 -3 10 34 15 "F"
2 -6 50 34 16 "A"
2 -9 10 34 17 "F"
2 -3 10 34 18 "F"
2 -12 50 34 19 "A"
2 2 10 34 20 "F"
2 4 40 34 21 "R"
2 -12 50 34 22 "A"
2 -12 50 34 23 "A"
2 1 50 34 24 "A"
2 2 40 34 25 "R"
2 -12 50 34 26 "A"
2 1 50 34 27 "A"
2 -6 50 34 28 "A"
2 -36 10 34 29 "F"
2 3 50 34 30 "A"
2 -6 40 34 31 "R"
2 1 50 34 32 "A"
2 5 40 34 33 "R"
2 -12 50 34 34 "A"
2 -15 50 34 35 "A"
2 -3 20 34 36 "V"
2 3 50 34 37 "A"
2 2 40 34 38 "R"
2 -12 40 34 39 "R"
2 2 10 34 40 "F"
2 5 40 34 41 "R"
2 3 50 34 42 "A"
2 -12 40 34 43 "R"
2 2 10 34 44 "F"
2 -12 40 34 45 "R"
2 2 10 34 46 "F"
2 -15 40 34 47 "R"
2 2 10 34 48 "F"
2 3 50 34 49 "A"
2 1 50 34 50 "A"
2 -6 40 34 51 "R"
2 2 10 34 52 "F"
2 4 40 34 53 "R"
2 -6 50 34 54 "A"
2 5 40 34 55 "R"
2 -6 40 34 56 "R"
2 -9 10 34 57 "F"
2 2 10 34 58 "F"
2 4 40 34 59 "R"
2 -12 50 34 60 "A"
2 -3 10 34 61 "F"
2 -6 50 34 62 "A"
2 5 10 34 63 "F"
2 2 40 34 64 "R"
2 4 40 34 65 "R"
2 -6 50 34 66 "A"
2 2 10 34 67 "F"
2 2 40 34 68 "R"
2 -6 50 34 69 "A"
2 -3 10 34 70 "F"
2 1 50 34 71 "A"
2 -6 40 34 72 "R"
2 -12 50 34 73 "A"
2 4 10 34 74 "F"
2 5 40 34 75 "R"
2 1 50 34 76 "A"
2 -12 40 34 77 "R"
2 -6 50 34 78 "A"
2 4 10 34 79 "F"
2 -12 40 34 80 "R"
2 4 10 34 81 "F"
2 2 40 34 82 "R"
2 -6 40 34 83 "R"
2 -6 50 34 84 "A"
2 4 10 34 85 "F"
2 -6 40 34 86 "R"
2 4 10 34 87 "F"
2 -6 40 34 88 "R"
2 4 10 34 89 "F"
2 2 40 34 90 "R"
2 -12 50 34 91 "A"
2 -6 40 34 92 "R"
2 12 20 34 93 "V"
2 -6 40 34 94 "R"
2 -9 10 34 95 "F"
2 3 50 34 96 "A"
2 4 40 34 97 "R"
2 3 50 34 98 "A"
2 2 40 34 99 "R"
2 2 40 34 100 "R"
2 1 50 34 101 "A"
2 4 40 34 102 "R"
2 12 50 34 103 "A"
2 -12 40 34 104 "R"
2 5 40 34 105 "R"
2 -6 40 34 106 "R"
2 -3 10 34 107 "F"
2 -6 50 34 108 "A"
2 3 20 34 109 "V"
2 -6 40 34 110 "R"
2 2 10 34 111 "F"
2 -6 40 34 112 "R"
2 2 10 34 113 "F"
2 2 40 34 114 "R"
2 -6 40 34 115 "R"
2 -3 10 34 116 "F"
2 -15 50 34 117 "A"
2 2 10 34 118 "F"
2 -6 40 34 119 "R"
2 3 50 34 120 "A"
2 -6 40 34 121 "R"
2 -6 50 34 122 "A"
2 -36 10 34 123 "F"
2 2 10 34 124 "F"
2 -12 40 34 125 "R"
2 -3 20 34 126 "V"
2 -3 10 34 127 "F"
2 1 50 34 128 "A"
2 -12 40 34 129 "R"
2 -12 50 34 130 "A"
2 4 10 34 131 "F"
2 1 50 34 132 "A"
2 -12 40 34 133 "R"
2 -6 50 34 134 "A"
2 -9 10 34 135 "F"
2 4 40 34 136 "R"
2 -12 40 34 137 "R"
2 1 50 34 138 "A"
2 4 40 34 139 "R"
2 -12 50 34 140 "A"
2 2 40 34 141 "R"
2 2 40 34 142 "R"
2 -6 40 34 143 "R"
2 -6 50 34 144 "A"
2 -9 20 34 145 "V"
2 1 50 34 146 "A"
2 2 40 34 147 "R"
2 -12 40 34 148 "R"
2 -6 40 34 149 "R"
2 4 10 34 150 "F"
2 -15 40 34 151 "R"
2 -3 10 34 152 "F"
2 3 50 34 153 "A"
2 -6 40 34 154 "R"
2 -9 10 34 155 "F"
2 -3 10 34 156 "F"
2 3 50 34 157 "A"
2 -6 40 34 158 "R"
2 -15 50 34 159 "A"
2 2 10 35 1 "F"
2 2 40 35 2 "R"
2 3 50 35 3 "A"
2 -6 40 35 4 "R"
2 -12 50 35 5 "A"
2 1 20 35 6 "V"
2 2 40 35 7 "R"
2 -6 40 35 8 "R"
2 -12 50 35 9 "A"
2 1 50 35 10 "A"
2 2 40 35 11 "R"
2 1 50 35 12 "A"
2 1 50 35 13 "A"
2 -6 50 35 14 "A"
2 -3 10 35 15 "F"
2 -3 20 35 16 "V"
2 -12 50 35 17 "A"
2 -3 10 35 18 "F"
2 -12 50 35 19 "A"
2 2 10 35 20 "F"
2 3 50 35 21 "A"
2 -12 50 35 22 "A"
2 -9 10 35 23 "F"
2 2 10 35 24 "F"
2 2 40 35 25 "R"
2 -12 40 35 26 "R"
2 1 20 35 27 "V"
2 -6 40 35 28 "R"
2 -36 10 35 29 "F"
2 3 20 35 30 "V"
2 -6 40 35 31 "R"
2 2 10 35 32 "F"
2 5 40 35 33 "R"
2 -12 50 35 34 "A"
2 -36 20 35 35 "V"
2 -6 40 35 36 "R"
2 4 10 35 37 "F"
2 1 50 35 38 "A"
2 -12 50 35 39 "A"
2 2 40 35 40 "R"
2 5 40 35 41 "R"
2 3 50 35 42 "A"
2 -12 40 35 43 "R"
2 1 50 35 44 "A"
2 -12 40 35 45 "R"
2 2 10 35 46 "F"
2 -15 40 35 47 "R"
2 2 10 35 48 "F"
2 3 50 35 49 "A"
2 1 50 35 50 "A"
2 -6 50 35 51 "A"
2 2 10 35 52 "F"
2 4 40 35 53 "R"
2 -6 40 35 54 "R"
2 12 50 35 55 "A"
2 -6 50 35 56 "A"
2 -9 10 35 57 "F"
2 2 10 35 58 "F"
2 4 40 35 59 "R"
2 -12 40 35 60 "R"
2 -3 10 35 61 "F"
2 -6 50 35 62 "A"
2 12 20 35 63 "V"
2 2 40 35 64 "R"
2 4 40 35 65 "R"
2 -6 40 35 66 "R"
2 1 50 35 67 "A"
2 2 40 35 68 "R"
2 -6 40 35 69 "R"
2 -3 10 35 70 "F"
2 1 50 35 71 "A"
2 -6 40 35 72 "R"
2 -9 10 35 73 "F"
2 4 10 35 74 "F"
2 5 40 35 75 "R"
2 1 50 35 76 "A"
2 -12 40 35 77 "R"
2 -3 10 35 78 "F"
2 3 50 35 79 "A"
2 -12 40 35 80 "R"
2 3 50 35 81 "A"
2 2 40 35 82 "R"
2 -6 40 35 83 "R"
2 -3 10 35 84 "F"
2 3 50 35 85 "A"
2 -6 40 35 86 "R"
2 3 50 35 87 "A"
2 -6 40 35 88 "R"
2 3 50 35 89 "A"
2 2 40 35 90 "R"
2 -12 40 35 91 "R"
2 -6 50 35 92 "A"
2 5 10 35 93 "F"
2 -6 50 35 94 "A"
2 -9 10 35 95 "F"
2 3 50 35 96 "A"
2 4 40 35 97 "R"
2 4 40 35 98 "R"
2 2 40 35 99 "R"
2 2 40 35 100 "R"
2 2 40 35 101 "R"
2 4 40 35 102 "R"
2 5 40 35 103 "R"
2 -12 40 35 104 "R"
2 5 10 35 105 "F"
2 -6 40 35 106 "R"
2 -3 10 35 107 "F"
2 -6 50 35 108 "A"
2 3 50 35 109 "A"
2 -6 40 35 110 "R"
2 1 20 35 111 "V"
2 -6 40 35 112 "R"
2 2 10 35 113 "F"
2 2 40 35 114 "R"
2 -6 40 35 115 "R"
2 -3 10 35 116 "F"
2 -15 50 35 117 "A"
2 2 40 35 118 "R"
2 -6 40 35 119 "R"
2 3 50 35 120 "A"
2 -6 40 35 121 "R"
2 -3 10 35 122 "F"
2 -36 20 35 123 "V"
2 1 50 35 124 "A"
2 -12 50 35 125 "A"
2 -3 20 35 126 "V"
2 -6 50 35 127 "A"
2 2 10 35 128 "F"
2 -12 40 35 129 "R"
2 -12 50 35 130 "A"
2 4 10 35 131 "F"
2 2 40 35 132 "R"
2 -12 40 35 133 "R"
2 -6 50 35 134 "A"
2 -9 10 35 135 "F"
2 4 10 35 136 "F"
2 -12 40 35 137 "R"
2 1 50 35 138 "A"
2 4 40 35 139 "R"
2 -12 50 35 140 "A"
2 2 40 35 141 "R"
2 2 40 35 142 "R"
2 -6 50 35 143 "A"
2 -3 10 35 144 "F"
2 -12 50 35 145 "A"
2 -6 50 36 1 "A"
2 2 10 36 2 "F"
2 2 40 36 3 "R"
2 -6 50 36 4 "A"
2 -12 40 36 5 "R"
2 2 10 36 6 "F"
2 -12 40 36 7 "R"
2 -3 10 36 8 "F"
2 -12 50 36 9 "A"
2 4 10 36 10 "F"
2 -6 40 36 11 "R"
2 1 50 36 12 "A"
2 -12 40 36 13 "R"
2 -6 50 36 14 "A"
2 4 40 36 15 "R"
2 2 40 36 16 "R"
2 2 40 36 17 "R"
2 1 50 36 18 "A"
2 -12 40 36 19 "R"
2 -3 10 36 20 "F"
2 1 50 36 21 "A"
2 2 40 36 22 "R"
2 3 50 36 23 "A"
2 -12 40 36 24 "R"
2 4 10 36 25 "F"
2 2 40 36 26 "R"
2 5 40 36 27 "R"
2 -6 40 36 28 "R"
2 3 50 36 29 "A"
2 -6 40 36 30 "R"
2 -15 50 36 31 "A"
2 -3 20 36 32 "V"
2 -12 50 36 33 "A"
2 1 20 36 34 "V"
2 -12 40 36 35 "R"
2 -3 10 36 36 "F"
2 -12 50 36 37 "A"
2 -3 10 36 38 "F"
2 -6 50 36 39 "A"
2 2 40 36 40 "R"
2 -6 40 36 41 "R"
2 2 10 36 42 "F"
2 -15 40 36 43 "R"
2 3 50 36 44 "A"
2 -6 40 36 45 "R"
2 -9 10 36 46 "F"
2 1 50 36 47 "A"
2 2 40 36 48 "R"
2 -6 40 36 49 "R"
2 1 50 36 50 "A"
2 -12 40 36 51 "R"
2 2 10 36 52 "F"
2 2 40 36 53 "R"
2 1 50 36 54 "A"
2 2 40 36 55 "R"
2 1 50 36 56 "A"
2 2 40 36 57 "R"
2 3 50 36 58 "A"
2 -12 40 36 59 "R"
2 -240 10 36 60 "F"
2 -9 10 36 61 "F"
2 3 50 36 62 "A"
2 -12 50 36 63 "A"
2 -3 10 36 64 "F"
2 1 50 36 65 "A"
2 2 40 36 66 "R"
2 -6 40 36 67 "R"
2 -6 50 36 68 "A"
2 -3 10 36 69 "F"
2 1 50 36 70 "A"
2 5 40 36 71 "R"
2 3 50 36 72 "A"
2 -12 40 36 73 "R"
2 -3 10 36 74 "F"
2 12 50 36 75 "A"
2 -6 40 36 76 "R"
2 -6 50 36 77 "A"
2 -3 10 36 78 "F"
2 1 50 36 79 "A"
2 2 40 36 80 "R"
2 -6 40 36 81 "R"
2 -12 50 36 82 "A"
2 4 40 36 83 "R"
2 2 40 36 84 "R"
2 -6 50 36 85 "A"
2 -3 20 36 86 "V"
2 -15 50 36 87 "A"
2 -3 10 36 88 "F"
2 -12 50 36 89 "A"
2 -3 10 36 90 "F"
2 -12 50 36 91 "A"
2 2 10 36 92 "F"
2 2 40 36 93 "R"
2 -12 50 36 94 "A"
2 -12 40 36 95 "R"
2 2 10 36 96 "F"
2 -12 40 36 97 "R"
2 2 10 36 98 "F"
2 4 40 36 99 "R"
2 1 50 36 100 "A"
2 5 40 36 101 "R"
2 2 40 36 102 "R"
2 2 40 36 103 "R"
2 -6 50 36 104 "A"
2 1 50 36 105 "A"
2 -6 40 36 106 "R"
2 -6 50 36 107 "A"
2 -3 10 36 108 "F"
2 3 50 36 109 "A"
2 -12 40 36 110 "R"
2 5 10 36 111 "F"
2 -12 50 36 112 "A"
2 3 50 36 113 "A"
2 -15 40 36 114 "R"
2 4 10 36 115 "F"
2 2 40 36 116 "R"
2 -6 50 36 117 "A"
2 4 10 36 118 "F"
2 -15 40 36 119 "R"
2 2 10 36 120 "F"
2 5 40 36 121 "R"
2 1 50 36 122 "A"
2 -6 40 36 123 "R"
2 1 50 36 124 "A"
2 -12 40 36 125 "R"
2 3 20 37 1 "V"
2 -6 50 37 2 "A"
2 -12 50 37 3 "A"
2 -12 50 37 4 "A"
2 3 50 37 5 "A"
2 2 40 37 6 "R"
2 3 50 37 7 "A"
2 -6 50 37 8 "A"
2 3 50 37 9 "A"
2 1 50 37 10 "A"
2 -12 50 37 11 "A"
2 1 50 37 12 "A"
2 3 50 37 13 "A"
2 -6 50 37 14 "A"
2 -36 10 37 15 "F"
2 1 20 37 16 "V"
2 -6 40 37 17 "R"
2 -12 40 37 18 "R"
2 -12 50 37 19 "A"
2 -6 50 37 20 "A"
2 2 40 37 21 "R"
2 1 50 37 22 "A"
2 12 50 37 23 "A"
2 1 50 37 24 "A"
2 1 50 37 25 "A"
2 1 50 37 26 "A"
2 2 40 37 27 "R"
2 -6 50 37 28 "A"
2 1 50 37 29 "A"
2 -12 50 37 30 "A"
2 3 20 37 31 "V"
2 -6 50 37 32 "A"
2 -12 50 37 33 "A"
2 1 50 37 34 "A"
2 -15 50 37 35 "A"
2 -3 10 37 36 "F"
2 3 50 37 37 "A"
2 -6 50 37 38 "A"
2 -9 10 37 39 "F"
2 -3 10 37 40 "F"
2 -6 50 37 41 "A"
2 2 10 37 42 "F"
2 4 40 37 43 "R"
2 -6 40 37 44 "R"
2 -36 10 37 45 "F"
2 2 10 37 46 "F"
2 -15 40 37 47 "R"
2 -6 50 37 48 "A"
2 -9 10 37 49 "F"
2 -6 50 37 50 "A"
2 -9 10 37 51 "F"
2 1 50 37 52 "A"
2 4 40 37 53 "R"
2 3 50 37 54 "A"
2 -6 50 37 55 "A"
2 -3 20 37 56 "V"
2 -12 50 37 57 "A"
2 1 50 37 58 "A"
2 3 50 37 59 "A"
2 1 50 37 60 "A"
2 -6 40 37 61 "R"
2 2 10 37 62 "F"
2 3 50 37 63 "A"
2 -15 50 37 64 "A"
2 -9 10 37 65 "F"
2 -6 50 37 66 "A"
2 -3 10 37 67 "F"
2 -6 50 37 68 "A"
2 -3 10 37 69 "F"
2 -6 50 37 70 "A"
2 -36 10 37 71 "F"
2 -6 50 37 72 "A"
2 -9 10 37 73 "F"
2 -3 10 37 74 "F"
2 -12 50 37 75 "A"
2 -6 50 37 76 "A"
2 -9 20 37 77 "V"
2 -6 50 37 78 "A"
2 5 10 37 79 "F"
2 -12 50 37 80 "A"
2 3 20 37 81 "V"
2 4 40 37 82 "R"
2 -6 50 37 83 "A"
2 2 10 37 84 "F"
2 -6 50 37 85 "A"
2 2 10 37 86 "F"
2 -12 50 37 87 "A"
2 2 10 37 88 "F"
2 -12 40 37 89 "R"
2 1 50 37 90 "A"
2 -12 50 37 91 "A"
2 1 50 37 92 "A"
2 3 50 37 93 "A"
2 1 50 37 94 "A"
2 -6 50 37 95 "A"
2 -12 50 37 96 "A"
2 1 50 37 97 "A"
2 1 50 37 98 "A"
2 1 50 37 99 "A"
2 -6 50 37 100 "A"
2 2 10 37 101 "F"
2 3 50 37 102 "A"
2 3 50 37 103 "A"
2 -6 50 37 104 "A"
2 2 10 37 105 "F"
2 -6 50 37 106 "A"
2 4 10 37 107 "F"
2 -6 40 37 108 "R"
2 2 10 37 109 "F"
2 -6 40 37 110 "R"
2 -12 40 37 111 "R"
2 4 10 37 112 "F"
2 4 40 37 113 "R"
2 1 50 37 114 "A"
2 1 50 37 115 "A"
2 -6 50 37 116 "A"
2 1 20 37 117 "V"
2 1 50 37 118 "A"
2 -12 50 37 119 "A"
2 1 50 37 120 "A"
2 12 50 37 121 "A"
2 1 50 37 122 "A"
2 -6 40 37 123 "R"
2 2 10 37 124 "F"
2 2 40 37 125 "R"
2 1 50 37 126 "A"
2 -12 50 37 127 "A"
2 1 50 37 128 "A"
2 -12 50 37 129 "A"
2 1 50 37 130 "A"
2 -12 50 37 131 "A"
2 -6 50 37 132 "A"
2 4 10 37 133 "F"
2 -6 40 37 134 "R"
2 4 10 37 135 "F"
2 -6 40 37 136 "R"
2 -6 40 37 137 "R"
2 -6 50 37 138 "A"
2 1 20 37 139 "V"
2 -6 40 37 140 "R"
2 2 10 37 141 "F"
2 -6 50 37 142 "A"
2 4 10 37 143 "F"
2 1 50 37 144 "A"
2 -12 50 37 145 "A"
2 1 50 37 146 "A"
2 -12 50 37 147 "A"
2 -6 50 38 1 "A"
2 1 50 38 2 "A"
2 -12 50 38 3 "A"
2 -6 50 38 4 "A"
2 -9 20 38 5 "V"
2 -6 50 38 6 "A"
2 -3 10 38 7 "F"
2 1 50 38 8 "A"
2 -12 40 38 9 "R"
2 -240 10 38 10 "F"
2 3 50 38 11 "A"
2 -6 50 38 12 "A"
2 5 10 38 13 "F"
2 1 50 38 14 "A"
2 -12 40 38 15 "R"
2 -3 20 38 16 "V"
2 -12 50 38 17 "A"
2 1 50 38 18 "A"
2 -15 50 38 19 "A"
2 -3 10 38 20 "F"
2 3 50 38 21 "A"
2 -6 50 38 22 "A"
2 5 10 38 23 "F"
2 2 40 38 24 "R"
2 -12 50 38 25 "A"
2 2 10 38 26 "F"
2 -6 40 38 27 "R"
2 1 50 38 28 "A"
2 -12 40 38 29 "R"
2 -6 40 38 30 "R"
2 4 10 38 31 "F"
2 4 40 38 32 "R"
2 -6 40 38 33 "R"
2 -6 50 38 34 "A"
2 -9 10 38 35 "F"
2 1 50 38 36 "A"
2 4 40 38 37 "R"
2 -6 50 38 38 "A"
2 -36 10 38 39 "F"
2 1 50 38 40 "A"
2 -12 40 38 41 "R"
2 2 10 38 42 "F"
2 2 40 38 43 "R"
2 -6 50 38 44 "A"
2 4 10 38 45 "F"
2 1 50 38 46 "A"
2 2 40 38 47 "R"
2 3 50 38 48 "A"
2 -15 40 38 49 "R"
2 -9 10 38 50 "F"
2 3 50 38 51 "A"
2 1 50 38 52 "A"
2 -15 40 38 53 "R"
2 -6 50 38 54 "A"
2 -3 10 38 55 "F"
2 1 50 38 56 "A"
2 2 40 38 57 "R"
2 1 50 38 58 "A"
2 4 40 38 59 "R"
2 1 50 38 60 "A"
2 -6 40 38 61 "R"
2 2 10 38 62 "F"
2 4 40 38 63 "R"
2 -6 40 38 64 "R"
2 -3 10 38 65 "F"
2 1 50 38 66 "A"
2 4 40 38 67 "R"
2 -6 50 38 68 "A"
2 5 10 38 69 "F"
2 4 40 38 70 "R"
2 -6 50 38 71 "A"
2 -3 10 38 72 "F"
2 -6 50 38 73 "A"
2 2 10 38 74 "F"
2 5 40 38 75 "R"
2 -6 40 38 76 "R"
2 -9 10 38 77 "F"
2 2 10 38 78 "F"
2 -12 40 38 79 "R"
2 -6 40 38 80 "R"
2 -3 10 38 81 "F"
2 -12 50 38 82 "A"
2 3 50 38 83 "A"
2 -6 40 38 84 "R"
2 2 10 38 85 "F"
2 -6 40 38 86 "R"
2 1 50 38 87 "A"
2 -15 40 38 88 "R"
2 -6 50 38 89 "A"
2 4 10 38 90 "F"
2 4 40 38 91 "R"
2 1 50 38 92 "A"
2 4 40 38 93 "R"
2 1 50 38 94 "A"
2 -12 40 38 95 "R"
2 1 50 38 96 "A"
2 -6 50 38 97 "A"
2 2 10 38 98 "F"
2 -6 40 38 99 "R"
2 1 20 38 100 "V"
2 4 40 38 101 "R"
2 1 50 38 102 "A"
2 5 40 38 103 "R"
2 1 50 38 104 "A"
2 5 40 38 105 "R"
2 -6 50 38 106 "A"
2 -3 10 38 107 "F"
2 -6 50 38 108 "A"
2 -36 10 38 109 "F"
2 1 20 38 110 "V"
2 -12 40 38 111 "R"
2 -3 10 38 112 "F"
2 -6 50 38 113 "A"
2 2 10 38 114 "F"
2 2 40 38 115 "R"
2 -6 50 38 116 "A"
2 4 10 38 117 "F"
2 2 40 38 118 "R"
2 -12 50 38 119 "A"
2 -6 50 38 120 "A"
2 -3 20 38 121 "V"
2 2 10 38 122 "F"
2 -12 40 38 123 "R"
2 2 40 38 124 "R"
2 -6 40 38 125 "R"
2 2 10 38 126 "F"
2 3 50 38 127 "A"
2 1 50 38 128 "A"
2 -12 40 38 129 "R"
2 -6 40 38 130 "R"
2 -9 10 38 131 "F"
2 1 50 39 1 "A"
2 -6 40 39 2 "R"
2 3 50 39 3 "A"
2 4 40 39 4 "R"
2 5 40 39 5 "R"
2 -6 40 39 6 "R"
2 4 10 39 7 "F"
2 -6 40 39 8 "R"
2 3 50 39 9 "A"
2 2 40 39 10 "R"
2 -12 50 39 11 "A"
2 1 50 39 12 "A"
2 4 40 39 13 "R"
2 -6 50 39 14 "A"
2 -3 10 39 15 "F"
2 -6 50 39 16 "A"
2 -9 10 39 17 "F"
2 -3 20 39 18 "V"
2 -6 50 39 19 "A"
2 4 10 39 20 "F"
2 -15 40 39 21 "R"
2 -3 10 39 22 "F"
2 -6 50 39 23 "A"
2 12 20 39 24 "V"
2 3 50 39 25 "A"
2 1 50 39 26 "A"
2 3 50 39 27 "A"
2 -6 50 39 28 "A"
2 2 10 39 29 "F"
2 1 50 39 30 "A"
2 -12 50 39 31 "A"
2 -6 50 39 32 "A"
2 4 10 39 33 "F"
2 -12 50 39 34 "A"
2 1 50 39 35 "A"
2 2 40 39 36 "R"
2 -12 50 39 37 "A"
2 -6 50 39 38 "A"
2 -9 20 39 39 "V"
2 1 50 39 40 "A"
2 -12 40 39 41 "R"
2 -3 10 39 42 "F"
2 -12 50 39 43 "A"
2 1 50 39 44 "A"
2 2 40 39 45 "R"
2 -6 50 39 46 "A"
2 -15 40 39 47 "R"
2 1 50 39 48 "A"
2 1 50 39 49 "A"
2 -6 50 39 50 "A"
2 -3 10 39 51 "F"
2 -12 50 39 52 "A"
2 4 10 39 53 "F"
2 -6 50 39 54 "A"
2 -9 10 39 55 "F"
2 -9 10 39 56 "F"
2 -9 20 39 57 "V"
2 2 10 39 58 "F"
2 -6 50 39 59 "A"
2 2 10 39 60 "F"
2 -6 40 39 61 "R"
2 -6 50 39 62 "A"
2 3 50 39 63 "A"
2 -6 50 39 64 "A"
2 4 10 39 65 "F"
2 1 50 39 66 "A"
2 -6 50 39 67 "A"
2 4 10 39 68 "F"
2 -12 40 39 69 "R"
2 2 10 39 70 "F"
2 4 40 39 71 "R"
2 -6 50 39 72 "A"
2 4 10 39 73 "F"
2 2 40 39 74 "R"
2 3 50 39 75 "A"
2 -12 40 39 76 "R"
2 -9 20 39 77 "V"
2 2 10 39 78 "F"
2 1 50 39 79 "A"
2 2 40 39 80 "R"
2 -12 50 39 81 "A"
2 -6 40 39 82 "R"
2 -9 10 39 83 "F"
2 -3 10 39 84 "F"
2 -12 50 39 85 "A"
2 -9 10 39 86 "F"
2 -3 10 39 87 "F"
2 4 40 39 88 "R"
2 12 50 39 89 "A"
2 2 40 39 90 "R"
2 1 50 39 91 "A"
2 -6 40 39 92 "R"
2 -9 10 39 93 "F"
2 2 40 39 94 "R"
2 1 50 39 95 "A"
2 -6 40 39 96 "R"
2 3 50 39 97 "A"
2 2 40 39 98 "R"
2 3 50 39 99 "A"
2 2 40 39 100 "R"
2 -15 50 39 101 "A"
2 1 20 39 102 "V"
2 4 40 39 103 "R"
2 -6 50 39 104 "A"
2 4 10 39 105 "F"
2 -6 40 39 106 "R"
2 -9 10 39 107 "F"
2 2 10 39 108 "F"
2 4 40 39 109 "R"
2 1 50 39 110 "A"
2 -6 40 39 111 "R"
2 -9 10 39 112 "F"
2 -3 10 39 113 "F"
2 -6 50 39 114 "A"
2 4 10 39 115 "F"
2 2 40 39 116 "R"
2 3 50 39 117 "A"
2 4 40 39 118 "R"
2 -12 50 39 119 "A"
2 2 40 39 120 "R"
2 3 50 39 121 "A"
2 -6 50 39 122 "A"
2 -9 10 39 123 "F"
2 -6 50 39 124 "A"
2 -36 10 39 125 "F"
2 -6 50 39 126 "A"
2 -3 10 39 127 "F"
2 -6 50 39 128 "A"
2 -3 10 39 129 "F"
2 1 50 39 130 "A"
2 4 40 39 131 "R"
2 -6 50 39 132 "A"
2 -3 10 39 133 "F"
2 -15 50 39 134 "A"
2 3 50 39 135 "A"
2 1 50 39 136 "A"
2 -6 50 39 137 "A"
2 -3 10 39 138 "F"
2 5 10 39 139 "F"
2 2 40 39 140 "R"
2 -6 50 39 141 "A"
2 2 10 39 142 "F"
2 2 40 39 143 "R"
2 -6 50 39 144 "A"
2 5 10 39 145 "F"
2 -6 40 39 146 "R"
2 -9 10 39 147 "F"
2 1 20 39 148 "V"
2 -6 40 39 149 "R"
2 -3 10 39 150 "F"
2 12 50 39 151 "A"
2 1 50 39 152 "A"
2 3 50 39 153 "A"
2 2 40 39 154 "R"
2 -6 40 39 155 "R"
2 2 10 39 156 "F"
2 4 40 39 157 "R"
2 -6 40 39 158 "R"
2 4 10 39 159 "F"
2 -3 20 40 1 "V"
2 1 50 40 2 "A"
2 -9 20 40 3 "V"
2 -6 50 40 4 "A"
2 -9 10 40 5 "F"
2 -6 50 40 6 "A"
2 -3 20 40 7 "V"
2 1 50 40 8 "A"
2 -12 40 40 9 "R"
2 -6 50 40 10 "A"
2 4 10 40 11 "F"
2 -6 50 40 12 "A"
2 5 10 40 13 "F"
2 1 50 40 14 "A"
2 -12 50 40 15 "A"
2 -6 50 40 16 "A"
2 -9 10 40 17 "F"
2 1 50 40 18 "A"
2 -15 40 40 19 "R"
2 -3 10 40 20 "F"
2 4 10 40 21 "F"
2 -6 50 40 22 "A"
2 5 10 40 23 "F"
2 2 40 40 24 "R"
2 -12 50 40 25 "A"
2 2 10 40 26 "F"
2 -6 40 40 27 "R"
2 2 10 40 28 "F"
2 -12 50 40 29 "A"
2 -3 10 40 30 "F"
2 3 50 40 31 "A"
2 3 50 40 32 "A"
2 -6 50 40 33 "A"
2 -3 10 40 34 "F"
2 -12 50 40 35 "A"
2 1 50 40 36 "A"
2 4 40 40 37 "R"
2 -6 50 40 38 "A"
2 -36 20 40 39 "V"
2 2 40 40 40 "R"
2 -12 50 40 41 "A"
2 1 50 40 42 "A"
2 2 40 40 43 "R"
2 -6 50 40 44 "A"
2 4 10 40 45 "F"
2 2 40 40 46 "R"
2 2 40 40 47 "R"
2 3 50 40 48 "A"
2 -15 40 40 49 "R"
2 -12 50 40 50 "A"
2 4 10 40 51 "F"
2 2 40 40 52 "R"
2 -15 40 40 53 "R"
2 -3 10 40 54 "F"
2 -6 50 40 55 "A"
2 2 10 40 56 "F"
2 1 50 40 57 "A"
2 1 50 40 58 "A"
2 4 40 40 59 "R"
2 1 50 40 60 "A"
2 -6 40 40 61 "R"
2 1 50 40 62 "A"
2 4 40 40 63 "R"
2 -6 50 40 64 "A"
2 -3 10 40 65 "F"
2 1 50 40 66 "A"
2 4 40 40 67 "R"
2 -6 50 40 68 "A"
2 5 10 40 69 "F"
2 4 40 40 70 "R"
2 -6 40 40 71 "R"
2 -6 50 40 72 "A"
2 -3 10 40 73 "F"
2 1 50 40 74 "A"
2 12 50 40 75 "A"
2 -6 50 40 76 "A"
2 -9 10 40 77 "F"
2 1 50 40 78 "A"
2 -12 50 40 79 "A"
2 -6 50 40 80 "A"
2 -3 20 40 81 "V"
2 -12 50 40 82 "A"
2 4 40 40 83 "R"
2 -6 50 40 84 "A"
2 2 10 40 85 "F"
2 -6 40 40 86 "R"
2 2 10 40 87 "F"
2 -15 40 40 88 "R"
2 -3 10 40 89 "F"
2 3 50 40 90 "A"
2 3 50 40 91 "A"
2 1 50 40 92 "A"
2 3 50 40 93 "A"
2 1 50 40 94 "A"
2 -12 40 40 95 "R"
2 1 50 40 96 "A"
2 -6 40 40 97 "R"
2 1 50 40 98 "A"
2 -6 40 40 99 "R"
2 1 50 40 100 "A"
2 4 40 40 101 "R"
2 1 50 40 102 "A"
2 12 50 40 103 "A"
2 1 50 40 104 "A"
2 5 40 40 105 "R"
2 -6 50 40 106 "A"
2 -3 10 40 107 "F"
2 -6 50 40 108 "A"
2 -36 10 40 109 "F"
2 1 50 40 110 "A"
2 -12 50 40 111 "A"
2 -6 40 40 112 "R"
2 -3 10 40 113 "F"
2 1 50 40 114 "A"
2 1 50 40 115 "A"
2 -6 50 40 116 "A"
2 4 10 40 117 "F"
2 1 50 40 118 "A"
2 -12 50 40 119 "A"
2 -6 50 40 120 "A"
2 -3 10 40 121 "F"
2 1 50 40 122 "A"
2 -12 40 40 123 "R"
2 1 20 40 124 "V"
2 -6 40 40 125 "R"
2 2 10 40 126 "F"
2 4 40 40 127 "R"
2 1 50 40 128 "A"
2 -12 40 40 129 "R"
2 -6 40 40 130 "R"
2 -9 10 40 131 "F"
2 1 20 40 132 "V"
2 -12 50 40 133 "A"
2 -3 20 40 134 "V"
2 -6 50 40 135 "A"
2 -3 10 40 136 "F"
2 3 50 40 137 "A"
2 1 50 40 138 "A"
2 -6 50 40 139 "A"
2 -3 10 40 140 "F"
2 3 50 40 141 "A"
2 3 50 40 142 "A"
2 3 50 40 143 "A"
2 1 50 40 144 "A"
2 -12 40 40 145 "R"
2 4 40 40 146 "R"
2 1 50 40 147 "A"
2 1 50 40 148 "A"
2 -15 50 40 149 "A"
2 -6 50 40 150 "A"
2 1 20 40 151 "V"
2 -3 20 40 152 "V"
2 -3 20 40 153 "V"
2 -6 50 40 154 "A"
2 2 10 40 155 "F"
2 -6 50 40 156 "A"
2 -12 50 41 1 "A"
2 2 10 41 2 "F"
2 -6 40 41 3 "R"
2 -12 50 41 4 "A"
2 -3 20 41 5 "V"
2 -6 50 41 6 "A"
2 -36 10 41 7 "F"
2 1 50 41 8 "A"
2 4 40 41 9 "R"
2 1 50 41 10 "A"
2 -12 50 41 11 "A"
2 3 50 41 12 "A"
2 3 50 41 13 "A"
2 1 50 41 14 "A"
2 2 40 41 15 "R"
2 3 50 41 16 "A"
2 -12 40 41 17 "R"
2 -6 40 41 18 "R"
2 5 10 41 19 "F"
2 -12 40 41 20 "R"
2 2 10 41 21 "F"
2 1 20 41 22 "V"
2 -6 50 41 23 "A"
2 4 10 41 24 "F"
2 4 40 41 25 "R"
2 1 50 41 26 "A"
2 -15 40 41 27 "R"
2 -6 40 41 28 "R"
2 -12 50 41 29 "A"
2 -6 50 41 30 "A"
2 -9 10 41 31 "F"
2 1 50 41 32 "A"
2 -12 40 41 33 "R"
2 2 10 41 34 "F"
2 -6 50 41 35 "A"
2 2 10 41 36 "F"
2 -12 40 41 37 "R"
2 -12 50 41 38 "A"
2 1 50 41 39 "A"
2 1 50 41 40 "A"
2 -12 50 41 41 "A"
2 -6 50 41 42 "A"
2 -9 10 41 43 "F"
2 -12 50 41 44 "A"
2 -12 50 41 45 "A"
2 2 40 41 46 "R"
2 3 50 41 47 "A"
2 4 40 41 48 "R"
2 1 50 41 49 "A"
2 2 40 41 50 "R"
2 -12 40 41 51 "R"
2 -6 50 41 52 "A"
2 2 10 41 53 "F"
2 -6 40 41 54 "R"
2 -6 50 41 55 "A"
2 2 10 41 56 "F"
2 -12 40 41 57 "R"
2 1 50 41 58 "A"
2 -12 50 41 59 "A"
2 -240 10 41 60 "F"
2 -12 50 41 61 "A"
2 4 10 41 62 "F"
2 4 40 41 63 "R"
2 1 50 41 64 "A"
2 1 50 41 65 "A"
2 1 50 41 66 "A"
2 2 40 41 67 "R"
2 -6 50 41 68 "A"
2 -3 10 41 69 "F"
2 2 10 41 70 "F"
2 -6 40 41 71 "R"
2 2 10 41 72 "F"
2 -12 50 41 73 "A"
2 4 10 41 74 "F"
2 -15 50 41 75 "A"
2 -9 10 41 76 "F"
2 -15 50 41 77 "A"
2 -6 50 41 78 "A"
2 2 10 41 79 "F"
2 2 40 41 80 "R"
2 -12 50 41 81 "A"
2 -6 50 41 82 "A"
2 2 10 41 83 "F"
2 -3 20 41 84 "V"
2 -9 10 41 85 "F"
2 1 50 41 86 "A"
2 -15 40 41 87 "R"
2 2 10 41 88 "F"
2 -3 20 41 89 "V"
2 1 50 41 90 "A"
2 -6 50 41 91 "A"
2 -3 10 41 92 "F"
2 -12 50 41 93 "A"
2 -6 50 41 94 "A"
2 5 10 41 95 "F"
2 -12 40 41 96 "R"
2 -6 50 41 97 "A"
2 1 20 41 98 "V"
2 4 40 41 99 "R"
2 -6 50 41 100 "A"
2 4 10 41 101 "F"
2 2 40 41 102 "R"
2 1 50 41 103 "A"
2 2 40 41 104 "R"
2 12 50 41 105 "A"
2 -6 50 41 106 "A"
2 4 10 41 107 "F"
2 -6 40 41 108 "R"
2 4 10 41 109 "F"
2 -6 40 41 110 "R"
2 -3 10 41 111 "F"
2 -3 10 41 112 "F"
2 12 50 41 113 "A"
2 2 40 41 114 "R"
2 -15 40 41 115 "R"
2 1 50 41 116 "A"
2 4 40 41 117 "R"
2 -6 50 41 118 "A"
2 4 10 41 119 "F"
