"rat" "reward" "trou" "session" "round" "choice"
4 -12 50 1 1 "A"
4 2 10 1 2 "R"
4 -6 10 1 3 "R"
4 -12 50 1 4 "A"
4 -3 20 1 5 "F"
4 -6 10 1 6 "R"
4 -15 50 1 7 "A"
4 2 10 1 8 "R"
4 3 50 1 9 "A"
4 1 50 1 10 "A"
4 -12 10 1 11 "R"
4 4 20 1 12 "F"
4 4 10 1 13 "R"
4 1 50 1 14 "A"
4 1 50 1 15 "A"
4 3 50 1 16 "A"
4 -12 50 1 17 "A"
4 -6 10 1 18 "R"
4 12 50 1 19 "A"
4 -12 50 1 20 "A"
4 2 10 1 21 "R"
4 1 50 1 22 "A"
4 -6 50 1 23 "A"
4 4 10 1 24 "R"
4 3 50 1 25 "A"
4 1 50 1 26 "A"
4 -15 10 1 27 "R"
4 -6 10 1 28 "R"
4 -12 10 1 29 "R"
4 -6 10 1 30 "R"
4 -12 10 1 31 "R"
4 1 50 1 32 "A"
4 -12 50 1 33 "A"
4 2 10 1 34 "R"
4 -6 50 1 35 "A"
4 2 10 1 36 "R"
4 -12 50 1 37 "A"
4 -12 50 1 38 "A"
4 1 50 1 39 "A"
4 1 50 1 40 "A"
4 -12 10 1 41 "R"
4 -6 50 1 42 "A"
4 -12 10 1 43 "R"
4 -12 10 1 44 "R"
4 -12 50 1 45 "A"
4 2 10 1 46 "R"
4 3 50 1 47 "A"
4 3 50 1 48 "A"
4 1 50 1 49 "A"
4 1 50 1 50 "A"
4 -12 50 1 51 "A"
4 -6 10 1 52 "R"
4 2 10 1 53 "R"
4 -6 50 1 54 "A"
4 -6 50 1 55 "A"
4 2 10 1 56 "R"
4 -12 10 1 57 "R"
4 2 10 1 58 "R"
4 -12 10 1 59 "R"
4 2 10 1 60 "R"
4 -12 50 1 61 "A"
4 4 10 1 62 "R"
4 3 50 1 63 "A"
4 1 50 1 64 "A"
4 2 10 1 65 "R"
4 1 50 1 66 "A"
4 1 50 1 67 "A"
4 -6 10 1 68 "R"
4 -6 50 1 69 "A"
4 2 10 1 70 "R"
4 -6 10 1 71 "R"
4 1 50 1 72 "A"
4 -12 50 1 73 "A"
4 3 50 1 74 "A"
4 -15 50 1 75 "A"
4 -12 50 1 76 "A"
4 -15 10 1 77 "R"
4 -6 50 1 78 "A"
4 2 10 1 79 "R"
4 1 50 1 80 "A"
4 -12 50 1 81 "A"
4 -6 10 1 82 "R"
4 2 10 1 83 "R"
4 -6 50 1 84 "A"
4 -12 10 1 85 "R"
4 2 10 1 86 "R"
4 -15 10 1 87 "R"
4 1 50 1 88 "A"
4 -6 10 1 89 "R"
4 1 50 1 90 "A"
4 -6 10 1 91 "R"
4 -6 10 1 92 "R"
4 -12 10 1 93 "R"
4 -6 10 1 94 "R"
4 5 10 1 95 "R"
4 -12 50 1 96 "A"
4 -6 10 1 97 "R"
4 2 10 1 98 "R"
4 4 10 1 99 "R"
4 -6 50 1 100 "A"
4 4 10 1 101 "R"
4 1 50 1 102 "A"
4 1 50 1 103 "A"
4 2 10 1 104 "R"
4 12 50 1 105 "A"
4 -6 50 1 106 "A"
4 4 10 1 107 "R"
4 -6 10 1 108 "R"
4 4 20 1 109 "F"
4 -6 50 1 110 "A"
4 -6 10 1 111 "R"
4 -6 10 1 112 "R"
4 12 50 1 113 "A"
4 1 50 1 114 "A"
4 -15 50 1 115 "A"
4 2 10 1 116 "R"
4 3 50 1 117 "A"
4 -6 50 1 118 "A"
4 4 10 1 119 "R"
4 -6 10 1 120 "R"
4 1 50 1 121 "A"
4 2 10 1 122 "R"
4 -6 50 1 123 "A"
4 -6 10 1 124 "R"
4 -12 10 1 125 "R"
4 -6 50 1 126 "A"
4 -15 10 1 127 "R"
4 -6 10 1 128 "R"
4 -6 50 1 129 "A"
4 -6 50 1 130 "A"
4 -12 10 1 131 "R"
4 -6 50 1 132 "A"
4 -12 10 1 133 "R"
4 -6 50 1 134 "A"
4 -12 10 1 135 "R"
4 2 10 1 136 "R"
4 12 50 1 137 "A"
4 -3 40 2 1 "V"
4 2 20 2 2 "F"
4 5 10 2 3 "R"
4 -6 50 2 4 "A"
4 -12 10 2 5 "R"
4 -6 10 2 6 "R"
4 -12 10 2 7 "R"
4 -3 40 2 8 "V"
4 5 10 2 9 "R"
4 80 50 2 10 "A"
4 3 50 2 11 "A"
4 1 50 2 12 "A"
4 4 10 2 13 "R"
4 -6 10 2 14 "R"
4 -12 50 2 15 "A"
4 1 50 2 16 "A"
4 -15 10 2 17 "R"
4 1 50 2 18 "A"
4 4 10 2 19 "R"
4 -6 50 2 20 "A"
4 -36 40 2 21 "V"
4 -12 50 2 22 "A"
4 4 10 2 23 "R"
4 -6 50 2 24 "A"
4 12 50 2 25 "A"
4 -12 50 2 26 "A"
4 4 10 2 27 "R"
4 -6 50 2 28 "A"
4 4 10 2 29 "R"
4 2 10 2 30 "R"
4 -12 10 2 31 "R"
4 -6 10 2 32 "R"
4 -12 10 2 33 "R"
4 1 50 2 34 "A"
4 5 10 2 35 "R"
4 3 50 2 36 "A"
4 4 10 2 37 "R"
4 -6 50 2 38 "A"
4 4 10 2 39 "R"
4 2 10 2 40 "R"
4 12 50 2 41 "A"
4 1 50 2 42 "A"
4 1 50 2 43 "A"
4 2 10 2 44 "R"
4 -6 10 2 45 "R"
4 -6 50 2 46 "A"
4 -6 10 2 47 "R"
4 2 10 2 48 "R"
4 -15 50 2 49 "A"
4 1 50 2 50 "A"
4 2 10 2 51 "R"
4 2 10 2 52 "R"
4 3 50 2 53 "A"
4 1 50 2 54 "A"
4 2 10 2 55 "R"
4 -12 50 2 56 "A"
4 2 10 2 57 "R"
4 3 50 2 58 "A"
4 -6 50 2 59 "A"
4 -6 50 2 60 "A"
4 -12 10 2 61 "R"
4 -6 10 2 62 "R"
4 1 50 2 63 "A"
4 -6 50 2 64 "A"
4 3 50 2 65 "A"
4 2 10 2 66 "R"
4 -12 10 2 67 "R"
4 2 10 2 68 "R"
4 -12 50 2 69 "A"
4 1 50 2 70 "A"
4 -6 10 2 71 "R"
4 1 50 2 72 "A"
4 4 10 2 73 "R"
4 -12 10 2 74 "R"
4 -9 40 2 75 "V"
4 -6 50 2 76 "A"
4 -12 10 2 77 "R"
4 -6 50 2 78 "A"
4 -12 10 2 79 "R"
4 -6 50 2 80 "A"
4 -12 10 2 81 "R"
4 -6 50 2 82 "A"
4 4 10 2 83 "R"
4 -6 10 2 84 "R"
4 -6 50 2 85 "A"
4 -12 10 2 86 "R"
4 -6 10 2 87 "R"
4 -3 40 2 88 "V"
4 -15 10 2 89 "R"
4 1 50 2 90 "A"
4 -15 50 2 91 "A"
4 1 40 2 92 "V"
4 -6 50 2 93 "A"
4 3 50 2 94 "A"
4 -12 10 2 95 "R"
4 2 10 2 96 "R"
4 3 50 2 97 "A"
4 -6 50 2 98 "A"
4 -3 20 2 99 "F"
4 -6 50 2 100 "A"
4 1 50 2 101 "A"
4 1 50 2 102 "A"
4 -12 50 2 103 "A"
4 3 50 2 104 "A"
4 12 50 2 105 "A"
4 1 50 2 106 "A"
4 -15 50 2 107 "A"
4 1 50 2 108 "A"
4 4 10 2 109 "R"
4 1 50 2 110 "A"
4 -6 10 2 111 "R"
4 2 10 2 112 "R"
4 3 50 2 113 "A"
4 -12 50 2 114 "A"
4 -6 10 2 115 "R"
4 -6 50 2 116 "A"
4 -12 50 2 117 "A"
4 1 50 2 118 "A"
4 2 10 2 119 "R"
4 -6 50 2 120 "A"
4 -6 10 2 121 "R"
4 2 10 2 122 "R"
4 -15 50 2 123 "A"
4 1 50 2 124 "A"
4 -15 10 2 125 "R"
4 4 10 2 126 "R"
4 -15 10 2 127 "R"
4 2 10 2 128 "R"
4 -6 10 2 129 "R"
4 2 10 2 130 "R"
4 1 50 3 1 "A"
4 -6 10 3 2 "R"
4 4 10 3 3 "R"
4 3 50 3 4 "A"
4 12 50 3 5 "A"
4 -6 50 3 6 "A"
4 4 10 3 7 "R"
4 -6 10 3 8 "R"
4 3 50 3 9 "A"
4 1 50 3 10 "A"
4 -12 10 3 11 "R"
4 2 20 3 12 "F"
4 3 50 3 13 "A"
4 -6 10 3 14 "R"
4 -6 50 3 15 "A"
4 -6 10 3 16 "R"
4 -12 50 3 17 "A"
4 -6 50 3 18 "A"
4 -6 10 3 19 "R"
4 4 10 3 20 "R"
4 -15 50 3 21 "A"
4 -6 50 3 22 "A"
4 -6 10 3 23 "R"
4 12 50 3 24 "A"
4 3 50 3 25 "A"
4 1 50 3 26 "A"
4 3 50 3 27 "A"
4 -6 10 3 28 "R"
4 2 10 3 29 "R"
4 2 10 3 30 "R"
4 -12 50 3 31 "A"
4 -6 50 3 32 "A"
4 4 10 3 33 "R"
4 -12 50 3 34 "A"
4 1 50 3 35 "A"
4 2 10 3 36 "R"
4 -12 10 3 37 "R"
4 -6 50 3 38 "A"
4 -12 10 3 39 "R"
4 1 50 3 40 "A"
4 -12 50 3 41 "A"
4 -6 50 3 42 "A"
4 -12 10 3 43 "R"
4 1 50 3 44 "A"
4 2 10 3 45 "R"
4 -6 50 3 46 "A"
4 -15 10 3 47 "R"
4 1 50 3 48 "A"
4 2 10 3 49 "R"
4 -6 10 3 50 "R"
4 -6 50 3 51 "A"
4 -12 10 3 52 "R"
4 4 10 3 53 "R"
4 -6 50 3 54 "A"
4 -12 10 3 55 "R"
4 -12 10 3 56 "R"
4 -12 10 3 57 "R"
4 2 10 3 58 "R"
4 -6 10 3 59 "R"
4 2 10 3 60 "R"
4 -6 50 3 61 "A"
4 -6 10 3 62 "R"
4 3 40 3 63 "V"
4 -6 50 3 64 "A"
4 4 10 3 65 "R"
4 2 10 3 66 "R"
4 -6 50 3 67 "A"
4 4 10 3 68 "R"
4 -12 50 3 69 "A"
4 2 10 3 70 "R"
4 3 50 3 71 "A"
4 -6 50 3 72 "A"
4 4 10 3 73 "R"
4 1 50 3 74 "A"
4 4 10 3 75 "R"
4 -12 10 3 76 "R"
4 -12 10 3 77 "R"
4 2 10 3 78 "R"
4 2 10 3 79 "R"
4 1 50 3 80 "A"
4 -12 50 3 81 "A"
4 -6 10 3 82 "R"
4 -12 50 3 83 "A"
4 -6 50 3 84 "A"
4 -12 50 3 85 "A"
4 -12 10 3 86 "R"
4 -6 50 3 87 "A"
4 4 10 3 88 "R"
4 12 50 3 89 "A"
4 1 50 3 90 "A"
4 2 10 3 91 "R"
4 -6 10 3 92 "R"
4 -12 10 3 93 "R"
4 2 10 3 94 "R"
4 1 50 3 95 "A"
4 -6 10 3 96 "R"
4 3 50 3 97 "A"
4 1 50 3 98 "A"
4 4 10 3 99 "R"
4 2 10 3 100 "R"
4 -15 50 3 101 "A"
4 2 10 3 102 "R"
4 3 50 3 103 "A"
4 -6 50 3 104 "A"
4 4 10 3 105 "R"
4 -6 50 3 106 "A"
4 -12 10 3 107 "R"
4 1 50 3 108 "A"
4 4 10 3 109 "R"
4 1 50 3 110 "A"
4 -6 50 3 111 "A"
4 -12 10 3 112 "R"
4 -3 20 3 113 "F"
4 -6 10 3 114 "R"
4 3 50 3 115 "A"
4 1 50 3 116 "A"
4 3 50 3 117 "A"
4 4 10 3 118 "R"
4 -12 10 3 119 "R"
4 2 10 3 120 "R"
4 3 50 3 121 "A"
4 -6 50 3 122 "A"
4 -12 10 3 123 "R"
4 -6 10 3 124 "R"
4 -15 50 3 125 "A"
4 -6 10 3 126 "R"
4 -6 10 3 127 "R"
4 -6 10 3 128 "R"
4 -6 10 3 129 "R"
4 2 10 3 130 "R"
4 4 10 3 131 "R"
4 -6 10 3 132 "R"
4 -6 50 3 133 "A"
4 -15 10 3 134 "R"
4 3 50 3 135 "A"
4 1 50 3 136 "A"
4 -6 50 3 137 "A"
4 -6 50 3 138 "A"
4 5 10 3 139 "R"
4 1 50 3 140 "A"
4 -6 50 3 141 "A"
4 2 10 3 142 "R"
4 1 50 3 143 "A"
4 -6 10 3 144 "R"
4 5 10 3 145 "R"
4 -6 50 3 146 "A"
4 -12 10 3 147 "R"
4 1 50 3 148 "A"
4 -6 10 3 149 "R"
4 -6 10 3 150 "R"
4 12 50 3 151 "A"
4 1 50 3 152 "A"
4 4 10 3 153 "R"
4 -9 20 4 1 "F"
4 1 50 4 2 "A"
4 -12 50 4 3 "A"
4 -6 50 4 4 "A"
4 -12 10 4 5 "R"
4 -6 10 4 6 "R"
4 -12 10 4 7 "R"
4 -6 10 4 8 "R"
4 -15 50 4 9 "A"
4 -240 20 4 10 "F"
4 2 10 4 11 "R"
4 2 10 4 12 "R"
4 3 50 4 13 "A"
4 -6 50 4 14 "A"
4 4 10 4 15 "R"
4 1 50 4 16 "A"
4 4 10 4 17 "R"
4 2 10 4 18 "R"
4 -15 10 4 19 "R"
4 -6 10 4 20 "R"
4 -12 50 4 21 "A"
4 -6 10 4 22 "R"
4 1 50 4 23 "A"
4 2 10 4 24 "R"
4 4 10 4 25 "R"
4 -12 50 4 26 "A"
4 -12 10 4 27 "R"
4 -6 50 4 28 "A"
4 4 10 4 29 "R"
4 -6 10 4 30 "R"
4 -9 40 4 31 "V"
4 -15 50 4 32 "A"
4 5 10 4 33 "R"
4 -6 10 4 34 "R"
4 2 10 4 35 "R"
4 -6 50 4 36 "A"
4 2 10 4 37 "R"
4 3 50 4 38 "A"
4 1 50 4 39 "A"
4 2 10 4 40 "R"
4 -6 10 4 41 "R"
4 -6 10 4 42 "R"
4 -6 10 4 43 "R"
4 1 50 4 44 "A"
4 -6 10 4 45 "R"
4 -6 50 4 46 "A"
4 -12 50 4 47 "A"
4 -12 10 4 48 "R"
4 -6 10 4 49 "R"
4 -6 10 4 50 "R"
4 3 50 4 51 "A"
4 1 50 4 52 "A"
4 5 10 4 53 "R"
4 -6 10 4 54 "R"
4 -12 50 4 55 "A"
4 2 10 4 56 "R"
4 -12 10 4 57 "R"
4 2 10 4 58 "R"
4 -6 50 4 59 "A"
4 2 10 4 60 "R"
4 -12 10 4 61 "R"
4 2 10 4 62 "R"
4 3 50 4 63 "A"
4 -6 50 4 64 "A"
4 4 10 4 65 "R"
4 1 50 4 66 "A"
4 -12 10 4 67 "R"
4 2 10 4 68 "R"
4 3 50 4 69 "A"
4 -6 50 4 70 "A"
4 2 10 4 71 "R"
4 -6 50 4 72 "A"
4 -12 10 4 73 "R"
4 -6 50 4 74 "A"
4 -15 10 4 75 "R"
4 2 20 4 76 "F"
4 -12 50 4 77 "A"
4 2 10 4 78 "R"
4 -12 50 4 79 "A"
4 1 50 4 80 "A"
4 -12 10 4 81 "R"
4 -6 10 4 82 "R"
4 4 10 4 83 "R"
4 1 50 4 84 "A"
4 4 10 4 85 "R"
4 -6 10 4 86 "R"
4 -9 20 4 87 "F"
4 1 50 4 88 "A"
4 -6 50 4 89 "A"
4 -6 10 4 90 "R"
4 -12 50 4 91 "A"
4 -6 50 4 92 "A"
4 5 10 4 93 "R"
4 2 10 4 94 "R"
4 -12 50 4 95 "A"
4 -6 10 4 96 "R"
4 12 50 4 97 "A"
4 -6 50 4 98 "A"
4 -6 50 4 99 "A"
4 -6 10 4 100 "R"
4 -15 10 4 101 "R"
4 -6 10 4 102 "R"
4 -12 50 4 103 "A"
4 4 10 4 104 "R"
4 1 50 4 105 "A"
4 4 10 4 106 "R"
4 2 10 4 107 "R"
4 -6 50 4 108 "A"
4 2 10 4 109 "R"
4 -6 10 4 110 "R"
4 -12 10 4 111 "R"
4 -3 40 4 112 "V"
4 4 10 4 113 "R"
4 -12 50 4 114 "A"
4 2 10 5 1 "R"
4 -6 50 5 2 "A"
4 -12 50 5 3 "A"
4 4 10 5 4 "R"
4 -6 10 5 5 "R"
4 1 50 5 6 "A"
4 -12 10 5 7 "R"
4 1 50 5 8 "A"
4 -12 10 5 9 "R"
4 2 10 5 10 "R"
4 -15 10 5 11 "R"
4 -6 10 5 12 "R"
4 -12 50 5 13 "A"
4 4 10 5 14 "R"
4 -6 50 5 15 "A"
4 2 10 5 16 "R"
4 4 10 5 17 "R"
4 1 50 5 18 "A"
4 3 50 5 19 "A"
4 -12 10 5 20 "R"
4 -9 20 5 21 "F"
4 2 10 5 22 "R"
4 -12 10 5 23 "R"
4 -12 10 5 24 "R"
4 4 10 5 25 "R"
4 1 50 5 26 "A"
4 -6 50 5 27 "A"
4 -6 10 5 28 "R"
4 -12 10 5 29 "R"
4 -6 50 5 30 "A"
4 -6 10 5 31 "R"
4 -6 50 5 32 "A"
4 -6 10 5 33 "R"
4 4 10 5 34 "R"
4 -6 10 5 35 "R"
4 -6 50 5 36 "A"
4 -12 10 5 37 "R"
4 3 50 5 38 "A"
4 12 50 5 39 "A"
4 -6 10 5 40 "R"
4 -6 50 5 41 "A"
4 1 50 5 42 "A"
4 -12 10 5 43 "R"
4 -6 10 5 44 "R"
4 3 50 5 45 "A"
4 -6 50 5 46 "A"
4 2 10 5 47 "R"
4 -6 10 5 48 "R"
4 -12 10 5 49 "R"
4 2 10 5 50 "R"
4 -12 10 5 51 "R"
4 -6 10 5 52 "R"
4 1 40 5 53 "V"
4 -6 50 5 54 "A"
4 4 10 5 55 "R"
4 1 50 5 56 "A"
4 4 10 5 57 "R"
4 2 10 5 58 "R"
4 3 50 5 59 "A"
4 80 50 5 60 "A"
4 -15 10 5 61 "R"
4 2 10 5 62 "R"
4 -6 10 5 63 "R"
4 1 50 5 64 "A"
4 -12 10 5 65 "R"
4 -6 50 5 66 "A"
4 -15 10 5 67 "R"
4 -6 10 5 68 "R"
4 1 50 5 69 "A"
4 -6 50 5 70 "A"
4 4 10 5 71 "R"
4 4 10 5 72 "R"
4 -15 50 5 73 "A"
4 -6 10 5 74 "R"
4 2 10 5 75 "R"
4 -12 50 5 76 "A"
4 -6 10 5 77 "R"
4 -6 10 5 78 "R"
4 -6 50 5 79 "A"
4 2 10 5 80 "R"
4 3 50 5 81 "A"
4 -6 10 5 82 "R"
4 3 50 5 83 "A"
4 -6 10 5 84 "R"
4 -15 10 5 85 "R"
4 -3 20 5 86 "F"
4 -6 10 5 87 "R"
4 -6 50 5 88 "A"
4 -12 50 5 89 "A"
4 2 10 5 90 "R"
4 12 50 5 91 "A"
4 2 10 5 92 "R"
4 -12 10 5 93 "R"
4 -12 50 5 94 "A"
4 2 20 5 95 "F"
4 -12 10 5 96 "R"
4 3 50 5 97 "A"
4 1 50 5 98 "A"
4 -15 10 5 99 "R"
4 -6 10 5 100 "R"
4 1 50 5 101 "A"
4 -6 50 5 102 "A"
4 -15 10 5 103 "R"
4 2 10 5 104 "R"
4 -12 50 5 105 "A"
4 2 10 5 106 "R"
4 3 50 5 107 "A"
4 -6 50 5 108 "A"
4 -6 10 5 109 "R"
4 -6 10 5 110 "R"
4 1 50 5 111 "A"
4 -6 50 5 112 "A"
4 -15 10 5 113 "R"
4 1 40 5 114 "V"
4 -12 50 5 115 "A"
4 -12 10 5 116 "R"
4 -15 10 5 117 "R"
4 -9 40 5 118 "V"
4 -12 50 5 119 "A"
4 2 10 5 120 "R"
4 -12 50 5 121 "A"
4 -6 10 5 122 "R"
4 -12 10 5 123 "R"
4 -6 10 5 124 "R"
4 -12 10 5 125 "R"
4 1 50 5 126 "A"
4 1 50 5 127 "A"
4 4 10 6 1 "R"
4 -6 50 6 2 "A"
4 -12 10 6 3 "R"
4 -12 10 6 4 "R"
4 4 10 6 5 "R"
4 2 10 6 6 "R"
4 4 10 6 7 "R"
4 -6 50 6 8 "A"
4 4 10 6 9 "R"
4 2 10 6 10 "R"
4 -12 10 6 11 "R"
4 1 50 6 12 "A"
4 4 10 6 13 "R"
4 -6 50 6 14 "A"
4 -15 10 6 15 "R"
4 2 10 6 16 "R"
4 -6 10 6 17 "R"
4 -12 50 6 18 "A"
4 -12 10 6 19 "R"
4 -6 50 6 20 "A"
4 2 10 6 21 "R"
4 1 40 6 22 "V"
4 5 10 6 23 "R"
4 1 50 6 24 "A"
4 1 40 6 25 "V"
4 1 50 6 26 "A"
4 1 50 6 27 "A"
4 -6 50 6 28 "A"
4 2 10 6 29 "R"
4 -9 20 6 30 "F"
4 4 10 6 31 "R"
4 -3 40 6 32 "V"
4 -12 10 6 33 "R"
4 2 10 6 34 "R"
4 -6 10 7 1 "R"
4 1 50 7 2 "A"
4 1 50 7 3 "A"
4 -6 10 7 4 "R"
4 -12 50 7 5 "A"
4 2 20 7 6 "F"
4 -12 50 7 7 "A"
4 -6 50 7 8 "A"
4 -12 10 7 9 "R"
4 4 20 7 10 "F"
4 -6 10 7 11 "R"
4 1 50 7 12 "A"
4 -12 10 7 13 "R"
4 -6 10 7 14 "R"
4 3 50 7 15 "A"
4 1 50 7 16 "A"
4 1 50 7 17 "A"
4 2 10 7 18 "R"
4 -12 50 7 19 "A"
4 -6 10 7 20 "R"
4 1 50 7 21 "A"
4 1 50 7 22 "A"
4 4 10 7 23 "R"
4 -12 10 7 24 "R"
4 3 50 7 25 "A"
4 2 10 7 26 "R"
4 5 10 7 27 "R"
4 -6 10 7 28 "R"
4 3 50 7 29 "A"
4 -6 50 7 30 "A"
4 -15 10 7 31 "R"
4 -6 10 7 32 "R"
4 -12 50 7 33 "A"
4 2 10 7 34 "R"
4 -12 50 7 35 "A"
4 -6 50 7 36 "A"
4 -12 10 7 37 "R"
4 -6 10 7 38 "R"
4 -6 50 7 39 "A"
4 2 10 7 40 "R"
4 -6 50 7 41 "A"
4 2 20 7 42 "F"
4 -15 50 7 43 "A"
4 3 50 7 44 "A"
4 -6 10 7 45 "R"
4 -12 50 7 46 "A"
4 1 50 7 47 "A"
4 1 50 7 48 "A"
4 -6 10 7 49 "R"
4 1 50 7 50 "A"
4 -12 50 7 51 "A"
4 2 10 7 52 "R"
4 1 50 7 53 "A"
4 2 10 7 54 "R"
4 1 50 7 55 "A"
4 2 10 7 56 "R"
4 2 10 7 57 "R"
4 3 50 7 58 "A"
4 -12 50 7 59 "A"
4 2 10 7 60 "R"
4 -12 50 7 61 "A"
4 4 10 7 62 "R"
4 -12 50 7 63 "A"
4 -6 50 7 64 "A"
4 2 10 7 65 "R"
4 1 50 7 66 "A"
4 -6 10 7 67 "R"
4 -6 50 7 68 "A"
4 -6 10 7 69 "R"
4 1 50 7 70 "A"
4 5 10 7 71 "R"
4 3 50 7 72 "A"
4 -12 50 7 73 "A"
4 -6 10 7 74 "R"
4 12 50 7 75 "A"
4 -6 50 7 76 "A"
4 -6 10 7 77 "R"
4 -6 50 7 78 "A"
4 2 10 7 79 "R"
4 1 50 7 80 "A"
4 -6 10 7 81 "R"
4 -12 50 7 82 "A"
4 4 10 7 83 "R"
4 1 50 7 84 "A"
4 -6 10 7 85 "R"
4 -6 50 7 86 "A"
4 -15 50 7 87 "A"
4 -3 20 7 88 "F"
4 -12 10 7 89 "R"
4 -6 10 7 90 "R"
4 -12 50 7 91 "A"
4 2 10 7 92 "R"
4 1 50 7 93 "A"
4 -12 10 7 94 "R"
4 -12 10 7 95 "R"
4 2 10 7 96 "R"
4 -12 50 7 97 "A"
4 2 10 7 98 "R"
4 3 50 7 99 "A"
4 1 50 7 100 "A"
4 12 50 7 101 "A"
4 1 50 7 102 "A"
4 1 50 7 103 "A"
4 -6 10 7 104 "R"
4 2 10 7 105 "R"
4 -6 50 7 106 "A"
4 -6 10 7 107 "R"
4 -6 50 7 108 "A"
4 4 10 7 109 "R"
4 -12 10 7 110 "R"
4 5 10 7 111 "R"
4 -12 50 7 112 "A"
4 4 10 7 113 "R"
4 -15 50 7 114 "A"
4 3 50 7 115 "A"
4 2 10 7 116 "R"
4 -6 10 7 117 "R"
4 3 50 7 118 "A"
4 -15 10 7 119 "R"
4 2 10 7 120 "R"
4 12 50 7 121 "A"
4 1 50 7 122 "A"
4 -6 50 7 123 "A"
4 2 10 7 124 "R"
4 -12 50 7 125 "A"
4 -6 10 7 126 "R"
4 1 50 7 127 "A"
4 -6 50 7 128 "A"
4 -6 10 7 129 "R"
4 -6 10 7 130 "R"
4 4 10 7 131 "R"
4 3 50 7 132 "A"
4 -12 50 7 133 "A"
4 -12 10 7 134 "R"
4 2 10 7 135 "R"
4 -6 50 7 136 "A"
4 2 10 7 137 "R"
4 2 10 7 138 "R"
4 1 50 7 139 "A"
4 -6 10 7 140 "R"
4 3 50 7 141 "A"
4 4 10 7 142 "R"
4 1 50 7 143 "A"
4 -6 50 7 144 "A"
4 2 10 7 145 "R"
4 -6 10 8 1 "R"
4 1 50 8 2 "A"
4 1 50 8 3 "A"
4 -6 50 8 4 "A"
4 -12 10 8 5 "R"
4 2 10 8 6 "R"
4 -12 50 8 7 "A"
4 -6 10 8 8 "R"
4 -12 50 8 9 "A"
4 4 10 8 10 "R"
4 -6 50 8 11 "A"
4 2 10 8 12 "R"
4 -12 50 8 13 "A"
4 -6 10 8 14 "R"
4 3 50 8 15 "A"
4 1 50 8 16 "A"
4 1 50 8 17 "A"
4 1 50 8 18 "A"
4 -12 10 8 19 "R"
4 -6 50 8 20 "A"
4 2 10 8 21 "R"
4 1 50 8 22 "A"
4 3 50 8 23 "A"
4 -12 50 8 24 "A"
4 3 50 8 25 "A"
4 1 50 8 26 "A"
4 5 10 8 27 "R"
4 -6 10 8 28 "R"
4 3 50 8 29 "A"
4 -6 50 8 30 "A"
4 -15 50 8 31 "A"
4 -6 50 8 32 "A"
4 -12 10 8 33 "R"
4 1 50 8 34 "A"
4 -12 50 8 35 "A"
4 -6 10 8 36 "R"
4 -12 10 8 37 "R"
4 -6 50 8 38 "A"
4 -6 10 8 39 "R"
4 1 50 8 40 "A"
4 -6 50 8 41 "A"
4 2 10 8 42 "R"
4 -15 10 8 43 "R"
4 3 50 8 44 "A"
4 -6 50 8 45 "A"
4 -12 10 8 46 "R"
4 2 10 8 47 "R"
4 1 50 8 48 "A"
4 -6 10 8 49 "R"
4 2 10 8 50 "R"
4 -12 50 8 51 "A"
4 2 10 8 52 "R"
4 1 50 8 53 "A"
4 1 50 8 54 "A"
4 2 10 8 55 "R"
4 2 10 8 56 "R"
4 2 10 8 57 "R"
4 4 10 8 58 "R"
4 -12 10 8 59 "R"
4 1 50 8 60 "A"
4 -12 10 8 61 "R"
4 4 10 8 62 "R"
4 -12 10 8 63 "R"
4 -6 50 8 64 "A"
4 2 10 8 65 "R"
4 1 50 8 66 "A"
4 -6 10 8 67 "R"
4 -6 10 8 68 "R"
4 -6 50 8 69 "A"
4 2 10 8 70 "R"
4 5 10 8 71 "R"
4 3 50 8 72 "A"
4 -12 50 8 73 "A"
4 -6 10 8 74 "R"
4 12 50 8 75 "A"
4 -6 50 8 76 "A"
4 -6 10 8 77 "R"
4 -6 50 8 78 "A"
4 2 10 8 79 "R"
4 2 10 8 80 "R"
4 -6 50 8 81 "A"
4 -12 10 8 82 "R"
4 3 50 8 83 "A"
4 1 50 8 84 "A"
4 -6 10 8 85 "R"
4 -6 50 8 86 "A"
4 -15 10 8 87 "R"
4 -3 20 8 88 "F"
4 -12 10 8 89 "R"
4 -6 50 8 90 "A"
4 -12 10 8 91 "R"
4 2 10 8 92 "R"
4 1 50 8 93 "A"
4 -12 50 8 94 "A"
4 -12 10 8 95 "R"
4 1 50 8 96 "A"
4 -12 50 8 97 "A"
4 1 50 8 98 "A"
4 4 10 8 99 "R"
4 2 10 8 100 "R"
4 5 10 8 101 "R"
4 1 50 8 102 "A"
4 2 10 8 103 "R"
4 -6 10 8 104 "R"
4 1 50 8 105 "A"
4 -6 10 8 106 "R"
4 -6 50 8 107 "A"
4 -6 10 8 108 "R"
4 3 40 8 109 "V"
4 -12 50 8 110 "A"
4 12 40 8 111 "V"
4 -12 50 8 112 "A"
4 4 10 8 113 "R"
4 -15 50 8 114 "A"
4 4 10 8 115 "R"
4 1 50 8 116 "A"
4 -6 10 8 117 "R"
4 3 50 8 118 "A"
4 -15 10 8 119 "R"
4 1 50 8 120 "A"
4 5 10 8 121 "R"
4 2 10 8 122 "R"
4 -6 50 8 123 "A"
4 2 10 8 124 "R"
4 -12 50 8 125 "A"
4 -6 10 8 126 "R"
4 2 10 8 127 "R"
4 -6 50 8 128 "A"
4 -6 10 8 129 "R"
4 -6 50 8 130 "A"
4 4 10 8 131 "R"
4 3 50 8 132 "A"
4 -12 50 8 133 "A"
4 2 10 9 1 "R"
4 -6 50 9 2 "A"
4 -12 50 9 3 "A"
4 3 50 9 4 "A"
4 -6 10 9 5 "R"
4 2 10 9 6 "R"
4 -12 10 9 7 "R"
4 1 40 9 8 "V"
4 -12 10 9 9 "R"
4 80 50 9 10 "A"
4 -15 10 9 11 "R"
4 -6 10 9 12 "R"
4 -12 50 9 13 "A"
4 3 50 9 14 "A"
4 -6 50 9 15 "A"
4 2 10 9 16 "R"
4 3 50 9 17 "A"
4 1 50 9 18 "A"
4 4 10 9 19 "R"
4 -12 10 9 20 "R"
4 -12 50 9 21 "A"
4 1 50 9 22 "A"
4 -12 10 9 23 "R"
4 -12 50 9 24 "A"
4 3 50 9 25 "A"
4 2 10 9 26 "R"
4 -6 10 9 27 "R"
4 -6 50 9 28 "A"
4 -12 10 9 29 "R"
4 -6 50 9 30 "A"
4 -6 10 9 31 "R"
4 -6 10 9 32 "R"
4 -6 50 9 33 "A"
4 4 10 9 34 "R"
4 -6 50 9 35 "A"
4 -6 10 9 36 "R"
4 -12 50 9 37 "A"
4 4 10 9 38 "R"
4 5 10 9 39 "R"
4 -6 50 9 40 "A"
4 -6 10 9 41 "R"
4 1 50 9 42 "A"
4 -12 50 9 43 "A"
4 -6 10 9 44 "R"
4 4 10 9 45 "R"
4 -6 10 9 46 "R"
4 1 50 9 47 "A"
4 -6 10 9 48 "R"
4 -12 50 9 49 "A"
4 2 10 9 50 "R"
4 -12 50 9 51 "A"
4 -6 50 9 52 "A"
4 2 10 9 53 "R"
4 -6 10 9 54 "R"
4 3 50 9 55 "A"
4 2 10 9 56 "R"
4 4 10 9 57 "R"
4 2 10 9 58 "R"
4 3 50 9 59 "A"
4 -6 50 9 60 "A"
4 -15 10 9 61 "R"
4 1 50 9 62 "A"
4 -6 10 9 63 "R"
4 1 50 9 64 "A"
4 -12 10 9 65 "R"
4 -3 20 9 66 "F"
4 -15 50 9 67 "A"
4 -3 20 9 68 "F"
4 2 10 9 69 "R"
4 -6 50 9 70 "A"
4 4 10 9 71 "R"
4 3 50 9 72 "A"
4 -15 50 9 73 "A"
4 -6 50 9 74 "A"
4 2 10 9 75 "R"
4 -12 10 9 76 "R"
4 -6 50 9 77 "A"
4 -6 10 9 78 "R"
4 -6 10 9 79 "R"
4 2 10 9 80 "R"
4 4 10 9 81 "R"
4 -6 50 9 82 "A"
4 4 10 9 83 "R"
4 -6 10 9 84 "R"
4 -15 50 9 85 "A"
4 -6 10 9 86 "R"
4 -6 10 9 87 "R"
4 -6 10 9 88 "R"
4 -12 10 9 89 "R"
4 2 10 9 90 "R"
4 5 10 9 91 "R"
4 1 50 9 92 "A"
4 -12 10 9 93 "R"
4 -12 10 9 94 "R"
4 2 10 9 95 "R"
4 -12 10 9 96 "R"
4 4 10 9 97 "R"
4 2 10 9 98 "R"
4 -15 50 9 99 "A"
4 -6 50 9 100 "A"
4 2 10 9 101 "R"
4 -6 50 9 102 "A"
4 -15 10 9 103 "R"
4 1 50 9 104 "A"
4 -12 10 9 105 "R"
4 1 50 9 106 "A"
4 4 10 9 107 "R"
4 -6 10 9 108 "R"
4 -6 50 9 109 "A"
4 -6 50 9 110 "A"
4 2 10 9 111 "R"
4 -6 50 9 112 "A"
4 -15 10 9 113 "R"
4 2 10 9 114 "R"
4 -12 10 9 115 "R"
4 -12 50 9 116 "A"
4 -15 50 9 117 "A"
4 -12 50 9 118 "A"
4 -12 10 9 119 "R"
4 1 50 9 120 "A"
4 -12 10 9 121 "R"
4 -6 10 9 122 "R"
4 -12 10 9 123 "R"
4 -6 50 9 124 "A"
4 -12 10 9 125 "R"
4 2 10 9 126 "R"
4 2 10 9 127 "R"
4 3 50 10 1 "A"
4 -6 50 10 2 "A"
4 -9 20 10 3 "F"
4 -12 50 10 4 "A"
4 4 10 10 5 "R"
4 1 50 10 6 "A"
4 3 50 10 7 "A"
4 -6 50 10 8 "A"
4 3 50 10 9 "A"
4 1 50 10 10 "A"
4 -9 20 10 11 "F"
4 2 10 10 12 "R"
4 3 50 10 13 "A"
4 -6 50 10 14 "A"
4 -15 10 10 15 "R"
4 2 10 10 16 "R"
4 -6 50 10 17 "A"
4 -12 10 10 18 "R"
4 -12 50 10 19 "A"
4 -6 10 10 20 "R"
4 1 50 10 21 "A"
4 1 50 10 22 "A"
4 12 50 10 23 "A"
4 1 50 10 24 "A"
4 1 50 10 25 "A"
4 1 50 10 26 "A"
4 1 50 10 27 "A"
4 -6 50 10 28 "A"
4 2 10 10 29 "R"
4 -12 10 10 30 "R"
4 4 10 10 31 "R"
4 -6 10 10 32 "R"
4 -12 50 10 33 "A"
4 1 50 10 34 "A"
4 -15 50 10 35 "A"
4 -6 10 10 36 "R"
4 3 50 10 37 "A"
4 -6 50 10 38 "A"
4 -12 10 10 39 "R"
4 -6 50 10 40 "A"
4 -6 10 10 41 "R"
4 2 10 10 42 "R"
4 3 50 10 43 "A"
4 -6 50 10 44 "A"
4 -15 10 10 45 "R"
4 2 10 10 46 "R"
4 -15 50 10 47 "A"
4 -6 50 10 48 "A"
4 -9 20 10 49 "F"
4 -6 50 10 50 "A"
4 -12 10 10 51 "R"
4 1 50 10 52 "A"
4 3 50 10 53 "A"
4 3 50 10 54 "A"
4 -6 50 10 55 "A"
4 -6 50 10 56 "A"
4 -12 10 10 57 "R"
4 1 50 10 58 "A"
4 3 50 10 59 "A"
4 1 50 10 60 "A"
4 -6 10 10 61 "R"
4 1 50 10 62 "A"
4 3 50 10 63 "A"
4 -15 50 10 64 "A"
4 -9 20 10 65 "F"
4 -6 10 10 66 "R"
4 -6 50 10 67 "A"
4 -6 50 10 68 "A"
4 -6 10 10 69 "R"
4 -6 10 10 70 "R"
4 -15 50 10 71 "A"
4 -6 10 10 72 "R"
4 -12 10 10 73 "R"
4 -6 50 10 74 "A"
4 -12 10 10 75 "R"
4 -3 20 10 76 "F"
4 -12 10 10 77 "R"
4 -6 10 10 78 "R"
4 5 10 10 79 "R"
4 -12 50 10 80 "A"
4 3 50 10 81 "A"
4 3 50 10 82 "A"
4 -6 50 10 83 "A"
4 2 20 10 84 "F"
4 -6 50 10 85 "A"
4 2 10 10 86 "R"
4 -12 10 10 87 "R"
4 1 50 10 88 "A"
4 -12 50 10 89 "A"
4 2 10 10 90 "R"
4 -12 50 10 91 "A"
4 2 10 10 92 "R"
4 3 50 10 93 "A"
4 1 50 10 94 "A"
4 -6 50 10 95 "A"
4 -12 10 10 96 "R"
4 2 10 10 97 "R"
4 1 50 10 98 "A"
4 1 50 10 99 "A"
4 -6 50 10 100 "A"
4 2 10 10 101 "R"
4 4 10 10 102 "R"
4 3 50 10 103 "A"
4 -6 50 10 104 "A"
4 2 10 10 105 "R"
4 -6 10 10 106 "R"
4 3 50 10 107 "A"
4 -6 50 10 108 "A"
4 2 10 10 109 "R"
4 -6 10 10 110 "R"
4 -12 50 10 111 "A"
4 3 50 10 112 "A"
4 3 50 10 113 "A"
4 1 50 10 114 "A"
4 1 50 10 115 "A"
4 -6 10 10 116 "R"
4 1 50 10 117 "A"
4 2 10 10 118 "R"
4 -12 50 10 119 "A"
4 1 50 10 120 "A"
4 5 10 10 121 "R"
4 2 10 10 122 "R"
4 -6 10 10 123 "R"
4 1 50 10 124 "A"
4 1 50 10 125 "A"
4 2 10 10 126 "R"
4 -12 10 10 127 "R"
4 1 50 10 128 "A"
4 -12 10 10 129 "R"
4 1 50 10 130 "A"
4 -12 10 10 131 "R"
4 -6 10 10 132 "R"
4 3 50 10 133 "A"
4 -6 50 10 134 "A"
4 3 50 10 135 "A"
4 -6 50 10 136 "A"
4 -6 50 10 137 "A"
4 -6 50 10 138 "A"
4 1 50 10 139 "A"
4 -6 50 10 140 "A"
4 1 50 10 141 "A"
4 -6 10 10 142 "R"
4 4 10 10 143 "R"
4 1 50 10 144 "A"
4 -12 10 11 1 "R"
4 -6 50 11 2 "A"
4 -12 10 11 3 "R"
4 1 50 11 4 "A"
4 3 50 11 5 "A"
4 1 50 11 6 "A"
4 -12 10 11 7 "R"
4 -9 20 11 8 "F"
4 1 50 11 9 "A"
4 -6 50 11 10 "A"
4 -6 10 11 11 "R"
4 -6 50 11 12 "A"
4 -15 50 11 13 "A"
4 2 20 11 14 "F"
4 -6 50 11 15 "A"
4 -6 10 11 16 "R"
4 -6 50 11 17 "A"
4 1 50 11 18 "A"
4 3 50 11 19 "A"
4 1 50 11 20 "A"
4 3 50 11 21 "A"
4 -6 50 11 22 "A"
4 -12 50 11 23 "A"
4 -6 50 11 24 "A"
4 -6 10 11 25 "R"
4 1 50 11 26 "A"
4 -12 50 11 27 "A"
4 2 10 11 28 "R"
4 4 10 11 29 "R"
4 2 10 11 30 "R"
4 -12 50 11 31 "A"
4 -6 50 11 32 "A"
4 5 10 11 33 "R"
4 -6 50 11 34 "A"
4 3 50 11 35 "A"
4 -6 50 11 36 "A"
4 -15 10 11 37 "R"
4 2 10 11 38 "R"
4 -12 10 11 39 "R"
4 -6 50 11 40 "A"
4 -12 10 11 41 "R"
4 3 50 11 42 "A"
4 12 50 11 43 "A"
4 -6 50 11 44 "A"
4 -15 50 11 45 "A"
4 2 10 11 46 "R"
4 -12 10 11 47 "R"
4 3 50 11 48 "A"
4 1 50 11 49 "A"
4 2 10 11 50 "R"
4 4 10 11 51 "R"
4 2 10 11 52 "R"
4 -12 50 11 53 "A"
4 -6 10 11 54 "R"
4 -12 10 11 55 "R"
4 2 10 11 56 "R"
4 12 50 11 57 "A"
4 -6 50 11 58 "A"
4 -6 10 11 59 "R"
4 2 10 11 60 "R"
4 -6 50 11 61 "A"
4 2 10 11 62 "R"
4 5 10 11 63 "R"
4 -15 50 11 64 "A"
4 -15 50 11 65 "A"
4 -6 10 11 66 "R"
4 3 50 11 67 "A"
4 -6 50 11 68 "A"
4 -6 10 11 69 "R"
4 -12 50 11 70 "A"
4 4 10 11 71 "R"
4 1 50 11 72 "A"
4 1 50 11 73 "A"
4 -6 10 11 74 "R"
4 -12 50 11 75 "A"
4 -6 10 11 76 "R"
4 1 50 11 77 "A"
4 2 10 11 78 "R"
4 -12 10 11 79 "R"
4 -6 50 11 80 "A"
4 -12 10 11 81 "R"
4 -6 50 11 82 "A"
4 4 10 11 83 "R"
4 -12 50 11 84 "A"
4 -6 10 11 85 "R"
4 -6 50 11 86 "A"
4 4 10 11 87 "R"
4 -6 50 11 88 "A"
4 4 10 11 89 "R"
4 1 50 11 90 "A"
4 -6 50 11 91 "A"
4 2 10 11 92 "R"
4 3 50 11 93 "A"
4 1 50 11 94 "A"
4 4 10 11 95 "R"
4 2 10 11 96 "R"
4 -12 50 11 97 "A"
4 -12 10 11 98 "R"
4 -6 50 11 99 "A"
4 -6 10 11 100 "R"
4 -6 10 11 101 "R"
4 2 10 11 102 "R"
4 -12 50 11 103 "A"
4 -6 10 11 104 "R"
4 3 50 11 105 "A"
4 2 10 11 106 "R"
4 -12 10 11 107 "R"
4 -12 10 11 108 "R"
4 -6 10 11 109 "R"
4 1 50 11 110 "A"
4 4 10 11 111 "R"
4 4 10 11 112 "R"
4 -12 10 11 113 "R"
4 -6 10 11 114 "R"
4 3 50 11 115 "A"
4 1 50 11 116 "A"
4 4 10 11 117 "R"
4 2 10 11 118 "R"
4 4 10 11 119 "R"
4 1 50 11 120 "A"
4 -12 10 11 121 "R"
4 1 50 11 122 "A"
4 -6 10 11 123 "R"
4 1 50 11 124 "A"
4 4 10 11 125 "R"
4 -6 10 11 126 "R"
4 3 50 11 127 "A"
4 -6 10 11 128 "R"
4 5 10 11 129 "R"
4 1 50 11 130 "A"
4 -12 10 11 131 "R"
4 2 10 11 132 "R"
4 3 50 11 133 "A"
4 1 50 11 134 "A"
4 -12 10 11 135 "R"
4 -6 10 11 136 "R"
4 -12 50 11 137 "A"
4 2 10 11 138 "R"
4 -15 50 11 139 "A"
4 -12 50 11 140 "A"
4 -15 50 11 141 "A"
4 1 40 11 142 "V"
4 1 50 11 143 "A"
4 -6 10 11 144 "R"
4 -12 50 11 145 "A"
4 4 10 12 1 "R"
4 -6 50 12 2 "A"
4 -12 10 12 3 "R"
4 -12 50 12 4 "A"
4 3 40 12 5 "V"
4 1 50 12 6 "A"
4 3 50 12 7 "A"
4 -6 50 12 8 "A"
4 3 50 12 9 "A"
4 1 50 12 10 "A"
4 -12 50 12 11 "A"
4 1 50 12 12 "A"
4 3 50 12 13 "A"
4 -6 50 12 14 "A"
4 -15 10 12 15 "R"
4 1 50 12 16 "A"
4 -6 10 12 17 "R"
4 -12 50 12 18 "A"
4 -12 50 12 19 "A"
4 -6 50 12 20 "A"
4 2 10 12 21 "R"
4 2 10 12 22 "R"
4 12 50 12 23 "A"
4 1 50 12 24 "A"
4 1 50 12 25 "A"
4 2 10 12 26 "R"
4 2 10 12 27 "R"
4 -6 50 12 28 "A"
4 2 10 12 29 "R"
4 -12 10 12 30 "R"
4 3 50 12 31 "A"
4 -6 50 12 32 "A"
4 -12 10 12 33 "R"
4 1 40 12 34 "V"
4 -15 10 12 35 "R"
4 -6 50 12 36 "A"
4 4 10 12 37 "R"
4 -6 50 12 38 "A"
4 -12 10 12 39 "R"
4 -6 50 12 40 "A"
4 -6 10 12 41 "R"
4 2 10 12 42 "R"
4 4 10 12 43 "R"
4 -6 50 12 44 "A"
4 -15 10 12 45 "R"
4 2 20 12 46 "F"
4 -15 50 12 47 "A"
4 -6 10 12 48 "R"
4 -12 50 12 49 "A"
4 -6 10 12 50 "R"
4 -12 10 12 51 "R"
4 1 50 12 52 "A"
4 4 10 12 53 "R"
4 4 10 12 54 "R"
4 -6 50 12 55 "A"
4 -6 10 12 56 "R"
4 -12 50 12 57 "A"
4 2 10 12 58 "R"
4 3 50 12 59 "A"
4 80 50 12 60 "A"
4 -3 20 12 61 "F"
4 1 50 12 62 "A"
4 3 50 12 63 "A"
4 -15 10 12 64 "R"
4 -12 10 12 65 "R"
4 -6 50 12 66 "A"
4 -6 10 12 67 "R"
4 -6 10 12 68 "R"
4 -6 10 12 69 "R"
4 -6 50 12 70 "A"
4 -15 10 12 71 "R"
4 -6 10 12 72 "R"
4 -12 50 12 73 "A"
4 -6 10 12 74 "R"
4 -12 50 12 75 "A"
4 -6 10 12 76 "R"
4 -12 50 12 77 "A"
4 -6 10 12 78 "R"
4 12 50 12 79 "A"
4 -12 50 12 80 "A"
4 3 50 12 81 "A"
4 3 50 12 82 "A"
4 -6 10 12 83 "R"
4 1 50 12 84 "A"
4 -6 10 12 85 "R"
4 1 50 12 86 "A"
4 -12 10 12 87 "R"
4 1 50 12 88 "A"
4 -12 10 12 89 "R"
4 1 50 12 90 "A"
4 -12 10 12 91 "R"
4 1 50 12 92 "A"
4 4 10 12 93 "R"
4 2 10 12 94 "R"
4 -6 50 12 95 "A"
4 -12 10 12 96 "R"
4 1 50 12 97 "A"
4 2 10 12 98 "R"
4 2 10 12 99 "R"
4 -6 50 12 100 "A"
4 1 50 12 101 "A"
4 4 10 12 102 "R"
4 4 10 12 103 "R"
4 -6 10 12 104 "R"
4 1 50 12 105 "A"
4 -6 10 12 106 "R"
4 3 50 12 107 "A"
4 -6 10 12 108 "R"
4 1 50 12 109 "A"
4 -6 10 12 110 "R"
4 -12 50 12 111 "A"
4 3 50 12 112 "A"
4 4 10 12 113 "R"
4 2 10 12 114 "R"
4 2 10 12 115 "R"
4 -6 50 12 116 "A"
4 2 10 12 117 "R"
4 1 50 12 118 "A"
4 -12 10 12 119 "R"
4 1 50 12 120 "A"
4 5 10 12 121 "R"
4 2 10 12 122 "R"
4 -12 10 13 1 "R"
4 -3 40 13 2 "V"
4 -12 10 13 3 "R"
4 1 50 13 4 "A"
4 4 10 13 5 "R"
4 2 10 13 6 "R"
4 -12 50 13 7 "A"
4 -12 10 13 8 "R"
4 2 10 13 9 "R"
4 -6 10 13 10 "R"
4 -6 50 13 11 "A"
4 -6 10 13 12 "R"
4 -15 50 13 13 "A"
4 1 50 13 14 "A"
4 -6 50 13 15 "A"
4 -6 10 13 16 "R"
4 -6 50 13 17 "A"
4 2 10 13 18 "R"
4 3 50 13 19 "A"
4 2 10 13 20 "R"
4 4 10 13 21 "R"
4 -6 50 13 22 "A"
4 -12 50 13 23 "A"
4 -6 10 13 24 "R"
4 -6 50 13 25 "A"
4 2 10 13 26 "R"
4 -12 10 13 27 "R"
4 1 50 13 28 "A"
4 4 10 13 29 "R"
4 2 10 13 30 "R"
4 -12 10 13 31 "R"
4 -6 50 13 32 "A"
4 5 10 13 33 "R"
4 -6 10 13 34 "R"
4 3 50 13 35 "A"
4 -6 50 13 36 "A"
4 -15 10 13 37 "R"
4 1 50 13 38 "A"
4 -12 10 13 39 "R"
4 -6 10 13 40 "R"
4 -12 10 13 41 "R"
4 3 40 13 42 "V"
4 12 50 13 43 "A"
4 -6 50 13 44 "A"
4 -15 50 13 45 "A"
4 2 10 13 46 "R"
4 -12 50 13 47 "A"
4 4 20 13 48 "F"
4 1 50 13 49 "A"
4 2 10 13 50 "R"
4 4 10 13 51 "R"
4 2 10 13 52 "R"
4 -12 50 13 53 "A"
4 -6 10 13 54 "R"
4 -9 20 13 55 "F"
4 2 10 13 56 "R"
4 5 10 13 57 "R"
4 -6 50 13 58 "A"
4 -6 50 13 59 "A"
4 2 10 13 60 "R"
4 -6 10 13 61 "R"
4 2 10 13 62 "R"
4 5 10 13 63 "R"
4 -15 50 13 64 "A"
4 -15 50 13 65 "A"
4 -6 50 13 66 "A"
4 4 10 13 67 "R"
4 -6 50 13 68 "A"
4 -6 10 13 69 "R"
4 -12 50 13 70 "A"
4 4 10 13 71 "R"
4 1 50 13 72 "A"
4 1 50 13 73 "A"
4 -6 10 13 74 "R"
4 -12 50 13 75 "A"
4 -6 50 13 76 "A"
4 2 10 13 77 "R"
4 1 50 13 78 "A"
4 -9 20 13 79 "F"
4 -6 50 13 80 "A"
4 -12 10 13 81 "R"
4 -3 40 13 82 "V"
4 3 50 13 83 "A"
4 -12 50 13 84 "A"
4 -3 20 13 85 "F"
4 -6 50 13 86 "A"
4 4 10 13 87 "R"
4 -6 50 13 88 "A"
4 4 10 13 89 "R"
4 2 10 13 90 "R"
4 -6 50 13 91 "A"
4 2 10 13 92 "R"
4 4 10 13 93 "R"
4 1 50 13 94 "A"
4 4 10 13 95 "R"
4 2 10 13 96 "R"
4 -12 50 13 97 "A"
4 -12 10 13 98 "R"
4 -3 40 13 99 "V"
4 -3 20 13 100 "F"
4 -6 50 13 101 "A"
4 2 10 13 102 "R"
4 -12 10 13 103 "R"
4 -6 10 13 104 "R"
4 3 50 13 105 "A"
4 2 10 13 106 "R"
4 -12 10 13 107 "R"
4 -12 50 13 108 "A"
4 -6 50 13 109 "A"
4 2 10 13 110 "R"
4 3 50 13 111 "A"
4 3 50 13 112 "A"
4 -12 10 13 113 "R"
4 -6 10 13 114 "R"
4 4 10 13 115 "R"
4 1 50 13 116 "A"
4 3 50 13 117 "A"
4 1 50 13 118 "A"
4 4 10 13 119 "R"
4 1 50 13 120 "A"
4 -12 10 13 121 "R"
4 1 50 13 122 "A"
4 -6 10 13 123 "R"
4 1 50 13 124 "A"
4 4 10 13 125 "R"
4 -6 50 13 126 "A"
4 4 10 13 127 "R"
4 -6 10 13 128 "R"
4 12 50 13 129 "A"
4 1 50 13 130 "A"
4 -12 50 13 131 "A"
4 1 50 13 132 "A"
4 4 10 13 133 "R"
4 2 10 13 134 "R"
4 -12 50 13 135 "A"
4 -6 50 13 136 "A"
4 -12 10 13 137 "R"
4 1 50 13 138 "A"
4 -15 50 13 139 "A"
4 -12 50 13 140 "A"
4 -15 50 13 141 "A"
4 2 10 13 142 "R"
4 2 10 13 143 "R"
4 -6 50 13 144 "A"
4 -12 10 13 145 "R"
4 1 50 13 146 "A"
4 -12 10 13 147 "R"
4 -3 40 14 1 "V"
4 2 10 14 2 "R"
4 -12 50 14 3 "A"
4 -6 10 14 4 "R"
4 -12 50 14 5 "A"
4 -6 10 14 6 "R"
4 -6 10 14 7 "R"
4 2 10 14 8 "R"
4 -12 50 14 9 "A"
4 80 50 14 10 "A"
4 3 40 14 11 "V"
4 -6 50 14 12 "A"
4 5 10 14 13 "R"
4 2 10 14 14 "R"
4 -12 50 14 15 "A"
4 -6 50 14 16 "A"
4 -12 10 14 17 "R"
4 2 10 14 18 "R"
4 -15 50 14 19 "A"
4 -6 10 14 20 "R"
4 3 50 14 21 "A"
4 -6 50 14 22 "A"
4 5 10 14 23 "R"
4 1 50 14 24 "A"
4 -12 50 14 25 "A"
4 1 50 14 26 "A"
4 -6 10 14 27 "R"
4 1 50 14 28 "A"
4 -12 10 14 29 "R"
4 -3 20 14 30 "F"
4 3 50 14 31 "A"
4 3 50 14 32 "A"
4 -6 50 14 33 "A"
4 -6 10 14 34 "R"
4 -12 50 14 35 "A"
4 2 10 14 36 "R"
4 3 50 14 37 "A"
4 -6 50 14 38 "A"
4 -15 10 14 39 "R"
4 2 10 14 40 "R"
4 -12 50 14 41 "A"
4 1 50 14 42 "A"
4 1 50 14 43 "A"
4 -6 10 14 44 "R"
4 3 50 14 45 "A"
4 1 50 14 46 "A"
4 1 50 14 47 "A"
4 4 10 14 48 "R"
4 -15 10 14 49 "R"
4 -12 10 14 50 "R"
4 3 40 14 51 "V"
4 2 10 14 52 "R"
4 -15 10 14 53 "R"
4 -6 10 14 54 "R"
4 -6 50 14 55 "A"
4 2 10 14 56 "R"
4 1 50 14 57 "A"
4 1 50 14 58 "A"
4 3 50 14 59 "A"
4 1 50 14 60 "A"
4 -6 10 14 61 "R"
4 2 10 14 62 "R"
4 4 10 14 63 "R"
4 -6 50 14 64 "A"
4 -6 10 14 65 "R"
4 1 50 14 66 "A"
4 4 10 14 67 "R"
4 -6 10 14 68 "R"
4 12 50 14 69 "A"
4 3 50 14 70 "A"
4 -6 50 14 71 "A"
4 -6 10 14 72 "R"
4 -6 10 14 73 "R"
4 2 10 14 74 "R"
4 12 50 14 75 "A"
4 -6 50 14 76 "A"
4 -12 10 14 77 "R"
4 2 10 14 78 "R"
4 -12 50 14 79 "A"
4 -6 50 14 80 "A"
4 -6 10 14 81 "R"
4 -12 10 14 82 "R"
4 4 10 14 83 "R"
4 -6 10 14 84 "R"
4 1 50 14 85 "A"
4 -6 50 14 86 "A"
4 2 10 14 87 "R"
4 -15 50 14 88 "A"
4 -6 10 14 89 "R"
4 4 10 14 90 "R"
4 3 50 14 91 "A"
4 1 50 14 92 "A"
4 4 10 14 93 "R"
4 2 10 14 94 "R"
4 -12 10 14 95 "R"
4 2 10 14 96 "R"
4 -6 10 14 97 "R"
4 1 50 14 98 "A"
4 -6 10 14 99 "R"
4 1 50 14 100 "A"
4 4 10 14 101 "R"
4 2 10 14 102 "R"
4 12 50 14 103 "A"
4 1 50 14 104 "A"
4 12 50 14 105 "A"
4 -6 10 14 106 "R"
4 -6 50 14 107 "A"
4 -6 10 14 108 "R"
4 -15 50 14 109 "A"
4 1 50 14 110 "A"
4 -12 50 14 111 "A"
4 -6 10 14 112 "R"
4 -6 10 14 113 "R"
4 2 10 14 114 "R"
4 1 50 14 115 "A"
4 -6 50 14 116 "A"
4 4 10 14 117 "R"
4 2 10 14 118 "R"
4 -12 50 14 119 "A"
4 -6 50 14 120 "A"
4 -6 10 14 121 "R"
4 2 10 14 122 "R"
4 -12 10 14 123 "R"
4 2 10 14 124 "R"
4 -6 10 14 125 "R"
4 1 50 14 126 "A"
4 4 10 14 127 "R"
4 2 10 14 128 "R"
4 1 50 15 1 "A"
4 -6 50 15 2 "A"
4 4 10 15 3 "R"
4 4 10 15 4 "R"
4 5 10 15 5 "R"
4 -6 10 15 6 "R"
4 3 50 15 7 "A"
4 -6 50 15 8 "A"
4 4 10 15 9 "R"
4 2 10 15 10 "R"
4 -12 50 15 11 "A"
4 1 50 15 12 "A"
4 4 10 15 13 "R"
4 -6 10 15 14 "R"
4 -6 50 15 15 "A"
4 -6 50 15 16 "A"
4 -12 50 15 17 "A"
4 -6 10 15 18 "R"
4 -6 50 15 19 "A"
4 4 10 15 20 "R"
4 -15 10 15 21 "R"
4 -6 50 15 22 "A"
4 -6 10 15 23 "R"
4 12 50 15 24 "A"
4 3 50 15 25 "A"
4 1 50 15 26 "A"
4 4 10 15 27 "R"
4 -6 10 15 28 "R"
4 1 50 15 29 "A"
4 2 10 15 30 "R"
4 -12 10 15 31 "R"
4 -6 50 15 32 "A"
4 4 10 15 33 "R"
4 -12 10 15 34 "R"
4 2 10 15 35 "R"
4 1 50 15 36 "A"
4 -12 10 15 37 "R"
4 -6 50 15 38 "A"
4 -12 50 15 39 "A"
4 1 50 15 40 "A"
4 -12 50 15 41 "A"
4 -6 50 15 42 "A"
4 -12 10 15 43 "R"
4 1 50 15 44 "A"
4 2 10 15 45 "R"
4 -6 10 15 46 "R"
4 -15 50 15 47 "A"
4 1 50 15 48 "A"
4 2 10 15 49 "R"
4 -6 10 15 50 "R"
4 -6 50 15 51 "A"
4 -12 10 15 52 "R"
4 3 50 15 53 "A"
4 -6 50 15 54 "A"
4 -12 10 15 55 "R"
4 -12 10 15 56 "R"
4 -12 10 15 57 "R"
4 2 10 15 58 "R"
4 -6 50 15 59 "A"
4 2 10 15 60 "R"
4 -6 10 15 61 "R"
4 -6 50 15 62 "A"
4 4 10 15 63 "R"
4 -6 10 15 64 "R"
4 4 10 15 65 "R"
4 2 10 15 66 "R"
4 -6 50 15 67 "A"
4 4 10 15 68 "R"
4 -12 50 15 69 "A"
4 1 50 15 70 "A"
4 4 10 15 71 "R"
4 -6 10 15 72 "R"
4 3 50 15 73 "A"
4 1 50 15 74 "A"
4 4 10 15 75 "R"
4 -12 10 15 76 "R"
4 -12 10 15 77 "R"
4 1 50 15 78 "A"
4 2 10 15 79 "R"
4 2 10 15 80 "R"
4 -12 50 15 81 "A"
4 -6 10 15 82 "R"
4 -12 10 15 83 "R"
4 -6 10 15 84 "R"
4 -12 50 15 85 "A"
4 -12 10 15 86 "R"
4 -6 50 15 87 "A"
4 4 10 15 88 "R"
4 5 10 15 89 "R"
4 2 10 15 90 "R"
4 1 50 15 91 "A"
4 -6 10 15 92 "R"
4 -12 50 15 93 "A"
4 2 10 15 94 "R"
4 1 50 15 95 "A"
4 -6 10 15 96 "R"
4 4 10 15 97 "R"
4 2 10 15 98 "R"
4 3 50 15 99 "A"
4 1 50 15 100 "A"
4 -15 10 15 101 "R"
4 1 50 15 102 "A"
4 4 10 15 103 "R"
4 -6 10 15 104 "R"
4 3 50 15 105 "A"
4 -6 50 15 106 "A"
4 -12 10 15 107 "R"
4 1 50 15 108 "A"
4 4 10 15 109 "R"
4 2 10 15 110 "R"
4 -6 50 15 111 "A"
4 -12 10 15 112 "R"
4 -6 10 15 113 "R"
4 -6 50 15 114 "A"
4 4 10 15 115 "R"
4 1 50 15 116 "A"
4 3 50 15 117 "A"
4 3 50 15 118 "A"
4 -12 50 15 119 "A"
4 2 10 15 120 "R"
4 4 10 15 121 "R"
4 -6 50 15 122 "A"
4 -12 10 15 123 "R"
4 -6 10 15 124 "R"
4 -15 50 15 125 "A"
4 -6 50 15 126 "A"
4 -6 10 15 127 "R"
4 -6 50 15 128 "A"
4 -6 10 15 129 "R"
4 1 50 15 130 "A"
4 4 10 15 131 "R"
4 -6 10 15 132 "R"
4 -6 50 15 133 "A"
4 -15 10 15 134 "R"
4 3 50 15 135 "A"
4 2 10 15 136 "R"
4 -6 10 15 137 "R"
4 -6 50 15 138 "A"
4 5 10 15 139 "R"
4 2 10 15 140 "R"
4 -6 10 15 141 "R"
4 1 50 15 142 "A"
4 1 50 15 143 "A"
4 -6 10 15 144 "R"
4 5 10 15 145 "R"
4 -6 10 15 146 "R"
4 -12 50 15 147 "A"
4 1 50 15 148 "A"
4 -6 10 15 149 "R"
4 -6 50 15 150 "A"
4 12 50 15 151 "A"
4 1 50 15 152 "A"
4 4 10 15 153 "R"
4 -12 50 16 1 "A"
4 -6 10 16 2 "R"
4 -12 50 16 3 "A"
4 1 50 16 4 "A"
4 3 50 16 5 "A"
4 2 10 16 6 "R"
4 -12 10 16 7 "R"
4 -12 50 16 8 "A"
4 1 50 16 9 "A"
4 -6 10 16 10 "R"
4 -6 50 16 11 "A"
4 -6 50 16 12 "A"
4 -15 50 16 13 "A"
4 1 50 16 14 "A"
4 -6 50 16 15 "A"
4 -3 20 16 16 "F"
4 -6 50 16 17 "A"
4 2 10 16 18 "R"
4 3 50 16 19 "A"
4 1 50 16 20 "A"
4 4 10 16 21 "R"
4 -6 10 16 22 "R"
4 -12 50 16 23 "A"
4 -6 50 16 24 "A"
4 -6 50 16 25 "A"
4 2 20 16 26 "F"
4 -12 50 16 27 "A"
4 1 50 16 28 "A"
4 4 10 16 29 "R"
4 2 10 16 30 "R"
4 -12 10 16 31 "R"
4 -6 10 16 32 "R"
4 12 50 16 33 "A"
4 -6 50 16 34 "A"
4 4 10 16 35 "R"
4 -6 50 16 36 "A"
4 -15 10 16 37 "R"
4 2 10 16 38 "R"
4 -12 50 16 39 "A"
4 -6 50 16 40 "A"
4 -12 10 16 41 "R"
4 4 10 16 42 "R"
4 12 50 16 43 "A"
4 -6 10 16 44 "R"
4 -15 50 16 45 "A"
4 1 50 16 46 "A"
4 -12 10 16 47 "R"
4 4 10 16 48 "R"
4 2 10 16 49 "R"
4 1 50 16 50 "A"
4 4 10 16 51 "R"
4 2 10 16 52 "R"
4 -12 10 16 53 "R"
4 -6 10 16 54 "R"
4 -12 10 16 55 "R"
4 1 50 16 56 "A"
4 5 10 16 57 "R"
4 -6 10 16 58 "R"
4 -6 50 16 59 "A"
4 2 10 16 60 "R"
4 -6 50 16 61 "A"
4 1 50 16 62 "A"
4 5 10 16 63 "R"
4 -15 10 16 64 "R"
4 -15 10 16 65 "R"
4 -6 50 16 66 "A"
4 3 50 16 67 "A"
4 -6 10 16 68 "R"
4 -6 50 16 69 "A"
4 -12 10 16 70 "R"
4 3 50 16 71 "A"
4 2 10 16 72 "R"
4 2 10 16 73 "R"
4 -6 50 16 74 "A"
4 -9 40 16 75 "V"
4 -6 10 16 76 "R"
4 2 10 16 77 "R"
4 2 10 16 78 "R"
4 -12 10 16 79 "R"
4 -6 10 16 80 "R"
4 -12 10 16 81 "R"
4 -6 50 16 82 "A"
4 4 10 16 83 "R"
4 -12 10 16 84 "R"
4 -6 50 16 85 "A"
4 -6 10 16 86 "R"
4 4 10 16 87 "R"
4 -6 50 16 88 "A"
4 4 20 16 89 "F"
4 1 50 16 90 "A"
4 -6 10 16 91 "R"
4 1 50 16 92 "A"
4 4 10 16 93 "R"
4 2 10 16 94 "R"
4 3 50 16 95 "A"
4 2 10 16 96 "R"
4 -12 10 16 97 "R"
4 -12 50 16 98 "A"
4 -6 50 16 99 "A"
4 -6 10 16 100 "R"
4 -6 10 16 101 "R"
4 1 50 16 102 "A"
4 -12 10 16 103 "R"
4 -6 50 16 104 "A"
4 4 10 16 105 "R"
4 1 50 16 106 "A"
4 -12 10 16 107 "R"
4 -12 10 16 108 "R"
4 -6 10 16 109 "R"
4 2 10 16 110 "R"
4 3 50 16 111 "A"
4 3 50 16 112 "A"
4 -12 10 16 113 "R"
4 -6 50 16 114 "A"
4 4 10 16 115 "R"
4 1 50 16 116 "A"
4 4 10 16 117 "R"
4 2 10 16 118 "R"
4 4 10 16 119 "R"
4 1 50 16 120 "A"
4 -12 10 16 121 "R"
4 1 50 16 122 "A"
4 -6 10 16 123 "R"
4 1 50 16 124 "A"
4 4 10 16 125 "R"
4 -6 10 16 126 "R"
4 3 50 16 127 "A"
4 -6 10 16 128 "R"
4 5 10 16 129 "R"
4 2 10 16 130 "R"
4 -12 10 16 131 "R"
4 1 50 16 132 "A"
4 -9 20 17 1 "F"
4 1 50 17 2 "A"
4 -9 40 17 3 "V"
4 -6 10 17 4 "R"
4 -9 20 17 5 "F"
4 -3 20 17 6 "F"
4 -12 50 17 7 "A"
4 -6 50 17 8 "A"
4 -36 20 17 9 "F"
4 -6 50 17 10 "A"
4 2 20 17 11 "F"
4 2 10 17 12 "R"
4 3 50 17 13 "A"
4 -6 50 17 14 "A"
4 4 10 17 15 "R"
4 2 10 17 16 "R"
4 4 10 17 17 "R"
4 1 50 17 18 "A"
4 -15 10 17 19 "R"
4 -6 50 17 20 "A"
4 -12 10 17 21 "R"
4 -6 10 17 22 "R"
4 1 50 17 23 "A"
4 2 10 17 24 "R"
4 4 10 17 25 "R"
4 -12 10 17 26 "R"
4 -12 50 17 27 "A"
4 -6 10 17 28 "R"
4 3 50 17 29 "A"
4 -6 50 17 30 "A"
4 -12 50 17 31 "A"
4 -15 10 17 32 "R"
4 5 10 17 33 "R"
4 -6 10 17 34 "R"
4 1 50 17 35 "A"
4 -6 10 17 36 "R"
4 1 50 17 37 "A"
4 4 10 17 38 "R"
4 2 10 17 39 "R"
4 1 50 17 40 "A"
4 -6 10 17 41 "R"
4 -6 50 17 42 "A"
4 -6 10 17 43 "R"
4 2 10 17 44 "R"
4 -6 50 17 45 "A"
4 -6 10 17 46 "R"
4 -12 10 17 47 "R"
4 -12 50 17 48 "A"
4 -6 50 17 49 "A"
4 -6 10 17 50 "R"
4 3 50 17 51 "A"
4 2 10 17 52 "R"
4 5 10 17 53 "R"
4 -6 50 17 54 "A"
4 -12 10 17 55 "R"
4 1 50 17 56 "A"
4 -12 10 17 57 "R"
4 1 50 17 58 "A"
4 -6 50 17 59 "A"
4 1 50 17 60 "A"
4 -12 50 17 61 "A"
4 2 10 17 62 "R"
4 3 50 17 63 "A"
4 -6 10 17 64 "R"
4 4 10 17 65 "R"
4 1 50 17 66 "A"
4 -12 10 17 67 "R"
4 1 50 17 68 "A"
4 4 10 17 69 "R"
4 -6 10 17 70 "R"
4 1 50 17 71 "A"
4 -6 50 17 72 "A"
4 -12 10 17 73 "R"
4 -6 50 17 74 "A"
4 -15 10 17 75 "R"
4 1 50 17 76 "A"
4 -12 10 17 77 "R"
4 1 50 17 78 "A"
4 -12 10 17 79 "R"
4 2 10 17 80 "R"
4 -12 10 17 81 "R"
4 -6 50 17 82 "A"
4 4 10 17 83 "R"
4 1 50 17 84 "A"
4 3 50 17 85 "A"
4 -6 10 17 86 "R"
4 -12 10 17 87 "R"
4 2 10 17 88 "R"
4 -6 10 17 89 "R"
4 -6 50 17 90 "A"
4 -12 10 17 91 "R"
4 -6 50 17 92 "A"
4 5 10 17 93 "R"
4 2 10 17 94 "R"
4 -12 50 17 95 "A"
4 -6 10 17 96 "R"
4 12 50 17 97 "A"
4 -6 10 17 98 "R"
4 -6 50 17 99 "A"
4 -6 10 17 100 "R"
4 -36 20 17 101 "F"
4 -3 20 17 102 "F"
4 -12 50 17 103 "A"
4 4 10 17 104 "R"
4 1 50 17 105 "A"
4 4 10 17 106 "R"
4 2 10 17 107 "R"
4 -6 10 17 108 "R"
4 2 10 17 109 "R"
4 -6 50 17 110 "A"
4 -12 10 17 111 "R"
4 -6 10 17 112 "R"
4 3 50 17 113 "A"
4 -12 10 17 114 "R"
4 -6 50 17 115 "A"
4 2 10 17 116 "R"
4 2 10 17 117 "R"
4 1 50 17 118 "A"
4 -6 10 17 119 "R"
4 -6 10 17 120 "R"
4 -12 50 17 121 "A"
4 -12 50 17 122 "A"
4 12 50 17 123 "A"
4 1 50 17 124 "A"
4 -15 10 17 125 "R"
4 3 50 17 126 "A"
4 3 50 17 127 "A"
4 4 10 17 128 "R"
4 -6 10 17 129 "R"
4 -6 10 17 130 "R"
4 -12 50 17 131 "A"
4 1 50 18 1 "A"
4 -3 40 18 2 "V"
4 3 40 18 3 "V"
4 4 20 18 4 "F"
4 12 50 18 5 "A"
4 -6 50 18 6 "A"
4 4 10 18 7 "R"
4 -6 50 18 8 "A"
4 3 50 18 9 "A"
4 1 50 18 10 "A"
4 -12 10 18 11 "R"
4 2 10 18 12 "R"
4 4 10 18 13 "R"
4 -6 50 18 14 "A"
4 -6 10 18 15 "R"
4 -6 50 18 16 "A"
4 -12 10 18 17 "R"
4 -6 50 18 18 "A"
4 -6 10 18 19 "R"
4 4 10 18 20 "R"
4 -15 50 18 21 "A"
4 -6 10 18 22 "R"
4 -6 10 18 23 "R"
4 12 50 18 24 "A"
4 4 20 18 25 "F"
4 2 10 18 26 "R"
4 4 10 18 27 "R"
4 -6 10 18 28 "R"
4 1 50 18 29 "A"
4 2 10 18 30 "R"
4 -12 10 18 31 "R"
4 -6 10 18 32 "R"
4 3 50 18 33 "A"
4 -12 10 18 34 "R"
4 2 10 18 35 "R"
4 2 10 18 36 "R"
4 -12 50 18 37 "A"
4 -6 50 18 38 "A"
4 -12 10 18 39 "R"
4 1 50 18 40 "A"
4 -12 10 18 41 "R"
4 -6 10 18 42 "R"
4 -12 50 18 43 "A"
4 2 10 18 44 "R"
4 1 50 18 45 "A"
4 -6 10 18 46 "R"
4 -15 50 18 47 "A"
4 1 50 18 48 "A"
4 1 50 18 49 "A"
4 -6 50 18 50 "A"
4 -6 10 18 51 "R"
4 -12 50 18 52 "A"
4 3 50 18 53 "A"
4 -6 50 18 54 "A"
4 -12 50 18 55 "A"
4 -12 10 18 56 "R"
4 -12 10 18 57 "R"
4 1 50 18 58 "A"
4 -6 10 18 59 "R"
4 1 50 18 60 "A"
4 -6 10 18 61 "R"
4 -6 50 18 62 "A"
4 4 10 18 63 "R"
4 -6 50 18 64 "A"
4 4 10 18 65 "R"
4 1 50 18 66 "A"
4 -6 10 18 67 "R"
4 3 50 18 68 "A"
4 -12 50 18 69 "A"
4 2 10 18 70 "R"
4 4 10 18 71 "R"
4 -6 50 18 72 "A"
4 4 10 18 73 "R"
4 2 10 18 74 "R"
4 3 50 18 75 "A"
4 -12 50 18 76 "A"
4 -12 10 18 77 "R"
4 1 50 18 78 "A"
4 2 10 18 79 "R"
4 2 10 18 80 "R"
4 -12 50 18 81 "A"
4 -6 10 18 82 "R"
4 -12 50 18 83 "A"
4 -6 10 18 84 "R"
4 -12 50 18 85 "A"
4 -9 40 18 86 "V"
4 -3 40 18 87 "V"
4 4 10 18 88 "R"
4 5 10 18 89 "R"
4 1 50 18 90 "A"
4 2 10 18 91 "R"
4 -6 10 18 92 "R"
4 -9 20 18 93 "F"
4 2 10 18 94 "R"
4 2 10 18 95 "R"
4 -6 50 18 96 "A"
4 4 10 18 97 "R"
4 1 50 18 98 "A"
4 4 10 18 99 "R"
4 2 10 18 100 "R"
4 -15 50 18 101 "A"
4 1 50 18 102 "A"
4 4 10 18 103 "R"
4 -6 10 18 104 "R"
4 3 50 18 105 "A"
4 -6 10 18 106 "R"
4 -12 50 18 107 "A"
4 2 10 18 108 "R"
4 3 50 18 109 "A"
4 2 10 18 110 "R"
4 -6 10 18 111 "R"
4 -12 10 18 112 "R"
4 -6 10 18 113 "R"
4 -6 10 18 114 "R"
4 4 10 18 115 "R"
4 2 10 18 116 "R"
4 3 50 18 117 "A"
4 3 50 18 118 "A"
4 -12 50 18 119 "A"
4 2 10 18 120 "R"
4 3 50 18 121 "A"
4 -6 50 18 122 "A"
4 -12 10 18 123 "R"
4 -6 10 18 124 "R"
4 -15 50 18 125 "A"
4 -6 50 18 126 "A"
4 -6 10 18 127 "R"
4 -6 10 18 128 "R"
4 -6 10 18 129 "R"
4 1 50 18 130 "A"
4 4 10 18 131 "R"
4 -6 10 18 132 "R"
4 -6 50 18 133 "A"
4 -15 10 18 134 "R"
4 3 50 18 135 "A"
4 1 50 18 136 "A"
4 -6 10 18 137 "R"
4 -6 10 18 138 "R"
4 12 50 18 139 "A"
4 1 50 18 140 "A"
4 -6 10 18 141 "R"
4 1 50 18 142 "A"
4 2 10 18 143 "R"
4 -9 40 19 1 "V"
4 1 50 19 2 "A"
4 -6 10 19 3 "R"
4 -12 10 19 4 "R"
4 -6 10 19 5 "R"
4 -6 50 19 6 "A"
4 -15 10 19 7 "R"
4 2 10 19 8 "R"
4 3 50 19 9 "A"
4 1 50 19 10 "A"
4 -12 10 19 11 "R"
4 4 10 19 12 "R"
4 3 50 19 13 "A"
4 1 50 19 14 "A"
4 2 10 19 15 "R"
4 4 10 19 16 "R"
4 -12 10 19 17 "R"
4 -6 10 19 18 "R"
4 5 10 19 19 "R"
4 -12 50 19 20 "A"
4 1 50 19 21 "A"
4 2 10 19 22 "R"
4 -6 10 19 23 "R"
4 3 50 19 24 "A"
4 4 10 19 25 "R"
4 2 10 19 26 "R"
4 -15 50 19 27 "A"
4 -6 50 19 28 "A"
4 -12 10 19 29 "R"
4 -6 10 19 30 "R"
4 -12 50 19 31 "A"
4 1 50 19 32 "A"
4 -12 10 19 33 "R"
4 2 10 19 34 "R"
4 -6 50 19 35 "A"
4 2 10 19 36 "R"
4 -12 50 19 37 "A"
4 -12 50 19 38 "A"
4 2 10 19 39 "R"
4 1 50 19 40 "A"
4 -12 10 19 41 "R"
4 -6 10 19 42 "R"
4 -12 50 19 43 "A"
4 -12 10 19 44 "R"
4 -12 50 19 45 "A"
4 1 50 19 46 "A"
4 4 20 19 47 "F"
4 4 10 19 48 "R"
4 2 10 19 49 "R"
4 1 50 19 50 "A"
4 -12 10 19 51 "R"
4 -6 10 19 52 "R"
4 1 50 19 53 "A"
4 -6 10 19 54 "R"
4 -6 50 19 55 "A"
4 1 50 19 56 "A"
4 -12 10 19 57 "R"
4 1 50 19 58 "A"
4 -12 10 19 59 "R"
4 2 10 19 60 "R"
4 -12 50 19 61 "A"
4 3 50 19 62 "A"
4 3 50 19 63 "A"
4 1 50 19 64 "A"
4 1 50 19 65 "A"
4 2 10 19 66 "R"
4 2 10 19 67 "R"
4 -6 10 19 68 "R"
4 -6 50 19 69 "A"
4 2 10 19 70 "R"
4 -6 50 19 71 "A"
4 2 20 19 72 "F"
4 -12 10 19 73 "R"
4 3 50 19 74 "A"
4 -15 10 19 75 "R"
4 -9 20 19 76 "F"
4 -15 50 19 77 "A"
4 -6 10 19 78 "R"
4 1 50 19 79 "A"
4 2 10 19 80 "R"
4 -12 10 19 81 "R"
4 -6 50 19 82 "A"
4 2 10 19 83 "R"
4 -6 10 19 84 "R"
4 -12 10 19 85 "R"
4 2 20 19 86 "F"
4 -15 10 19 87 "R"
4 2 10 19 88 "R"
4 -6 50 19 89 "A"
4 2 10 19 90 "R"
4 -6 10 19 91 "R"
4 -6 50 19 92 "A"
4 -12 50 19 93 "A"
4 -6 10 19 94 "R"
4 5 10 19 95 "R"
4 -12 50 19 96 "A"
4 -6 10 19 97 "R"
4 1 50 19 98 "A"
4 4 10 19 99 "R"
4 -6 10 19 100 "R"
4 3 40 19 101 "V"
4 1 50 19 102 "A"
4 2 10 19 103 "R"
4 2 10 19 104 "R"
4 12 50 19 105 "A"
4 -6 50 19 106 "A"
4 4 10 19 107 "R"
4 -6 10 19 108 "R"
4 3 50 19 109 "A"
4 -6 50 19 110 "A"
4 -6 10 19 111 "R"
4 -3 20 19 112 "F"
4 12 50 19 113 "A"
4 1 50 19 114 "A"
4 -15 10 19 115 "R"
4 2 10 19 116 "R"
4 3 50 19 117 "A"
4 -6 50 19 118 "A"
4 4 10 19 119 "R"
4 -6 50 19 120 "A"
4 2 10 19 121 "R"
4 2 10 19 122 "R"
4 -6 10 19 123 "R"
4 -6 50 19 124 "A"
4 -12 10 19 125 "R"
4 -6 50 19 126 "A"
4 -15 10 19 127 "R"
4 -6 10 19 128 "R"
4 -6 10 19 129 "R"
4 -6 10 19 130 "R"
4 -12 50 19 131 "A"
4 -6 10 19 132 "R"
4 -12 50 19 133 "A"
4 -6 50 19 134 "A"
4 -12 10 19 135 "R"
4 2 10 19 136 "R"
4 12 50 19 137 "A"
4 -12 10 20 1 "R"
4 -6 50 20 2 "A"
4 -12 50 20 3 "A"
4 2 10 20 4 "R"
4 4 10 20 5 "R"
4 1 50 20 6 "A"
4 -12 50 20 7 "A"
4 -9 20 20 8 "F"
4 1 50 20 9 "A"
4 80 50 20 10 "A"
4 -6 50 20 11 "A"
4 -6 10 20 12 "R"
4 -15 10 20 13 "R"
4 1 50 20 14 "A"
4 -3 20 20 15 "F"
4 -6 50 20 16 "A"
4 -6 10 20 17 "R"
4 2 10 20 18 "R"
4 3 50 20 19 "A"
4 1 50 20 20 "A"
4 4 10 20 21 "R"
4 -6 10 20 22 "R"
4 -12 50 20 23 "A"
4 -6 10 20 24 "R"
4 -6 50 20 25 "A"
4 2 10 20 26 "R"
4 -12 10 20 27 "R"
4 2 10 20 28 "R"
4 4 10 20 29 "R"
4 1 50 20 30 "A"
4 -12 10 20 31 "R"
4 -6 50 20 32 "A"
4 12 50 20 33 "A"
4 -6 50 20 34 "A"
4 4 20 20 35 "F"
4 -6 10 20 36 "R"
4 -15 50 20 37 "A"
4 2 10 20 38 "R"
4 -12 50 20 39 "A"
4 -6 10 20 40 "R"
4 -12 10 20 41 "R"
4 3 50 20 42 "A"
4 12 50 20 43 "A"
4 -6 10 20 44 "R"
4 -15 50 20 45 "A"
4 2 10 20 46 "R"
4 -12 50 20 47 "A"
4 3 50 20 48 "A"
4 1 50 20 49 "A"
4 2 10 20 50 "R"
4 4 10 20 51 "R"
4 2 10 20 52 "R"
4 -12 10 20 53 "R"
4 -6 10 20 54 "R"
4 -12 10 20 55 "R"
4 2 10 20 56 "R"
4 12 50 20 57 "A"
4 -6 50 20 58 "A"
4 -6 10 20 59 "R"
4 1 50 20 60 "A"
4 -6 10 20 61 "R"
4 1 50 20 62 "A"
4 5 10 20 63 "R"
4 -15 10 20 64 "R"
4 -15 50 20 65 "A"
4 -6 50 20 66 "A"
4 4 10 20 67 "R"
4 -6 10 20 68 "R"
4 -6 50 20 69 "A"
4 -12 10 20 70 "R"
4 4 10 20 71 "R"
4 1 50 20 72 "A"
4 2 10 20 73 "R"
4 -6 10 20 74 "R"
4 -12 50 20 75 "A"
4 -6 50 20 76 "A"
4 2 10 20 77 "R"
4 1 50 20 78 "A"
4 -12 10 20 79 "R"
4 -6 50 20 80 "A"
4 -12 10 20 81 "R"
4 -6 50 20 82 "A"
4 4 10 20 83 "R"
4 -12 50 20 84 "A"
4 -6 50 20 85 "A"
4 -6 50 20 86 "A"
4 4 10 20 87 "R"
4 -6 50 20 88 "A"
4 4 10 20 89 "R"
4 2 10 20 90 "R"
4 -6 10 20 91 "R"
4 1 40 20 92 "V"
4 3 40 20 93 "V"
4 1 50 20 94 "A"
4 4 10 20 95 "R"
4 2 10 20 96 "R"
4 -12 50 20 97 "A"
4 -12 10 20 98 "R"
4 -6 10 20 99 "R"
4 -6 10 20 100 "R"
4 -6 50 20 101 "A"
4 2 10 20 102 "R"
4 -12 50 20 103 "A"
4 -6 10 20 104 "R"
4 3 50 20 105 "A"
4 1 50 20 106 "A"
4 -12 10 20 107 "R"
4 -12 10 20 108 "R"
4 -6 10 20 109 "R"
4 1 50 20 110 "A"
4 4 10 20 111 "R"
4 4 10 20 112 "R"
4 -12 50 20 113 "A"
4 -6 10 20 114 "R"
4 3 50 20 115 "A"
4 2 10 20 116 "R"
4 4 10 20 117 "R"
4 1 50 20 118 "A"
4 4 10 20 119 "R"
4 1 50 21 1 "A"
4 2 10 21 2 "R"
4 3 50 21 3 "A"
4 -3 20 21 4 "F"
4 -12 50 21 5 "A"
4 2 10 21 6 "R"
4 2 10 21 7 "R"
4 -6 50 21 8 "A"
4 -9 20 21 9 "F"
4 1 50 21 10 "A"
4 2 10 21 11 "R"
4 2 10 21 12 "R"
4 2 10 21 13 "R"
4 -6 50 21 14 "A"
4 -6 10 21 15 "R"
4 -3 20 21 16 "F"
4 -12 10 21 17 "R"
4 -6 50 21 18 "A"
4 -12 10 21 19 "R"
4 2 10 21 20 "R"
4 4 10 21 21 "R"
4 -12 50 21 22 "A"
4 -12 10 21 23 "R"
4 1 50 21 24 "A"
4 2 10 21 25 "R"
4 -12 10 21 26 "R"
4 1 50 21 27 "A"
4 -6 10 21 28 "R"
4 -15 10 21 29 "R"
4 4 20 21 30 "F"
4 -6 50 21 31 "A"
4 2 10 21 32 "R"
4 12 50 21 33 "A"
4 -12 50 21 34 "A"
4 -15 50 21 35 "A"
4 -6 10 21 36 "R"
4 3 50 21 37 "A"
4 2 10 21 38 "R"
4 -12 10 21 39 "R"
4 1 50 21 40 "A"
4 5 10 21 41 "R"
4 4 10 21 42 "R"
4 -12 10 21 43 "R"
4 2 10 21 44 "R"
4 -12 10 21 45 "R"
4 1 50 21 46 "A"
4 -15 10 21 47 "R"
4 1 40 21 48 "V"
4 4 10 21 49 "R"
4 2 10 21 50 "R"
4 -6 50 21 51 "A"
4 1 50 21 52 "A"
4 4 10 21 53 "R"
4 -6 10 21 54 "R"
4 12 50 21 55 "A"
4 -6 50 21 56 "A"
4 -12 50 21 57 "A"
4 2 10 21 58 "R"
4 3 50 21 59 "A"
4 -12 50 21 60 "A"
4 -3 40 21 61 "V"
4 -6 50 21 62 "A"
4 5 10 21 63 "R"
4 1 50 21 64 "A"
4 4 10 21 65 "R"
4 -6 10 21 66 "R"
4 1 50 21 67 "A"
4 2 20 21 68 "F"
4 -6 10 21 69 "R"
4 -6 50 21 70 "A"
4 2 10 21 71 "R"
4 -6 50 21 72 "A"
4 -12 10 21 73 "R"
4 3 50 21 74 "A"
4 12 50 21 75 "A"
4 1 50 21 76 "A"
4 -12 10 21 77 "R"
4 -6 50 21 78 "A"
4 3 50 21 79 "A"
4 -12 10 21 80 "R"
4 4 10 21 81 "R"
4 1 50 21 82 "A"
4 -6 10 21 83 "R"
4 -6 50 21 84 "A"
4 3 50 21 85 "A"
4 -6 10 21 86 "R"
4 3 50 21 87 "A"
4 -6 10 21 88 "R"
4 3 50 21 89 "A"
4 2 10 21 90 "R"
4 -12 10 21 91 "R"
4 -6 50 21 92 "A"
4 5 10 21 93 "R"
4 -6 10 21 94 "R"
4 -12 50 21 95 "A"
4 3 50 21 96 "A"
4 4 10 21 97 "R"
4 4 10 21 98 "R"
4 1 50 21 99 "A"
4 2 10 21 100 "R"
4 2 10 21 101 "R"
4 4 10 21 102 "R"
4 5 10 21 103 "R"
4 -12 50 21 104 "A"
4 5 10 21 105 "R"
4 -6 50 21 106 "A"
4 -6 10 21 107 "R"
4 -6 10 21 108 "R"
4 3 50 21 109 "A"
4 -6 10 21 110 "R"
4 1 50 21 111 "A"
4 -6 10 21 112 "R"
4 1 50 21 113 "A"
4 2 10 21 114 "R"
4 -6 10 21 115 "R"
4 -6 50 21 116 "A"
4 -15 10 21 117 "R"
4 2 10 21 118 "R"
4 -6 10 21 119 "R"
4 3 50 21 120 "A"
4 -6 10 21 121 "R"
4 -6 50 21 122 "A"
4 -15 10 21 123 "R"
4 1 50 21 124 "A"
4 -12 10 21 125 "R"
4 -6 50 21 126 "A"
4 -6 10 21 127 "R"
4 1 50 21 128 "A"
4 -12 10 21 129 "R"
4 -12 50 21 130 "A"
4 4 10 21 131 "R"
4 1 50 21 132 "A"
4 -12 10 21 133 "R"
4 -6 50 21 134 "A"
4 -12 10 21 135 "R"
4 3 50 21 136 "A"
4 -12 50 21 137 "A"
4 2 10 21 138 "R"
4 4 10 21 139 "R"
4 -12 50 21 140 "A"
4 2 10 21 141 "R"
4 1 50 21 142 "A"
4 -6 10 21 143 "R"
4 -6 50 21 144 "A"
4 -9 40 21 145 "V"
4 1 50 21 146 "A"
4 2 10 21 147 "R"
4 -12 10 21 148 "R"
4 -6 10 21 149 "R"
4 4 10 21 150 "R"
4 -15 50 21 151 "A"
4 -3 40 21 152 "V"
4 3 50 21 153 "A"
4 -6 10 21 154 "R"
4 2 10 22 1 "R"
4 -6 50 22 2 "A"
4 -12 10 22 3 "R"
4 3 50 22 4 "A"
4 -6 50 22 5 "A"
4 2 10 22 6 "R"
4 -12 10 22 7 "R"
4 2 20 22 8 "F"
4 -12 10 22 9 "R"
4 80 50 22 10 "A"
4 -15 10 22 11 "R"
4 -6 50 22 12 "A"
4 -12 10 22 13 "R"
4 4 20 22 14 "F"
4 -6 10 22 15 "R"
4 1 50 22 16 "A"
4 4 20 22 17 "F"
4 2 10 22 18 "R"
4 3 50 22 19 "A"
4 -12 50 22 20 "A"
4 -12 10 22 21 "R"
4 2 10 22 22 "R"
4 -12 50 22 23 "A"
4 -12 10 22 24 "R"
4 3 50 22 25 "A"
4 2 10 22 26 "R"
4 -6 10 22 27 "R"
4 -6 50 22 28 "A"
4 -9 20 22 29 "F"
4 -6 50 22 30 "A"
4 -6 10 22 31 "R"
4 -6 10 22 32 "R"
4 -6 50 22 33 "A"
4 4 10 22 34 "R"
4 -6 50 22 35 "A"
4 -6 10 22 36 "R"
4 -12 50 22 37 "A"
4 3 50 22 38 "A"
4 5 10 22 39 "R"
4 -6 10 22 40 "R"
4 -6 50 22 41 "A"
4 2 10 22 42 "R"
4 -12 10 22 43 "R"
4 -6 50 22 44 "A"
4 4 10 22 45 "R"
4 -6 50 22 46 "A"
4 2 10 22 47 "R"
4 -6 50 22 48 "A"
4 -12 50 22 49 "A"
4 1 50 22 50 "A"
4 -12 50 22 51 "A"
4 -6 50 22 52 "A"
4 1 50 22 53 "A"
4 -6 10 22 54 "R"
4 4 10 22 55 "R"
4 1 50 22 56 "A"
4 4 10 22 57 "R"
4 2 10 22 58 "R"
4 3 50 22 59 "A"
4 -6 10 22 60 "R"
4 -15 50 22 61 "A"
4 1 50 22 62 "A"
4 -6 10 22 63 "R"
4 1 50 22 64 "A"
4 -12 10 22 65 "R"
4 -3 40 22 66 "V"
4 -15 10 22 67 "R"
4 -6 10 22 68 "R"
4 2 10 22 69 "R"
4 -6 10 22 70 "R"
4 3 50 22 71 "A"
4 4 10 22 72 "R"
4 -15 10 22 73 "R"
4 -6 50 22 74 "A"
4 2 10 22 75 "R"
4 -12 50 22 76 "A"
4 -6 50 22 77 "A"
4 -6 50 22 78 "A"
4 -6 10 22 79 "R"
4 2 10 22 80 "R"
4 3 50 22 81 "A"
4 -6 50 22 82 "A"
4 4 10 22 83 "R"
4 -6 50 22 84 "A"
4 -15 10 22 85 "R"
4 -6 50 22 86 "A"
4 -6 10 22 87 "R"
4 -6 50 22 88 "A"
4 -12 10 22 89 "R"
4 1 50 22 90 "A"
4 5 10 22 91 "R"
4 2 10 22 92 "R"
4 -12 50 22 93 "A"
4 -12 50 22 94 "A"
4 1 50 22 95 "A"
4 -12 10 22 96 "R"
4 3 50 22 97 "A"
4 2 10 22 98 "R"
4 -15 10 22 99 "R"
4 -6 50 22 100 "A"
4 2 10 22 101 "R"
4 -6 50 22 102 "A"
4 -15 10 22 103 "R"
4 2 10 22 104 "R"
4 -12 50 22 105 "A"
4 2 10 22 106 "R"
4 4 10 22 107 "R"
4 -6 50 22 108 "A"
4 -6 10 22 109 "R"
4 -3 20 22 110 "F"
4 2 10 22 111 "R"
4 -6 10 22 112 "R"
4 -15 10 22 113 "R"
4 1 50 22 114 "A"
4 -12 10 22 115 "R"
4 -12 10 22 116 "R"
4 -15 50 22 117 "A"
4 -12 10 22 118 "R"
4 -12 10 23 1 "R"
4 1 50 23 2 "A"
4 -6 10 23 3 "R"
4 -12 10 23 4 "R"
4 -6 50 23 5 "A"
4 -6 10 23 6 "R"
4 -15 50 23 7 "A"
4 1 50 23 8 "A"
4 3 50 23 9 "A"
4 1 50 23 10 "A"
4 -12 10 23 11 "R"
4 4 10 23 12 "R"
4 4 10 23 13 "R"
4 2 10 23 14 "R"
4 1 50 23 15 "A"
4 3 50 23 16 "A"
4 -12 50 23 17 "A"
4 -6 10 23 18 "R"
4 12 50 23 19 "A"
4 -12 50 23 20 "A"
4 2 10 23 21 "R"
4 2 10 23 22 "R"
4 -6 50 23 23 "A"
4 4 20 23 24 "F"
4 4 10 23 25 "R"
4 2 10 23 26 "R"
4 -15 50 23 27 "A"
4 -6 10 23 28 "R"
4 -12 50 23 29 "A"
4 -6 50 23 30 "A"
4 -12 50 23 31 "A"
4 1 50 23 32 "A"
4 -12 10 23 33 "R"
4 2 20 23 34 "F"
4 -6 10 23 35 "R"
4 1 50 23 36 "A"
4 -12 50 23 37 "A"
4 -12 50 23 38 "A"
4 1 50 23 39 "A"
4 2 10 23 40 "R"
4 -12 10 23 41 "R"
4 -6 10 23 42 "R"
4 -12 50 23 43 "A"
4 -12 50 23 44 "A"
4 -12 50 23 45 "A"
4 1 50 23 46 "A"
4 4 10 23 47 "R"
4 4 10 23 48 "R"
4 2 10 23 49 "R"
4 1 50 23 50 "A"
4 -12 10 23 51 "R"
4 -6 10 23 52 "R"
4 1 40 23 53 "V"
4 -6 50 23 54 "A"
4 -6 50 23 55 "A"
4 1 50 23 56 "A"
4 -12 10 23 57 "R"
4 1 50 23 58 "A"
4 -12 10 23 59 "R"
4 2 10 23 60 "R"
4 -12 50 23 61 "A"
4 3 50 23 62 "A"
4 4 10 23 63 "R"
4 2 10 23 64 "R"
4 2 10 23 65 "R"
4 1 50 23 66 "A"
4 2 10 23 67 "R"
4 -6 10 23 68 "R"
4 -6 50 23 69 "A"
4 1 50 23 70 "A"
4 -6 10 23 71 "R"
4 1 50 23 72 "A"
4 -12 10 23 73 "R"
4 4 10 23 74 "R"
4 -15 10 23 75 "R"
4 -12 50 23 76 "A"
4 -15 50 23 77 "A"
4 -6 50 23 78 "A"
4 2 10 23 79 "R"
4 1 50 23 80 "A"
4 -12 10 23 81 "R"
4 -6 10 23 82 "R"
4 1 40 23 83 "V"
4 -6 10 23 84 "R"
4 -12 50 23 85 "A"
4 2 10 23 86 "R"
4 -15 50 23 87 "A"
4 2 10 23 88 "R"
4 -6 50 23 89 "A"
4 1 50 23 90 "A"
4 -6 10 23 91 "R"
4 -6 10 23 92 "R"
4 -12 50 23 93 "A"
4 -6 50 23 94 "A"
4 5 10 23 95 "R"
4 -12 50 23 96 "A"
4 -6 10 23 97 "R"
4 1 50 23 98 "A"
4 4 10 23 99 "R"
4 -6 10 23 100 "R"
4 4 10 23 101 "R"
4 2 10 23 102 "R"
4 2 10 23 103 "R"
4 2 10 23 104 "R"
4 12 50 23 105 "A"
4 -6 50 23 106 "A"
4 4 10 23 107 "R"
4 -6 10 23 108 "R"
4 4 10 23 109 "R"
4 -6 10 23 110 "R"
4 -6 50 23 111 "A"
4 -6 10 23 112 "R"
4 12 50 23 113 "A"
4 1 50 23 114 "A"
4 -15 10 23 115 "R"
4 2 10 23 116 "R"
4 3 50 23 117 "A"
4 -6 10 23 118 "R"
4 4 10 23 119 "R"
4 -6 10 23 120 "R"
4 1 50 23 121 "A"
4 2 10 23 122 "R"
4 -6 10 23 123 "R"
4 -6 50 23 124 "A"
4 -12 50 23 125 "A"
4 -6 50 23 126 "A"
4 -15 10 23 127 "R"
4 -6 50 23 128 "A"
4 -6 10 23 129 "R"
4 -6 10 23 130 "R"
4 -12 50 23 131 "A"
4 -6 50 23 132 "A"
4 -12 10 23 133 "R"
4 -6 10 23 134 "R"
4 -12 50 23 135 "A"
4 2 10 23 136 "R"
4 12 50 23 137 "A"
4 1 50 23 138 "A"
4 -12 10 23 139 "R"
4 -9 20 24 1 "F"
4 1 50 24 2 "A"
4 -6 10 24 3 "R"
4 -12 10 24 4 "R"
4 -6 50 24 5 "A"
4 -6 10 24 6 "R"
4 -15 50 24 7 "A"
4 1 50 24 8 "A"
4 4 10 24 9 "R"
4 2 10 24 10 "R"
4 -12 10 24 11 "R"
4 3 50 24 12 "A"
4 3 50 24 13 "A"
4 1 50 24 14 "A"
4 2 10 24 15 "R"
4 4 10 24 16 "R"
4 -12 10 24 17 "R"
4 -3 20 24 18 "F"
4 12 50 24 19 "A"
4 -12 50 24 20 "A"
4 2 10 24 21 "R"
4 2 10 24 22 "R"
4 -6 10 24 23 "R"
4 3 50 24 24 "A"
4 4 20 24 25 "F"
4 2 10 24 26 "R"
4 -15 50 24 27 "A"
4 -6 50 24 28 "A"
4 -12 10 24 29 "R"
4 -6 10 24 30 "R"
4 -12 10 24 31 "R"
4 1 50 24 32 "A"
4 -12 10 24 33 "R"
4 1 50 24 34 "A"
4 -6 50 24 35 "A"
4 2 10 24 36 "R"
4 -12 50 24 37 "A"
4 -12 10 24 38 "R"
4 1 50 24 39 "A"
4 2 10 24 40 "R"
4 -12 10 24 41 "R"
4 -6 50 24 42 "A"
4 -12 10 24 43 "R"
4 -12 10 24 44 "R"
4 -12 50 24 45 "A"
4 2 10 24 46 "R"
4 4 10 24 47 "R"
4 4 10 24 48 "R"
4 2 10 24 49 "R"
4 1 50 24 50 "A"
4 -12 10 24 51 "R"
4 -6 50 24 52 "A"
4 2 10 24 53 "R"
4 -6 50 24 54 "A"
4 -6 10 24 55 "R"
4 2 10 24 56 "R"
4 -12 10 24 57 "R"
4 2 10 24 58 "R"
4 -12 10 24 59 "R"
4 80 50 24 60 "A"
4 -12 10 24 61 "R"
4 3 50 24 62 "A"
4 4 10 24 63 "R"
4 2 10 24 64 "R"
4 1 50 24 65 "A"
4 2 10 24 66 "R"
4 2 10 24 67 "R"
4 -6 10 24 68 "R"
4 -6 50 24 69 "A"
4 2 10 24 70 "R"
4 -6 50 24 71 "A"
4 2 10 24 72 "R"
4 -12 50 24 73 "A"
4 3 50 24 74 "A"
4 -15 10 24 75 "R"
4 -12 50 24 76 "A"
4 -15 50 24 77 "A"
4 -6 50 24 78 "A"
4 2 10 24 79 "R"
4 1 50 24 80 "A"
4 -12 10 24 81 "R"
4 -6 50 24 82 "A"
4 2 10 24 83 "R"
4 -6 50 24 84 "A"
4 -9 20 24 85 "F"
4 1 50 24 86 "A"
4 -15 10 24 87 "R"
4 2 20 24 88 "F"
4 -6 50 24 89 "A"
4 2 10 24 90 "R"
4 -6 50 24 91 "A"
4 -6 10 24 92 "R"
4 -12 50 24 93 "A"
4 -6 10 24 94 "R"
4 5 10 24 95 "R"
4 -12 50 24 96 "A"
4 -6 50 24 97 "A"
4 2 10 24 98 "R"
4 3 50 24 99 "A"
4 -6 10 24 100 "R"
4 3 50 24 101 "A"
4 1 50 24 102 "A"
4 2 10 24 103 "R"
4 2 10 24 104 "R"
4 12 50 24 105 "A"
4 -6 50 24 106 "A"
4 4 10 24 107 "R"
4 -6 50 24 108 "A"
4 4 10 24 109 "R"
4 -6 50 24 110 "A"
4 -6 10 24 111 "R"
4 -6 10 24 112 "R"
4 12 40 24 113 "V"
4 1 50 24 114 "A"
4 -15 10 24 115 "R"
4 1 50 24 116 "A"
4 4 10 24 117 "R"
4 -6 10 24 118 "R"
4 3 50 24 119 "A"
4 -6 10 24 120 "R"
4 1 50 24 121 "A"
4 2 10 24 122 "R"
4 -6 10 24 123 "R"
4 -6 50 24 124 "A"
4 -12 50 24 125 "A"
4 -6 10 24 126 "R"
4 -15 10 24 127 "R"
4 -6 50 24 128 "A"
4 -6 10 24 129 "R"
4 -6 50 24 130 "A"
4 -12 10 24 131 "R"
4 2 20 25 1 "F"
4 -6 10 25 2 "R"
4 -9 40 25 3 "V"
4 4 10 25 4 "R"
4 -6 50 25 5 "A"
4 2 10 25 6 "R"
4 -12 10 25 7 "R"
4 1 50 25 8 "A"
4 -12 10 25 9 "R"
4 2 10 25 10 "R"
4 -15 50 25 11 "A"
4 -6 50 25 12 "A"
4 -12 50 25 13 "A"
4 4 10 25 14 "R"
4 -6 10 25 15 "R"
4 1 50 25 16 "A"
4 3 50 25 17 "A"
4 1 50 25 18 "A"
4 4 10 25 19 "R"
4 -12 10 25 20 "R"
4 -12 50 25 21 "A"
4 1 50 25 22 "A"
4 -12 10 25 23 "R"
4 -12 10 25 24 "R"
4 3 50 25 25 "A"
4 1 50 25 26 "A"
4 -6 10 25 27 "R"
4 -6 10 25 28 "R"
4 -12 50 25 29 "A"
4 -6 10 25 30 "R"
4 -6 50 25 31 "A"
4 -6 10 25 32 "R"
4 -6 10 25 33 "R"
4 4 10 25 34 "R"
4 -6 50 25 35 "A"
4 -6 10 25 36 "R"
4 -12 10 25 37 "R"
4 3 50 25 38 "A"
4 12 50 25 39 "A"
4 -6 50 25 40 "A"
4 -6 10 25 41 "R"
4 2 10 25 42 "R"
4 -12 10 25 43 "R"
4 -3 40 25 44 "V"
4 4 10 25 45 "R"
4 -6 10 25 46 "R"
4 1 50 25 47 "A"
4 -6 10 25 48 "R"
4 -12 50 25 49 "A"
4 2 20 25 50 "F"
4 -12 10 25 51 "R"
4 -6 10 25 52 "R"
4 1 50 25 53 "A"
4 -6 10 25 54 "R"
4 3 50 25 55 "A"
4 1 50 25 56 "A"
4 4 10 25 57 "R"
4 2 10 25 58 "R"
4 3 50 25 59 "A"
4 -6 50 25 60 "A"
4 -15 10 25 61 "R"
4 2 20 25 62 "F"
4 -6 50 25 63 "A"
4 2 10 25 64 "R"
4 -12 50 25 65 "A"
4 -6 10 25 66 "R"
4 -15 50 25 67 "A"
4 -6 50 25 68 "A"
4 2 20 25 69 "F"
4 -6 10 25 70 "R"
4 3 50 25 71 "A"
4 3 50 25 72 "A"
4 -15 50 25 73 "A"
4 -3 20 25 74 "F"
4 1 50 25 75 "A"
4 -12 10 25 76 "R"
4 -6 50 25 77 "A"
4 -6 10 25 78 "R"
4 -6 50 25 79 "A"
4 2 10 25 80 "R"
4 3 50 25 81 "A"
4 -6 50 25 82 "A"
4 4 10 25 83 "R"
4 -6 50 25 84 "A"
4 -15 10 25 85 "R"
4 -6 10 25 86 "R"
4 -6 10 25 87 "R"
4 -6 10 25 88 "R"
4 -12 10 25 89 "R"
4 1 50 25 90 "A"
4 5 10 25 91 "R"
4 2 10 25 92 "R"
4 -12 50 25 93 "A"
4 -12 10 25 94 "R"
4 2 10 25 95 "R"
4 -12 50 25 96 "A"
4 4 10 25 97 "R"
4 1 50 25 98 "A"
4 -36 20 25 99 "F"
4 -3 40 25 100 "V"
4 2 10 25 101 "R"
4 -6 10 25 102 "R"
4 -15 50 25 103 "A"
4 2 10 25 104 "R"
4 -12 50 25 105 "A"
4 2 20 25 106 "F"
4 3 50 25 107 "A"
4 -6 50 25 108 "A"
4 -6 10 25 109 "R"
4 -3 40 25 110 "V"
4 1 50 25 111 "A"
4 -6 10 25 112 "R"
4 -15 50 25 113 "A"
4 2 10 25 114 "R"
4 -12 50 25 115 "A"
4 -9 20 25 116 "F"
4 -15 50 25 117 "A"
4 -12 50 25 118 "A"
4 -12 50 25 119 "A"
4 2 10 25 120 "R"
4 -9 20 25 121 "F"
4 -6 50 25 122 "A"
4 -12 10 25 123 "R"
4 -6 50 25 124 "A"
4 -12 10 25 125 "R"
4 2 10 25 126 "R"
4 2 10 25 127 "R"
4 1 50 25 128 "A"
4 -12 10 25 129 "R"
4 1 50 25 130 "A"
4 4 10 25 131 "R"
4 2 10 25 132 "R"
4 -12 10 25 133 "R"
4 1 50 25 134 "A"
4 4 10 25 135 "R"
4 1 50 26 1 "A"
4 2 10 26 2 "R"
4 4 10 26 3 "R"
4 -6 50 26 4 "A"
4 -12 10 26 5 "R"
4 1 50 26 6 "A"
4 2 10 26 7 "R"
4 -6 10 26 8 "R"
4 -12 50 26 9 "A"
4 2 10 26 10 "R"
4 2 10 26 11 "R"
4 2 10 26 12 "R"
4 1 50 26 13 "A"
4 -6 10 26 14 "R"
4 -6 10 26 15 "R"
4 -6 50 26 16 "A"
4 -12 10 26 17 "R"
4 -3 40 26 18 "V"
4 -12 10 26 19 "R"
4 2 10 26 20 "R"
4 4 10 26 21 "R"
4 -12 50 26 22 "A"
4 -12 10 26 23 "R"
4 1 50 26 24 "A"
4 2 10 26 25 "R"
4 -12 10 26 26 "R"
4 2 10 26 27 "R"
4 -6 50 26 28 "A"
4 -15 10 26 29 "R"
4 4 10 26 30 "R"
4 -6 50 26 31 "A"
4 2 10 26 32 "R"
4 5 10 26 33 "R"
4 -12 50 26 34 "A"
4 -15 10 26 35 "R"
4 -6 10 26 36 "R"
4 3 50 26 37 "A"
4 2 10 26 38 "R"
4 -12 10 26 39 "R"
4 1 50 26 40 "A"
4 5 10 26 41 "R"
4 4 10 26 42 "R"
4 -12 50 26 43 "A"
4 2 10 26 44 "R"
4 -12 50 26 45 "A"
4 1 50 26 46 "A"
4 -15 10 26 47 "R"
4 2 10 26 48 "R"
4 4 10 26 49 "R"
4 1 50 26 50 "A"
4 -6 10 26 51 "R"
4 1 50 26 52 "A"
4 4 10 26 53 "R"
4 -6 10 26 54 "R"
4 12 50 26 55 "A"
4 -6 50 26 56 "A"
4 -12 10 26 57 "R"
4 1 50 26 58 "A"
4 4 10 26 59 "R"
4 -12 10 26 60 "R"
4 -6 50 26 61 "A"
4 -6 50 26 62 "A"
4 5 10 26 63 "R"
4 1 50 26 64 "A"
4 4 10 26 65 "R"
4 -6 10 26 66 "R"
4 1 50 26 67 "A"
4 2 10 26 68 "R"
4 -6 10 26 69 "R"
4 -6 50 26 70 "A"
4 1 50 26 71 "A"
4 -6 10 26 72 "R"
4 -12 10 26 73 "R"
4 3 50 26 74 "A"
4 5 10 26 75 "R"
4 2 10 26 76 "R"
4 -12 50 26 77 "A"
4 -6 10 26 78 "R"
4 3 50 26 79 "A"
4 -12 10 26 80 "R"
4 4 10 26 81 "R"
4 2 10 26 82 "R"
4 -6 50 26 83 "A"
4 -6 10 26 84 "R"
4 3 50 26 85 "A"
4 -6 10 26 86 "R"
4 3 50 26 87 "A"
4 -6 10 26 88 "R"
4 3 50 26 89 "A"
4 2 10 26 90 "R"
4 -12 10 26 91 "R"
4 -6 10 26 92 "R"
4 12 50 26 93 "A"
4 -6 50 26 94 "A"
4 -12 50 26 95 "A"
4 4 10 26 96 "R"
4 4 10 26 97 "R"
4 3 50 26 98 "A"
4 2 10 26 99 "R"
4 2 10 26 100 "R"
4 1 50 26 101 "A"
4 4 10 26 102 "R"
4 5 10 26 103 "R"
4 -12 50 26 104 "A"
4 5 10 26 105 "R"
4 -6 10 26 106 "R"
4 -6 50 26 107 "A"
4 -6 10 26 108 "R"
4 4 10 26 109 "R"
4 -6 10 26 110 "R"
4 2 10 26 111 "R"
4 -6 10 26 112 "R"
4 1 50 26 113 "A"
4 2 10 26 114 "R"
4 -6 10 26 115 "R"
4 -6 50 26 116 "A"
4 -15 10 26 117 "R"
4 1 50 26 118 "A"
4 -6 10 26 119 "R"
4 3 50 26 120 "A"
4 -6 10 26 121 "R"
4 -6 50 26 122 "A"
4 -15 10 26 123 "R"
4 1 50 26 124 "A"
4 -12 10 26 125 "R"
4 -6 10 26 126 "R"
4 -6 50 26 127 "A"
4 2 10 26 128 "R"
4 -12 50 26 129 "A"
4 -12 10 26 130 "R"
4 3 50 26 131 "A"
4 2 10 26 132 "R"
4 -12 10 26 133 "R"
4 -6 50 26 134 "A"
4 -12 10 26 135 "R"
4 4 10 26 136 "R"
4 -12 10 26 137 "R"
4 1 50 26 138 "A"
4 4 10 26 139 "R"
4 -12 10 26 140 "R"
4 1 50 26 141 "A"
4 2 10 26 142 "R"
4 -6 10 26 143 "R"
4 -6 10 26 144 "R"
4 -12 50 26 145 "A"
4 1 40 26 146 "V"
4 2 10 26 147 "R"
4 -12 10 26 148 "R"
4 -6 10 27 1 "R"
4 1 50 27 2 "A"
4 5 10 27 3 "R"
4 -6 50 27 4 "A"
4 -12 10 27 5 "R"
4 -6 50 27 6 "A"
4 -12 10 27 7 "R"
4 -3 40 27 8 "V"
4 5 10 27 9 "R"
4 2 10 27 10 "R"
4 4 10 27 11 "R"
4 1 50 27 12 "A"
4 4 10 27 13 "R"
4 -6 10 27 14 "R"
4 -12 50 27 15 "A"
4 2 10 27 16 "R"
4 -15 50 27 17 "A"
4 1 50 27 18 "A"
4 4 10 27 19 "R"
4 -6 10 27 20 "R"
4 -15 50 27 21 "A"
4 -9 20 27 22 "F"
4 3 50 27 23 "A"
4 -6 50 27 24 "A"
4 5 10 27 25 "R"
4 -12 10 27 26 "R"
4 3 50 27 27 "A"
4 -6 10 27 28 "R"
4 3 50 27 29 "A"
4 1 50 27 30 "A"
4 -12 10 27 31 "R"
4 -6 10 27 32 "R"
4 -12 50 27 33 "A"
4 1 50 27 34 "A"
4 5 10 27 35 "R"
4 4 10 27 36 "R"
4 3 50 27 37 "A"
4 -6 50 27 38 "A"
4 3 50 27 39 "A"
4 1 50 27 40 "A"
4 12 50 27 41 "A"
4 1 50 27 42 "A"
4 2 10 27 43 "R"
4 2 10 27 44 "R"
4 -6 10 27 45 "R"
4 -6 50 27 46 "A"
4 -6 10 27 47 "R"
4 1 50 27 48 "A"
4 -15 10 27 49 "R"
4 1 50 27 50 "A"
4 2 10 27 51 "R"
4 2 10 27 52 "R"
4 4 10 27 53 "R"
4 2 10 27 54 "R"
4 2 10 27 55 "R"
4 -12 50 27 56 "A"
4 2 10 27 57 "R"
4 4 10 27 58 "R"
4 -6 10 27 59 "R"
4 -6 50 27 60 "A"
4 -12 10 27 61 "R"
4 -6 50 27 62 "A"
4 2 20 27 63 "F"
4 -6 10 27 64 "R"
4 3 50 27 65 "A"
4 1 50 27 66 "A"
4 -12 10 27 67 "R"
4 1 50 27 68 "A"
4 -12 10 27 69 "R"
4 2 10 27 70 "R"
4 -6 10 27 71 "R"
4 1 40 27 72 "V"
4 4 10 27 73 "R"
4 -12 10 27 74 "R"
4 -12 50 27 75 "A"
4 -6 10 27 76 "R"
4 -12 10 27 77 "R"
4 -6 50 27 78 "A"
4 -12 10 27 79 "R"
4 -6 50 27 80 "A"
4 -9 20 27 81 "F"
4 -6 10 27 82 "R"
4 4 10 27 83 "R"
4 -6 10 27 84 "R"
4 -6 50 27 85 "A"
4 -9 20 27 86 "F"
4 -6 10 27 87 "R"
4 -6 10 27 88 "R"
4 -15 50 27 89 "A"
4 2 10 27 90 "R"
4 -15 10 27 91 "R"
4 1 50 27 92 "A"
4 -6 50 27 93 "A"
4 4 10 27 94 "R"
4 -12 10 27 95 "R"
4 2 10 27 96 "R"
4 4 10 27 97 "R"
4 -6 10 27 98 "R"
4 -6 50 27 99 "A"
4 -6 10 27 100 "R"
4 1 50 27 101 "A"
4 2 10 27 102 "R"
4 -6 50 28 1 "A"
4 2 10 28 2 "R"
4 12 50 28 3 "A"
4 -6 50 28 4 "A"
4 -12 10 28 5 "R"
4 -6 50 28 6 "A"
4 -12 10 28 7 "R"
4 -6 50 28 8 "A"
4 5 10 28 9 "R"
4 2 10 28 10 "R"
4 4 10 28 11 "R"
4 1 50 28 12 "A"
4 3 50 28 13 "A"
4 -6 10 28 14 "R"
4 -12 50 28 15 "A"
4 1 50 28 16 "A"
4 -15 10 28 17 "R"
4 1 50 28 18 "A"
4 4 10 28 19 "R"
4 -6 10 28 20 "R"
4 -15 50 28 21 "A"
4 -12 50 28 22 "A"
4 3 50 28 23 "A"
4 -6 50 28 24 "A"
4 5 10 28 25 "R"
4 -12 10 28 26 "R"
4 3 50 28 27 "A"
4 -6 10 28 28 "R"
4 3 50 28 29 "A"
4 2 10 28 30 "R"
4 -12 10 28 31 "R"
4 -6 50 28 32 "A"
4 -12 10 28 33 "R"
4 1 50 28 34 "A"
4 5 10 28 35 "R"
4 4 10 28 36 "R"
4 3 50 28 37 "A"
4 -6 10 28 38 "R"
4 4 10 28 39 "R"
4 1 50 28 40 "A"
4 5 10 28 41 "R"
4 2 10 28 42 "R"
4 1 50 28 43 "A"
4 2 10 28 44 "R"
4 -6 10 28 45 "R"
4 -6 50 28 46 "A"
4 -6 50 28 47 "A"
4 2 10 28 48 "R"
4 -15 10 28 49 "R"
4 1 50 28 50 "A"
4 2 10 28 51 "R"
4 2 10 28 52 "R"
4 3 50 28 53 "A"
4 1 50 28 54 "A"
4 2 10 28 55 "R"
4 -12 50 28 56 "A"
4 2 10 28 57 "R"
4 4 10 28 58 "R"
4 -6 50 28 59 "A"
4 -6 10 28 60 "R"
4 -12 10 28 61 "R"
4 -6 10 28 62 "R"
4 1 50 28 63 "A"
4 -6 10 28 64 "R"
4 3 50 28 65 "A"
4 2 10 28 66 "R"
4 -12 10 28 67 "R"
4 1 50 28 68 "A"
4 -12 10 28 69 "R"
4 1 50 28 70 "A"
4 -6 10 28 71 "R"
4 1 50 28 72 "A"
4 4 10 28 73 "R"
4 -12 10 28 74 "R"
4 -12 50 28 75 "A"
4 -6 50 28 76 "A"
4 -12 10 28 77 "R"
4 -6 50 28 78 "A"
4 -12 10 28 79 "R"
4 -6 50 28 80 "A"
4 -12 10 28 81 "R"
4 -6 50 28 82 "A"
4 3 40 28 83 "V"
4 -6 10 28 84 "R"
4 -6 50 28 85 "A"
4 -12 10 28 86 "R"
4 -6 50 28 87 "A"
4 -6 10 28 88 "R"
4 -15 10 28 89 "R"
4 1 50 28 90 "A"
4 -15 10 28 91 "R"
4 1 50 28 92 "A"
4 -6 10 28 93 "R"
4 3 50 28 94 "A"
4 -12 50 28 95 "A"
4 2 10 28 96 "R"
4 4 10 28 97 "R"
4 -6 50 28 98 "A"
4 -3 40 28 99 "V"
4 -6 10 28 100 "R"
4 2 10 28 101 "R"
4 2 10 28 102 "R"
4 -12 10 28 103 "R"
4 3 50 28 104 "A"
4 12 50 28 105 "A"
4 1 50 28 106 "A"
4 -15 10 28 107 "R"
4 1 50 28 108 "A"
4 4 10 28 109 "R"
4 2 10 28 110 "R"
4 -6 50 28 111 "A"
4 2 10 28 112 "R"
4 4 10 28 113 "R"
4 -12 50 28 114 "A"
4 -3 20 28 115 "F"
4 -6 10 28 116 "R"
4 -12 10 28 117 "R"
4 1 50 28 118 "A"
4 2 10 28 119 "R"
4 -6 10 28 120 "R"
4 -6 50 28 121 "A"
4 1 50 28 122 "A"
4 -15 10 28 123 "R"
4 1 40 28 124 "V"
4 -15 10 28 125 "R"
4 4 10 28 126 "R"
4 -15 50 28 127 "A"
4 2 10 28 128 "R"
4 -6 50 28 129 "A"
4 2 10 28 130 "R"
4 -12 10 28 131 "R"
4 1 50 28 132 "A"
4 -12 10 28 133 "R"
4 -6 50 29 1 "A"
4 2 10 29 2 "R"
4 12 50 29 3 "A"
4 -6 10 29 4 "R"
4 -12 50 29 5 "A"
4 -3 40 29 6 "V"
4 -12 10 29 7 "R"
4 -6 10 29 8 "R"
4 12 50 29 9 "A"
4 1 50 29 10 "A"
4 3 50 29 11 "A"
4 1 50 29 12 "A"
4 3 50 29 13 "A"
4 -6 50 29 14 "A"
4 -12 10 29 15 "R"
4 1 50 29 16 "A"
4 -15 10 29 17 "R"
4 2 10 29 18 "R"
4 3 50 29 19 "A"
4 -6 50 29 20 "A"
4 -15 10 29 21 "R"
4 -12 10 29 22 "R"
4 3 40 29 23 "V"
4 -6 50 29 24 "A"
4 5 10 29 25 "R"
4 -12 10 29 26 "R"
4 4 10 29 27 "R"
4 -6 50 29 28 "A"
4 4 10 29 29 "R"
4 2 10 29 30 "R"
4 -12 10 29 31 "R"
4 -6 50 29 32 "A"
4 -12 10 29 33 "R"
4 1 50 29 34 "A"
4 12 50 29 35 "A"
4 3 50 29 36 "A"
4 3 50 29 37 "A"
4 -6 50 29 38 "A"
4 3 40 29 39 "V"
4 1 50 29 40 "A"
4 5 10 29 41 "R"
4 2 10 29 42 "R"
4 1 50 29 43 "A"
4 2 10 29 44 "R"
4 -6 10 29 45 "R"
4 -6 50 29 46 "A"
4 -6 50 29 47 "A"
4 2 20 29 48 "F"
4 -15 50 29 49 "A"
4 2 10 29 50 "R"
4 1 50 29 51 "A"
4 2 10 29 52 "R"
4 4 10 29 53 "R"
4 1 50 29 54 "A"
4 1 50 29 55 "A"
4 -12 10 29 56 "R"
4 1 50 29 57 "A"
4 4 10 29 58 "R"
4 -6 10 29 59 "R"
4 -6 50 29 60 "A"
4 -12 10 29 61 "R"
4 -6 50 29 62 "A"
4 2 10 29 63 "R"
4 -6 10 29 64 "R"
4 4 10 29 65 "R"
4 1 50 29 66 "A"
4 -12 10 29 67 "R"
4 2 10 29 68 "R"
4 -12 50 29 69 "A"
4 2 10 29 70 "R"
4 -6 10 29 71 "R"
4 1 50 29 72 "A"
4 3 40 29 73 "V"
4 -12 50 29 74 "A"
4 -12 10 29 75 "R"
4 -6 50 29 76 "A"
4 -12 10 29 77 "R"
4 -6 50 29 78 "A"
4 -12 10 29 79 "R"
4 -3 40 29 80 "V"
4 -12 50 29 81 "A"
4 -6 10 29 82 "R"
4 3 50 29 83 "A"
4 -6 50 29 84 "A"
4 -3 20 29 85 "F"
4 -9 20 29 86 "F"
4 -6 50 29 87 "A"
4 -6 10 29 88 "R"
4 -15 50 29 89 "A"
4 2 10 29 90 "R"
4 -15 50 29 91 "A"
4 2 10 29 92 "R"
4 -6 10 29 93 "R"
4 3 50 29 94 "A"
4 -12 50 29 95 "A"
4 1 50 29 96 "A"
4 4 10 29 97 "R"
4 -6 10 29 98 "R"
4 -6 50 29 99 "A"
4 -6 10 29 100 "R"
4 1 50 29 101 "A"
4 2 10 29 102 "R"
4 -12 10 29 103 "R"
4 3 50 29 104 "A"
4 5 10 29 105 "R"
4 2 10 29 106 "R"
4 -15 50 29 107 "A"
4 1 50 29 108 "A"
4 4 10 29 109 "R"
4 2 10 29 110 "R"
4 -6 50 29 111 "A"
4 2 10 29 112 "R"
4 4 10 29 113 "R"
4 -12 50 29 114 "A"
4 -6 10 29 115 "R"
4 -6 50 29 116 "A"
4 -12 10 29 117 "R"
4 1 50 29 118 "A"
4 2 10 29 119 "R"
4 -6 10 29 120 "R"
4 -6 50 29 121 "A"
4 2 10 29 122 "R"
4 -15 50 29 123 "A"
4 1 50 29 124 "A"
4 -15 10 29 125 "R"
4 3 50 29 126 "A"
4 -15 10 29 127 "R"
4 2 10 29 128 "R"
4 -6 50 29 129 "A"
4 2 10 29 130 "R"
4 -12 10 29 131 "R"
4 1 50 29 132 "A"
4 -12 10 29 133 "R"
4 1 50 29 134 "A"
4 4 10 29 135 "R"
4 -6 10 29 136 "R"
4 12 50 29 137 "A"
4 -6 50 29 138 "A"
4 3 50 29 139 "A"
4 -12 50 29 140 "A"
4 2 20 29 141 "F"
4 -6 50 29 142 "A"
4 3 50 29 143 "A"
4 3 50 29 144 "A"
4 -12 10 30 1 "R"
4 2 10 30 2 "R"
4 -12 10 30 3 "R"
4 -6 10 30 4 "R"
4 -12 50 30 5 "A"
4 -3 40 30 6 "V"
4 -12 10 30 7 "R"
4 -6 50 30 8 "A"
4 -15 10 30 9 "R"
4 -6 50 30 10 "A"
4 2 10 30 11 "R"
4 2 10 30 12 "R"
4 4 10 30 13 "R"
4 -6 50 30 14 "A"
4 4 10 30 15 "R"
4 2 10 30 16 "R"
4 4 10 30 17 "R"
4 2 10 30 18 "R"
4 -15 50 30 19 "A"
4 -6 10 30 20 "R"
4 -12 50 30 21 "A"
4 -6 10 30 22 "R"
4 1 50 30 23 "A"
4 2 10 30 24 "R"
4 4 10 30 25 "R"
4 -12 50 30 26 "A"
4 -12 50 30 27 "A"
4 -6 50 30 28 "A"
4 4 10 30 29 "R"
4 -6 50 30 30 "A"
4 -12 10 30 31 "R"
4 -15 50 30 32 "A"
4 12 50 30 33 "A"
4 -6 50 30 34 "A"
4 2 10 30 35 "R"
4 -6 10 30 36 "R"
4 2 10 30 37 "R"
4 4 10 30 38 "R"
4 1 50 30 39 "A"
4 2 10 30 40 "R"
4 -6 10 30 41 "R"
4 -6 50 30 42 "A"
4 -6 50 30 43 "A"
4 2 10 30 44 "R"
4 -6 50 30 45 "A"
4 -3 20 30 46 "F"
4 -12 50 30 47 "A"
4 -12 10 30 48 "R"
4 -6 10 30 49 "R"
4 -6 10 30 50 "R"
4 3 50 30 51 "A"
4 2 10 30 52 "R"
4 5 10 30 53 "R"
4 -6 50 30 54 "A"
4 -12 50 30 55 "A"
4 1 50 30 56 "A"
4 -12 10 30 57 "R"
4 2 10 30 58 "R"
4 -6 50 30 59 "A"
4 2 20 30 60 "F"
4 -12 10 30 61 "R"
4 1 50 30 62 "A"
4 4 10 30 63 "R"
4 -6 10 30 64 "R"
4 3 50 30 65 "A"
4 2 10 30 66 "R"
4 -12 10 30 67 "R"
4 2 10 30 68 "R"
4 3 50 30 69 "A"
4 -6 10 30 70 "R"
4 2 10 30 71 "R"
4 -6 50 30 72 "A"
4 -12 10 30 73 "R"
4 -6 50 30 74 "A"
4 -15 10 30 75 "R"
4 2 20 30 76 "F"
4 -12 10 30 77 "R"
4 1 50 30 78 "A"
4 -12 10 30 79 "R"
4 2 10 30 80 "R"
4 -12 50 30 81 "A"
4 -6 50 30 82 "A"
4 4 10 30 83 "R"
4 1 50 30 84 "A"
4 4 10 30 85 "R"
4 -6 10 30 86 "R"
4 -12 50 30 87 "A"
4 2 10 30 88 "R"
4 -6 50 30 89 "A"
4 -6 10 30 90 "R"
4 -12 50 30 91 "A"
4 -6 10 30 92 "R"
4 12 50 30 93 "A"
4 1 50 30 94 "A"
4 -12 50 30 95 "A"
4 -6 10 30 96 "R"
4 12 50 30 97 "A"
4 -6 10 30 98 "R"
4 -6 50 30 99 "A"
4 -6 10 30 100 "R"
4 -15 50 30 101 "A"
4 -6 50 30 102 "A"
4 -12 10 30 103 "R"
4 3 50 30 104 "A"
4 2 10 30 105 "R"
4 4 10 30 106 "R"
4 1 50 30 107 "A"
4 -6 10 30 108 "R"
4 1 50 30 109 "A"
4 -6 10 30 110 "R"
4 -12 10 30 111 "R"
4 -6 10 30 112 "R"
4 3 50 30 113 "A"
4 -12 50 30 114 "A"
4 -6 10 30 115 "R"
4 1 50 30 116 "A"
4 2 10 30 117 "R"
4 2 10 30 118 "R"
4 -6 50 30 119 "A"
4 -6 10 30 120 "R"
4 -12 50 30 121 "A"
4 -12 50 30 122 "A"
4 12 50 30 123 "A"
4 2 10 30 124 "R"
4 -15 10 30 125 "R"
4 3 50 30 126 "A"
4 4 10 30 127 "R"
4 4 10 30 128 "R"
4 -6 50 30 129 "A"
4 -6 10 30 130 "R"
4 -12 50 30 131 "A"
4 -6 10 30 132 "R"
4 -12 50 30 133 "A"
4 2 10 30 134 "R"
4 -6 10 30 135 "R"
4 1 50 30 136 "A"
4 4 10 30 137 "R"
4 -6 10 30 138 "R"
4 -12 50 30 139 "A"
4 -6 10 31 1 "R"
4 2 10 31 2 "R"
4 -12 50 31 3 "A"
4 -6 10 31 4 "R"
4 -12 50 31 5 "A"
4 -6 50 31 6 "A"
4 -6 10 31 7 "R"
4 1 50 31 8 "A"
4 -9 20 31 9 "F"
4 -6 50 31 10 "A"
4 4 10 31 11 "R"
4 -6 10 31 12 "R"
4 12 50 31 13 "A"
4 1 50 31 14 "A"
4 -12 10 31 15 "R"
4 -6 50 31 16 "A"
4 -12 10 31 17 "R"
4 1 50 31 18 "A"
4 -15 10 31 19 "R"
4 -6 10 31 20 "R"
4 3 50 31 21 "A"
4 -6 50 31 22 "A"
4 12 50 31 23 "A"
4 1 50 31 24 "A"
4 -12 10 31 25 "R"
4 2 10 31 26 "R"
4 -6 10 31 27 "R"
4 1 50 31 28 "A"
4 -12 10 31 29 "R"
4 -6 10 31 30 "R"
4 3 50 31 31 "A"
4 4 10 31 32 "R"
4 -6 10 31 33 "R"
4 -6 50 31 34 "A"
4 -9 20 31 35 "F"
4 2 10 31 36 "R"
4 4 10 31 37 "R"
4 -6 50 31 38 "A"
4 -15 10 31 39 "R"
4 1 40 31 40 "V"
4 -12 10 31 41 "R"
4 1 50 31 42 "A"
4 1 50 31 43 "A"
4 -6 10 31 44 "R"
4 3 50 31 45 "A"
4 2 10 31 46 "R"
4 1 50 31 47 "A"
4 4 10 31 48 "R"
4 -15 10 31 49 "R"
4 -12 50 31 50 "A"
4 3 50 31 51 "A"
4 1 50 31 52 "A"
4 -15 50 31 53 "A"
4 -6 10 31 54 "R"
4 -6 10 31 55 "R"
4 1 50 31 56 "A"
4 2 10 31 57 "R"
4 2 10 31 58 "R"
4 3 50 31 59 "A"
4 1 50 31 60 "A"
4 -6 10 31 61 "R"
4 2 10 31 62 "R"
4 3 50 31 63 "A"
4 -6 50 31 64 "A"
4 -6 10 31 65 "R"
4 1 50 31 66 "A"
4 4 10 31 67 "R"
4 -6 10 31 68 "R"
4 12 50 31 69 "A"
4 4 20 31 70 "F"
4 -3 20 31 71 "F"
4 -6 50 31 72 "A"
4 -6 10 31 73 "R"
4 1 50 31 74 "A"
4 5 10 31 75 "R"
4 -6 10 31 76 "R"
4 -12 50 31 77 "A"
4 2 10 31 78 "R"
4 -12 50 31 79 "A"
4 -3 20 31 80 "F"
4 -6 10 31 81 "R"
4 -12 50 31 82 "A"
4 4 10 31 83 "R"
4 -6 50 31 84 "A"
4 2 10 31 85 "R"
4 -6 10 31 86 "R"
4 1 50 31 87 "A"
4 -15 10 31 88 "R"
4 -6 50 31 89 "A"
4 4 10 31 90 "R"
4 3 50 31 91 "A"
4 1 50 31 92 "A"
4 4 10 31 93 "R"
4 2 10 31 94 "R"
4 -12 10 31 95 "R"
4 1 50 31 96 "A"
4 -6 10 31 97 "R"
4 1 50 31 98 "A"
4 -6 50 31 99 "A"
4 2 10 31 100 "R"
4 4 10 31 101 "R"
4 2 10 31 102 "R"
4 5 10 31 103 "R"
4 1 40 31 104 "V"
4 5 10 31 105 "R"
4 -6 10 31 106 "R"
4 -6 10 31 107 "R"
4 -6 10 31 108 "R"
4 -15 50 31 109 "A"
4 2 10 31 110 "R"
4 -12 10 31 111 "R"
4 -6 10 31 112 "R"
4 -6 50 31 113 "A"
4 2 10 31 114 "R"
4 2 10 31 115 "R"
4 -6 50 31 116 "A"
4 4 10 31 117 "R"
4 2 10 31 118 "R"
4 -12 10 31 119 "R"
4 -6 50 31 120 "A"
4 -6 10 31 121 "R"
4 1 50 31 122 "A"
4 -12 10 31 123 "R"
4 1 50 31 124 "A"
4 -6 10 31 125 "R"
4 1 50 31 126 "A"
4 3 50 31 127 "A"
4 1 50 31 128 "A"
4 -12 10 31 129 "R"
4 -6 50 31 130 "A"
4 -12 10 31 131 "R"
4 1 50 31 132 "A"
4 -12 10 31 133 "R"
4 -6 50 31 134 "A"
4 -6 50 31 135 "A"
4 -6 10 31 136 "R"
4 4 10 31 137 "R"
4 2 10 31 138 "R"
4 -6 10 31 139 "R"
4 -6 50 31 140 "A"
4 -12 10 32 1 "R"
4 2 10 32 2 "R"
4 -12 10 32 3 "R"
4 -6 50 32 4 "A"
4 -12 10 32 5 "R"
4 -6 50 32 6 "A"
4 -12 10 32 7 "R"
4 -6 50 32 8 "A"
4 -15 10 32 9 "R"
4 -6 50 32 10 "A"
4 2 10 32 11 "R"
4 2 10 32 12 "R"
4 3 50 32 13 "A"
4 -6 50 32 14 "A"
4 4 10 32 15 "R"
4 2 10 32 16 "R"
4 4 10 32 17 "R"
4 1 50 32 18 "A"
4 -15 10 32 19 "R"
4 -6 50 32 20 "A"
4 -12 10 32 21 "R"
4 -6 50 32 22 "A"
4 2 10 32 23 "R"
4 2 10 32 24 "R"
4 4 10 32 25 "R"
4 -12 50 32 26 "A"
4 -12 10 32 27 "R"
4 -6 50 32 28 "A"
4 4 20 32 29 "F"
4 -6 50 32 30 "A"
4 -12 10 32 31 "R"
4 -15 50 32 32 "A"
4 5 10 32 33 "R"
4 -6 10 32 34 "R"
4 1 50 32 35 "A"
4 -6 10 32 36 "R"
4 2 10 32 37 "R"
4 4 10 32 38 "R"
4 1 50 32 39 "A"
4 2 10 32 40 "R"
4 -6 10 32 41 "R"
4 -6 50 32 42 "A"
4 -6 10 32 43 "R"
4 1 50 32 44 "A"
4 -6 10 32 45 "R"
4 -6 50 32 46 "A"
4 -9 20 32 47 "F"
4 -12 50 32 48 "A"
4 -6 10 32 49 "R"
4 -6 10 32 50 "R"
4 3 50 32 51 "A"
4 2 10 32 52 "R"
4 5 10 32 53 "R"
4 -6 50 32 54 "A"
4 -12 50 32 55 "A"
4 2 10 32 56 "R"
4 -12 10 32 57 "R"
4 2 10 32 58 "R"
4 -6 50 32 59 "A"
4 2 10 32 60 "R"
4 -12 10 32 61 "R"
4 2 10 32 62 "R"
4 3 50 32 63 "A"
4 -6 50 32 64 "A"
4 3 50 32 65 "A"
4 2 10 32 66 "R"
4 -12 10 32 67 "R"
4 1 50 32 68 "A"
4 4 10 32 69 "R"
4 -6 10 32 70 "R"
4 1 50 32 71 "A"
4 -6 10 32 72 "R"
4 -12 50 32 73 "A"
4 -6 10 32 74 "R"
4 -15 10 32 75 "R"
4 1 50 32 76 "A"
4 -12 10 32 77 "R"
4 1 50 32 78 "A"
4 -12 10 32 79 "R"
4 1 50 32 80 "A"
4 -12 10 32 81 "R"
4 -6 10 32 82 "R"
4 3 50 32 83 "A"
4 2 10 32 84 "R"
4 4 10 32 85 "R"
4 -6 50 32 86 "A"
4 -12 10 32 87 "R"
4 2 10 32 88 "R"
4 -6 10 32 89 "R"
4 -6 50 32 90 "A"
4 -12 10 32 91 "R"
4 -6 10 32 92 "R"
4 5 10 32 93 "R"
4 1 50 32 94 "A"
4 -12 10 32 95 "R"
4 -6 50 32 96 "A"
4 5 10 32 97 "R"
4 -6 10 32 98 "R"
4 -6 50 32 99 "A"
4 -6 10 32 100 "R"
4 -15 50 32 101 "A"
4 -6 10 32 102 "R"
4 -12 50 32 103 "A"
4 4 10 32 104 "R"
4 1 50 32 105 "A"
4 4 10 32 106 "R"
4 2 10 32 107 "R"
4 -6 50 32 108 "A"
4 2 10 32 109 "R"
4 -6 10 32 110 "R"
4 -12 50 32 111 "A"
4 -6 50 32 112 "A"
4 4 10 32 113 "R"
4 -12 10 32 114 "R"
4 -6 50 32 115 "A"
4 2 10 32 116 "R"
4 2 10 32 117 "R"
4 2 10 32 118 "R"
4 -6 50 32 119 "A"
4 -6 10 32 120 "R"
4 -12 50 32 121 "A"
4 -12 10 32 122 "R"
4 12 50 32 123 "A"
4 1 50 32 124 "A"
4 -15 10 32 125 "R"
4 4 10 32 126 "R"
4 3 50 32 127 "A"
4 4 10 32 128 "R"
4 -6 10 32 129 "R"
4 -6 50 32 130 "A"
4 -12 10 32 131 "R"
4 -6 10 32 132 "R"
4 -12 50 32 133 "A"
4 2 10 32 134 "R"
4 -6 50 32 135 "A"
4 2 10 32 136 "R"
4 4 10 32 137 "R"
4 -6 50 32 138 "A"
4 -6 50 33 1 "A"
4 2 10 33 2 "R"
4 2 10 33 3 "R"
4 -6 10 33 4 "R"
4 -12 50 33 5 "A"
4 1 50 33 6 "A"
4 -12 10 33 7 "R"
4 -6 50 33 8 "A"
4 -12 10 33 9 "R"
4 80 50 33 10 "A"
4 -6 50 33 11 "A"
4 2 20 33 12 "F"
4 -12 10 33 13 "R"
4 -6 50 33 14 "A"
4 4 10 33 15 "R"
4 2 10 33 16 "R"
4 1 50 33 17 "A"
4 1 50 33 18 "A"
4 -12 50 33 19 "A"
4 -6 10 33 20 "R"
4 2 10 33 21 "R"
4 2 10 33 22 "R"
4 3 50 33 23 "A"
4 -12 50 33 24 "A"
4 4 10 33 25 "R"
4 2 10 33 26 "R"
4 12 50 33 27 "A"
4 -6 50 33 28 "A"
4 4 10 33 29 "R"
4 -6 10 33 30 "R"
4 -15 50 33 31 "A"
4 -6 10 33 32 "R"
4 -12 50 33 33 "A"
4 2 10 33 34 "R"
4 -12 10 33 35 "R"
4 -6 10 33 36 "R"
4 -12 10 33 37 "R"
4 -6 10 33 38 "R"
4 -6 50 33 39 "A"
4 2 10 33 40 "R"
4 -6 10 33 41 "R"
4 1 50 33 42 "A"
4 -15 10 33 43 "R"
4 3 50 33 44 "A"
4 -6 50 33 45 "A"
4 -12 10 33 46 "R"
4 2 10 33 47 "R"
4 1 50 33 48 "A"
4 -6 10 33 49 "R"
4 1 50 33 50 "A"
4 -12 50 33 51 "A"
4 2 10 33 52 "R"
4 2 10 33 53 "R"
4 2 10 33 54 "R"
4 2 10 33 55 "R"
4 1 50 33 56 "A"
4 2 10 33 57 "R"
4 4 10 33 58 "R"
4 -12 10 33 59 "R"
4 1 50 33 60 "A"
4 -12 10 33 61 "R"
4 4 10 33 62 "R"
4 -12 50 33 63 "A"
4 -6 10 33 64 "R"
4 1 50 33 65 "A"
4 2 10 33 66 "R"
4 -6 10 33 67 "R"
4 -6 50 33 68 "A"
4 -6 10 33 69 "R"
4 2 10 33 70 "R"
4 5 10 33 71 "R"
4 4 10 33 72 "R"
4 -12 10 33 73 "R"
4 -6 10 33 74 "R"
4 5 10 33 75 "R"
4 -6 10 33 76 "R"
4 -6 10 33 77 "R"
4 -6 50 33 78 "A"
4 2 20 33 79 "F"
4 2 10 33 80 "R"
4 -6 10 33 81 "R"
4 -12 10 33 82 "R"
4 3 50 33 83 "A"
4 2 10 33 84 "R"
4 -6 10 33 85 "R"
4 -6 10 33 86 "R"
4 -15 10 33 87 "R"
4 -6 50 33 88 "A"
4 -12 10 33 89 "R"
4 -6 10 33 90 "R"
4 -12 50 33 91 "A"
4 2 10 33 92 "R"
4 2 10 33 93 "R"
4 -12 50 33 94 "A"
4 -12 10 33 95 "R"
4 1 50 33 96 "A"
4 -12 10 33 97 "R"
4 2 10 33 98 "R"
4 4 10 33 99 "R"
4 2 10 33 100 "R"
4 5 10 33 101 "R"
4 2 10 33 102 "R"
4 2 10 33 103 "R"
4 -6 50 33 104 "A"
4 1 50 33 105 "A"
4 -6 10 33 106 "R"
4 -6 10 33 107 "R"
4 -6 10 33 108 "R"
4 3 50 33 109 "A"
4 -12 50 33 110 "A"
4 5 10 33 111 "R"
4 -12 10 33 112 "R"
4 3 50 33 113 "A"
4 -15 50 33 114 "A"
4 4 10 33 115 "R"
4 2 10 33 116 "R"
4 -6 10 33 117 "R"
4 3 50 33 118 "A"
4 -15 50 33 119 "A"
4 2 10 33 120 "R"
4 5 10 33 121 "R"
4 2 10 33 122 "R"
4 -6 10 33 123 "R"
4 2 10 34 1 "R"
4 1 50 34 2 "A"
4 4 10 34 3 "R"
4 -6 10 34 4 "R"
4 -12 50 34 5 "A"
4 1 50 34 6 "A"
4 2 10 34 7 "R"
4 -6 10 34 8 "R"
4 -12 50 34 9 "A"
4 1 50 34 10 "A"
4 2 10 34 11 "R"
4 2 10 34 12 "R"
4 1 50 34 13 "A"
4 -6 10 34 14 "R"
4 -6 50 34 15 "A"
4 -6 10 34 16 "R"
4 -12 10 34 17 "R"
4 -6 50 34 18 "A"
4 -9 20 34 19 "F"
4 1 50 34 20 "A"
4 4 10 34 21 "R"
4 -12 10 34 22 "R"
4 -12 10 34 23 "R"
4 2 10 34 24 "R"
4 2 10 34 25 "R"
4 -12 50 34 26 "A"
4 2 10 34 27 "R"
4 -6 10 34 28 "R"
4 -15 50 34 29 "A"
4 3 50 34 30 "A"
4 -6 50 34 31 "A"
4 1 50 34 32 "A"
4 5 10 34 33 "R"
4 -12 10 34 34 "R"
4 -15 50 34 35 "A"
4 -6 50 34 36 "A"
4 4 10 34 37 "R"
4 1 50 34 38 "A"
4 -12 10 34 39 "R"
4 2 10 34 40 "R"
4 5 10 34 41 "R"
4 3 50 34 42 "A"
4 -12 50 34 43 "A"
4 2 10 34 44 "R"
4 -12 10 34 45 "R"
4 2 10 34 46 "R"
4 -15 50 34 47 "A"
4 2 10 34 48 "R"
4 4 10 34 49 "R"
4 1 50 34 50 "A"
4 -6 10 34 51 "R"
4 1 50 34 52 "A"
4 4 10 34 53 "R"
4 -6 10 34 54 "R"
4 12 50 34 55 "A"
4 -6 10 34 56 "R"
4 -12 50 34 57 "A"
4 2 10 34 58 "R"
4 3 50 34 59 "A"
4 -12 50 34 60 "A"
4 -6 50 34 61 "A"
4 -6 10 34 62 "R"
4 12 50 34 63 "A"
4 1 50 34 64 "A"
4 4 10 34 65 "R"
4 -6 10 34 66 "R"
4 1 50 34 67 "A"
4 2 10 34 68 "R"
4 -6 10 34 69 "R"
4 -6 50 34 70 "A"
4 2 10 34 71 "R"
4 -6 10 34 72 "R"
4 -12 50 34 73 "A"
4 3 50 34 74 "A"
4 5 10 34 75 "R"
4 2 10 34 76 "R"
4 -12 50 34 77 "A"
4 -6 10 34 78 "R"
4 3 50 34 79 "A"
4 -12 50 34 80 "A"
4 3 50 34 81 "A"
4 1 50 34 82 "A"
4 -6 10 34 83 "R"
4 -6 50 34 84 "A"
4 4 10 34 85 "R"
4 -6 10 34 86 "R"
4 3 50 34 87 "A"
4 -6 10 34 88 "R"
4 3 50 34 89 "A"
4 2 10 34 90 "R"
4 -12 10 34 91 "R"
4 -6 50 34 92 "A"
4 5 10 34 93 "R"
4 -6 10 34 94 "R"
4 -12 50 34 95 "A"
4 4 10 34 96 "R"
4 4 10 34 97 "R"
4 3 50 34 98 "A"
4 1 50 34 99 "A"
4 2 10 34 100 "R"
4 2 10 34 101 "R"
4 4 10 34 102 "R"
4 12 50 34 103 "A"
4 -12 50 34 104 "A"
4 12 40 34 105 "V"
4 -6 50 34 106 "A"
4 -3 20 34 107 "F"
4 -6 50 34 108 "A"
4 4 10 34 109 "R"
4 -6 10 34 110 "R"
4 1 50 34 111 "A"
4 -6 10 34 112 "R"
4 2 20 34 113 "F"
4 1 50 34 114 "A"
4 -6 10 34 115 "R"
4 -6 10 34 116 "R"
4 -15 50 34 117 "A"
4 2 20 34 118 "F"
4 -6 50 34 119 "A"
4 4 10 34 120 "R"
4 -6 10 34 121 "R"
4 -6 50 34 122 "A"
4 -15 10 34 123 "R"
4 1 50 34 124 "A"
4 -12 10 34 125 "R"
4 -6 50 34 126 "A"
4 -6 10 34 127 "R"
4 1 50 34 128 "A"
4 -12 10 34 129 "R"
4 -12 50 34 130 "A"
4 4 20 34 131 "F"
4 1 50 34 132 "A"
4 -12 10 34 133 "R"
4 -6 50 34 134 "A"
4 -12 10 34 135 "R"
4 3 50 34 136 "A"
4 -12 50 34 137 "A"
4 2 10 34 138 "R"
4 3 50 34 139 "A"
4 -12 10 34 140 "R"
4 1 50 34 141 "A"
4 2 10 34 142 "R"
4 -6 10 34 143 "R"
4 -6 50 34 144 "A"
4 -12 50 34 145 "A"
4 2 10 35 1 "R"
4 2 10 35 2 "R"
4 4 10 35 3 "R"
4 -6 50 35 4 "A"
4 -9 40 35 5 "V"
4 2 10 35 6 "R"
4 1 50 35 7 "A"
4 -6 50 35 8 "A"
4 -12 10 35 9 "R"
4 1 50 35 10 "A"
4 2 20 35 11 "F"
4 2 10 35 12 "R"
4 2 10 35 13 "R"
4 -6 50 35 14 "A"
4 -3 20 35 15 "F"
4 -6 10 35 16 "R"
4 -12 50 35 17 "A"
4 -6 10 35 18 "R"
4 -12 10 35 19 "R"
4 1 50 35 20 "A"
4 4 10 35 21 "R"
4 -12 10 35 22 "R"
4 -12 50 35 23 "A"
4 2 10 35 24 "R"
4 2 10 35 25 "R"
4 -12 10 35 26 "R"
4 1 50 35 27 "A"
4 -6 10 35 28 "R"
4 -15 50 35 29 "A"
4 3 50 35 30 "A"
4 -6 10 35 31 "R"
4 1 50 35 32 "A"
4 12 50 35 33 "A"
4 -12 50 35 34 "A"
4 -15 10 35 35 "R"
4 -6 50 35 36 "A"
4 3 50 35 37 "A"
4 1 50 35 38 "A"
4 -12 50 35 39 "A"
4 2 10 35 40 "R"
4 5 10 35 41 "R"
4 3 50 35 42 "A"
4 -12 50 35 43 "A"
4 2 10 35 44 "R"
4 -12 10 35 45 "R"
4 1 50 35 46 "A"
4 -15 50 35 47 "A"
4 1 50 35 48 "A"
4 4 10 35 49 "R"
4 2 10 35 50 "R"
4 -6 50 35 51 "A"
4 2 20 35 52 "F"
4 4 10 35 53 "R"
4 -6 10 35 54 "R"
4 12 50 35 55 "A"
4 -6 50 35 56 "A"
4 -12 10 35 57 "R"
4 2 10 35 58 "R"
4 4 10 35 59 "R"
4 80 50 35 60 "A"
4 -3 20 35 61 "F"
4 -6 50 35 62 "A"
4 5 20 35 63 "F"
4 1 50 35 64 "A"
4 4 10 35 65 "R"
4 -6 10 35 66 "R"
4 1 50 35 67 "A"
4 2 10 35 68 "R"
4 -6 10 35 69 "R"
4 -6 50 35 70 "A"
4 1 40 35 71 "V"
4 -6 10 35 72 "R"
4 -12 10 35 73 "R"
4 4 20 35 74 "F"
4 12 50 35 75 "A"
4 1 50 35 76 "A"
4 -12 10 35 77 "R"
4 -6 50 35 78 "A"
4 4 20 35 79 "F"
4 -12 10 35 80 "R"
4 3 50 35 81 "A"
4 1 50 35 82 "A"
4 -6 10 35 83 "R"
4 -6 50 35 84 "A"
4 3 50 35 85 "A"
4 -6 50 35 86 "A"
4 4 10 35 87 "R"
4 -6 50 35 88 "A"
4 4 10 35 89 "R"
4 2 10 35 90 "R"
4 -12 10 35 91 "R"
4 -3 20 35 92 "F"
4 12 50 35 93 "A"
4 -6 50 35 94 "A"
4 -12 10 35 95 "R"
4 4 10 35 96 "R"
4 3 50 35 97 "A"
4 4 10 35 98 "R"
4 2 10 35 99 "R"
4 1 50 35 100 "A"
4 2 10 35 101 "R"
4 4 10 35 102 "R"
4 12 40 35 103 "V"
4 -12 50 35 104 "A"
4 12 40 35 105 "V"
4 -6 10 35 106 "R"
4 -6 50 35 107 "A"
4 -3 20 35 108 "F"
4 4 10 35 109 "R"
4 -6 10 35 110 "R"
4 1 50 35 111 "A"
4 -6 10 35 112 "R"
4 1 50 35 113 "A"
4 2 10 35 114 "R"
4 -6 10 35 115 "R"
4 -6 50 35 116 "A"
4 -15 10 35 117 "R"
4 1 50 35 118 "A"
4 -6 10 35 119 "R"
4 3 50 35 120 "A"
4 -6 50 35 121 "A"
4 -6 50 35 122 "A"
4 -15 10 35 123 "R"
4 1 50 35 124 "A"
4 -12 10 35 125 "R"
4 -6 50 35 126 "A"
4 -6 10 35 127 "R"
4 1 50 35 128 "A"
4 -12 10 35 129 "R"
4 -12 50 35 130 "A"
4 4 20 35 131 "F"
4 -6 50 36 1 "A"
4 1 50 36 2 "A"
4 2 10 36 3 "R"
4 -6 10 36 4 "R"
4 -12 10 36 5 "R"
4 1 50 36 6 "A"
4 -12 50 36 7 "A"
4 -3 20 36 8 "F"
4 -12 50 36 9 "A"
4 3 50 36 10 "A"
4 -6 10 36 11 "R"
4 1 50 36 12 "A"
4 -12 10 36 13 "R"
4 -6 10 36 14 "R"
4 3 50 36 15 "A"
4 1 50 36 16 "A"
4 2 10 36 17 "R"
4 2 10 36 18 "R"
4 -12 10 36 19 "R"
4 -6 50 36 20 "A"
4 2 10 36 21 "R"
4 2 10 36 22 "R"
4 4 10 36 23 "R"
4 -12 50 36 24 "A"
4 4 10 36 25 "R"
4 2 10 36 26 "R"
4 5 10 36 27 "R"
4 -6 10 36 28 "R"
4 4 10 36 29 "R"
4 -6 10 36 30 "R"
4 -15 50 36 31 "A"
4 -6 50 36 32 "A"
4 -12 10 36 33 "R"
4 2 10 36 34 "R"
4 -12 10 36 35 "R"
4 -6 50 36 36 "A"
4 -12 10 36 37 "R"
4 -6 50 36 38 "A"
4 -6 10 36 39 "R"
4 2 10 36 40 "R"
4 -6 10 36 41 "R"
4 1 50 36 42 "A"
4 -15 10 36 43 "R"
4 3 50 36 44 "A"
4 -6 10 36 45 "R"
4 -12 50 36 46 "A"
4 1 50 36 47 "A"
4 2 10 36 48 "R"
4 -6 10 36 49 "R"
4 1 50 36 50 "A"
4 -12 10 36 51 "R"
4 2 10 36 52 "R"
4 2 10 36 53 "R"
4 2 10 36 54 "R"
4 1 50 36 55 "A"
4 1 50 36 56 "A"
4 2 10 36 57 "R"
4 4 10 36 58 "R"
4 -12 10 36 59 "R"
4 1 50 36 60 "A"
4 -12 10 36 61 "R"
4 3 50 36 62 "A"
4 -12 50 36 63 "A"
4 -6 50 36 64 "A"
4 2 10 36 65 "R"
4 2 10 36 66 "R"
4 -6 50 36 67 "A"
4 -6 10 36 68 "R"
4 -6 10 36 69 "R"
4 2 10 36 70 "R"
4 5 10 36 71 "R"
4 4 10 36 72 "R"
4 -12 50 36 73 "A"
4 -6 10 36 74 "R"
4 5 10 36 75 "R"
4 -6 10 36 76 "R"
4 -6 10 36 77 "R"
4 -6 10 36 78 "R"
4 1 50 36 79 "A"
4 2 10 36 80 "R"
4 -6 10 36 81 "R"
4 -12 50 36 82 "A"
4 4 10 36 83 "R"
4 2 10 36 84 "R"
4 -6 10 36 85 "R"
4 -6 50 36 86 "A"
4 -15 10 36 87 "R"
4 -6 10 36 88 "R"
4 -12 50 36 89 "A"
4 -6 50 36 90 "A"
4 -12 10 36 91 "R"
4 1 50 36 92 "A"
4 2 10 36 93 "R"
4 -12 10 36 94 "R"
4 -12 10 36 95 "R"
4 2 10 36 96 "R"
4 -12 50 36 97 "A"
4 2 10 36 98 "R"
4 4 10 36 99 "R"
4 2 10 36 100 "R"
4 5 10 36 101 "R"
4 1 50 36 102 "A"
4 2 10 36 103 "R"
4 -6 50 36 104 "A"
4 2 10 36 105 "R"
4 -6 10 36 106 "R"
4 -6 50 36 107 "A"
4 -6 10 36 108 "R"
4 4 10 36 109 "R"
4 -12 10 36 110 "R"
4 12 50 36 111 "A"
4 -12 50 36 112 "A"
4 4 10 36 113 "R"
4 -15 10 36 114 "R"
4 3 50 36 115 "A"
4 1 50 36 116 "A"
4 -6 10 36 117 "R"
4 3 50 36 118 "A"
4 -15 50 36 119 "A"
4 1 50 36 120 "A"
4 5 10 36 121 "R"
4 2 10 36 122 "R"
4 -6 10 36 123 "R"
4 1 50 36 124 "A"
4 -12 10 36 125 "R"
4 -6 50 36 126 "A"
4 2 10 36 127 "R"
4 -6 10 36 128 "R"
4 -6 10 36 129 "R"
4 -6 50 36 130 "A"
4 3 50 36 131 "A"
4 3 50 36 132 "A"
4 -12 50 36 133 "A"
4 -12 50 36 134 "A"
4 2 10 36 135 "R"
4 -6 10 36 136 "R"
4 1 50 36 137 "A"
4 2 10 36 138 "R"
4 2 10 36 139 "R"
4 -6 10 36 140 "R"
4 3 50 36 141 "A"
4 3 50 36 142 "A"
4 2 10 36 143 "R"
4 -6 10 36 144 "R"
4 1 50 36 145 "A"
4 3 50 37 1 "A"
4 -6 10 37 2 "R"
4 -12 50 37 3 "A"
4 -12 50 37 4 "A"
4 3 50 37 5 "A"
4 1 50 37 6 "A"
4 4 10 37 7 "R"
4 -6 10 37 8 "R"
4 3 50 37 9 "A"
4 1 50 37 10 "A"
4 -12 10 37 11 "R"
4 2 10 37 12 "R"
4 4 10 37 13 "R"
4 -6 10 37 14 "R"
4 -15 50 37 15 "A"
4 2 10 37 16 "R"
4 -6 10 37 17 "R"
4 -9 40 37 18 "V"
4 -12 50 37 19 "A"
4 -6 50 37 20 "A"
4 2 20 37 21 "F"
4 2 10 37 22 "R"
4 12 50 37 23 "A"
4 1 50 37 24 "A"
4 2 10 37 25 "R"
4 2 10 37 26 "R"
4 1 50 37 27 "A"
4 -6 10 37 28 "R"
4 1 50 37 29 "A"
4 -12 10 37 30 "R"
4 3 50 37 31 "A"
4 -6 50 37 32 "A"
4 -12 10 37 33 "R"
4 1 50 37 34 "A"
4 -15 50 37 35 "A"
4 -6 10 37 36 "R"
4 4 20 37 37 "F"
4 -6 50 37 38 "A"
4 -12 50 37 39 "A"
4 -6 10 37 40 "R"
4 -6 10 37 41 "R"
4 1 50 37 42 "A"
4 4 10 37 43 "R"
4 -6 10 37 44 "R"
4 -15 50 37 45 "A"
4 1 50 37 46 "A"
4 -15 50 37 47 "A"
4 -6 10 37 48 "R"
4 -12 50 37 49 "A"
4 -6 10 37 50 "R"
4 -12 10 37 51 "R"
4 1 50 37 52 "A"
4 4 10 37 53 "R"
4 4 10 37 54 "R"
4 -6 50 37 55 "A"
4 -6 10 37 56 "R"
4 -12 50 37 57 "A"
4 1 50 37 58 "A"
4 4 10 37 59 "R"
4 1 50 37 60 "A"
4 -6 50 37 61 "A"
4 2 10 37 62 "R"
4 4 10 37 63 "R"
4 -36 20 37 64 "F"
4 -12 50 37 65 "A"
4 -6 10 37 66 "R"
4 -6 50 37 67 "A"
4 -6 10 37 68 "R"
4 -6 10 37 69 "R"
4 -6 50 37 70 "A"
4 -15 10 37 71 "R"
4 -6 50 37 72 "A"
4 -12 10 37 73 "R"
4 -6 50 37 74 "A"
4 -12 10 37 75 "R"
4 -6 10 37 76 "R"
4 -12 50 37 77 "A"
4 -6 10 37 78 "R"
4 5 10 37 79 "R"
4 -12 50 37 80 "A"
4 4 10 37 81 "R"
4 3 50 37 82 "A"
4 -6 10 37 83 "R"
4 1 50 37 84 "A"
4 -6 10 37 85 "R"
4 2 10 37 86 "R"
4 -12 10 37 87 "R"
4 1 50 37 88 "A"
4 -12 10 37 89 "R"
4 1 50 37 90 "A"
4 -12 10 37 91 "R"
4 1 50 37 92 "A"
4 4 10 37 93 "R"
4 2 10 37 94 "R"
4 -6 50 37 95 "A"
4 -12 10 37 96 "R"
4 2 10 37 97 "R"
4 1 50 37 98 "A"
4 2 10 37 99 "R"
4 -6 10 37 100 "R"
4 1 50 37 101 "A"
4 4 10 37 102 "R"
4 4 10 37 103 "R"
4 -6 50 37 104 "A"
4 2 10 37 105 "R"
4 -6 10 37 106 "R"
4 3 50 37 107 "A"
4 -6 50 37 108 "A"
4 2 10 37 109 "R"
4 -6 10 37 110 "R"
4 -12 50 37 111 "A"
4 4 10 37 112 "R"
4 4 10 37 113 "R"
4 1 50 37 114 "A"
4 2 10 37 115 "R"
4 -6 50 37 116 "A"
4 2 10 37 117 "R"
4 2 10 37 118 "R"
4 -12 50 37 119 "A"
4 2 10 37 120 "R"
4 5 10 37 121 "R"
4 1 50 37 122 "A"
4 -6 10 37 123 "R"
4 1 50 37 124 "A"
4 1 50 37 125 "A"
4 2 10 37 126 "R"
4 -12 10 37 127 "R"
4 2 10 37 128 "R"
4 -12 50 37 129 "A"
4 2 10 37 130 "R"
4 -12 50 37 131 "A"
4 -6 10 37 132 "R"
4 4 20 37 133 "F"
4 -6 50 37 134 "A"
4 4 10 37 135 "R"
4 -6 10 37 136 "R"
4 -3 40 37 137 "V"
4 -6 50 37 138 "A"
4 1 40 37 139 "V"
4 -6 10 37 140 "R"
4 -6 10 38 1 "R"
4 2 20 38 2 "F"
4 -12 50 38 3 "A"
4 -6 50 38 4 "A"
4 -12 50 38 5 "A"
4 -6 10 38 6 "R"
4 -6 50 38 7 "A"
4 2 10 38 8 "R"
4 -12 10 38 9 "R"
4 -6 10 38 10 "R"
4 3 50 38 11 "A"
4 -6 10 38 12 "R"
4 12 50 38 13 "A"
4 1 50 38 14 "A"
4 -12 10 38 15 "R"
4 -6 50 38 16 "A"
4 -12 10 38 17 "R"
4 1 50 38 18 "A"
4 -15 10 38 19 "R"
4 -6 50 38 20 "A"
4 4 10 38 21 "R"
4 -6 10 38 22 "R"
4 12 50 38 23 "A"
4 1 50 38 24 "A"
4 -12 10 38 25 "R"
4 1 50 38 26 "A"
4 -6 10 38 27 "R"
4 2 10 38 28 "R"
4 -12 50 38 29 "A"
4 -6 10 38 30 "R"
4 3 50 38 31 "A"
4 4 10 38 32 "R"
4 -6 10 38 33 "R"
4 -6 50 38 34 "A"
4 -12 50 38 35 "A"
4 1 50 38 36 "A"
4 4 10 38 37 "R"
4 -6 10 38 38 "R"
4 -15 50 38 39 "A"
4 1 50 38 40 "A"
4 -12 50 38 41 "A"
4 1 50 38 42 "A"
4 2 10 38 43 "R"
4 -6 10 38 44 "R"
4 3 50 38 45 "A"
4 2 10 38 46 "R"
4 2 10 38 47 "R"
4 3 50 38 48 "A"
4 -15 10 38 49 "R"
4 -9 40 38 50 "V"
4 3 50 38 51 "A"
4 2 10 38 52 "R"
4 -15 50 38 53 "A"
4 -6 50 38 54 "A"
4 -6 10 38 55 "R"
4 1 50 38 56 "A"
4 2 10 38 57 "R"
4 2 10 38 58 "R"
4 3 50 38 59 "A"
4 2 10 38 60 "R"
4 -6 10 38 61 "R"
4 1 50 38 62 "A"
4 4 10 38 63 "R"
4 -6 10 38 64 "R"
4 -6 50 38 65 "A"
4 2 10 38 66 "R"
4 3 50 38 67 "A"
4 -6 10 38 68 "R"
4 12 50 38 69 "A"
4 3 50 38 70 "A"
4 -6 10 38 71 "R"
4 -6 50 38 72 "A"
4 -6 10 38 73 "R"
4 1 50 38 74 "A"
4 5 10 38 75 "R"
4 -6 10 38 76 "R"
4 -12 10 38 77 "R"
4 1 50 38 78 "A"
4 -12 10 38 79 "R"
4 -6 50 38 80 "A"
4 -6 10 38 81 "R"
4 -12 50 38 82 "A"
4 4 10 38 83 "R"
4 -6 50 38 84 "A"
4 2 10 38 85 "R"
4 -6 10 38 86 "R"
4 1 50 38 87 "A"
4 -15 10 38 88 "R"
4 -6 50 38 89 "A"
4 4 10 38 90 "R"
4 4 10 38 91 "R"
4 1 50 38 92 "A"
4 4 10 38 93 "R"
4 2 10 38 94 "R"
4 -12 50 38 95 "A"
4 1 50 38 96 "A"
4 -6 10 38 97 "R"
4 1 50 38 98 "A"
4 -6 10 38 99 "R"
4 1 50 38 100 "A"
4 3 50 38 101 "A"
4 2 10 38 102 "R"
4 5 10 38 103 "R"
4 1 50 38 104 "A"
4 5 10 38 105 "R"
4 -6 50 38 106 "A"
4 -6 10 38 107 "R"
4 -6 10 38 108 "R"
4 -15 50 38 109 "A"
4 2 10 38 110 "R"
4 -12 10 38 111 "R"
4 -6 50 38 112 "A"
4 -3 40 38 113 "V"
4 1 50 38 114 "A"
4 2 10 38 115 "R"
4 -6 50 38 116 "A"
4 4 10 38 117 "R"
4 2 10 38 118 "R"
4 -12 50 38 119 "A"
4 -6 50 38 120 "A"
4 -6 10 38 121 "R"
4 1 50 38 122 "A"
4 -12 10 38 123 "R"
4 1 50 38 124 "A"
4 -6 10 38 125 "R"
4 1 50 38 126 "A"
4 4 10 38 127 "R"
4 2 10 38 128 "R"
4 -12 50 38 129 "A"
4 -6 50 38 130 "A"
4 -12 10 38 131 "R"
4 1 50 38 132 "A"
4 -12 10 38 133 "R"
4 -6 50 38 134 "A"
4 -6 10 38 135 "R"
4 -6 50 38 136 "A"
4 4 10 38 137 "R"
4 2 10 38 138 "R"
4 -6 50 38 139 "A"
4 -6 10 38 140 "R"
4 1 50 39 1 "A"
4 -6 10 39 2 "R"
4 3 50 39 3 "A"
4 3 50 39 4 "A"
4 12 50 39 5 "A"
4 -6 10 39 6 "R"
4 3 50 39 7 "A"
4 -6 50 39 8 "A"
4 3 50 39 9 "A"
4 2 10 39 10 "R"
4 -12 50 39 11 "A"
4 1 50 39 12 "A"
4 4 10 39 13 "R"
4 -6 10 39 14 "R"
4 -6 50 39 15 "A"
4 -3 40 39 16 "V"
4 -9 40 39 17 "V"
4 -6 50 39 18 "A"
4 -6 10 39 19 "R"
4 3 50 39 20 "A"
4 -15 50 39 21 "A"
4 -6 10 39 22 "R"
4 -6 50 39 23 "A"
4 5 10 39 24 "R"
4 4 10 39 25 "R"
4 1 50 39 26 "A"
4 3 50 39 27 "A"
4 -6 50 39 28 "A"
4 2 10 39 29 "R"
4 1 50 39 30 "A"
4 -12 50 39 31 "A"
4 -6 50 39 32 "A"
4 4 10 39 33 "R"
4 -12 10 39 34 "R"
4 1 50 39 35 "A"
4 2 10 39 36 "R"
4 -12 10 39 37 "R"
4 -6 50 39 38 "A"
4 -12 10 39 39 "R"
4 2 10 39 40 "R"
4 -12 50 39 41 "A"
4 -6 10 39 42 "R"
4 -12 10 39 43 "R"
4 1 50 39 44 "A"
4 2 10 39 45 "R"
4 -6 10 39 46 "R"
4 -15 50 39 47 "A"
4 2 10 39 48 "R"
4 2 10 39 49 "R"
4 -6 50 39 50 "A"
4 -6 10 39 51 "R"
4 -12 50 39 52 "A"
4 3 50 39 53 "A"
4 -6 50 39 54 "A"
4 -12 50 39 55 "A"
4 -12 10 39 56 "R"
4 -12 50 39 57 "A"
4 2 10 39 58 "R"
4 -6 50 39 59 "A"
4 80 50 39 60 "A"
4 -6 10 39 61 "R"
4 -6 10 39 62 "R"
4 4 10 39 63 "R"
4 -6 50 39 64 "A"
4 4 10 39 65 "R"
4 2 10 39 66 "R"
4 -6 50 39 67 "A"
4 4 10 39 68 "R"
4 -12 50 39 69 "A"
4 1 40 39 70 "V"
4 3 50 39 71 "A"
4 -6 50 39 72 "A"
4 4 10 39 73 "R"
4 2 10 39 74 "R"
4 3 50 39 75 "A"
4 -12 10 39 76 "R"
4 -12 10 39 77 "R"
4 1 50 39 78 "A"
4 2 10 39 79 "R"
4 2 10 39 80 "R"
4 -12 50 39 81 "A"
4 -6 10 39 82 "R"
4 -12 50 39 83 "A"
4 -6 10 39 84 "R"
4 -12 10 39 85 "R"
4 -12 50 39 86 "A"
4 -6 10 39 87 "R"
4 3 50 39 88 "A"
4 12 50 39 89 "A"
4 1 50 39 90 "A"
4 2 10 39 91 "R"
4 -6 10 39 92 "R"
4 -12 50 39 93 "A"
4 1 50 39 94 "A"
4 2 10 39 95 "R"
4 -6 10 39 96 "R"
4 3 50 39 97 "A"
4 1 50 39 98 "A"
4 4 10 39 99 "R"
4 2 10 39 100 "R"
4 -15 50 39 101 "A"
4 1 50 39 102 "A"
4 4 10 39 103 "R"
4 -6 10 39 104 "R"
4 3 50 39 105 "A"
4 -6 50 39 106 "A"
4 -12 10 39 107 "R"
4 1 50 39 108 "A"
4 4 10 39 109 "R"
4 2 10 39 110 "R"
4 -6 50 39 111 "A"
4 -12 50 39 112 "A"
4 -6 10 39 113 "R"
4 -6 50 39 114 "A"
4 4 10 39 115 "R"
4 1 50 39 116 "A"
4 4 10 39 117 "R"
4 4 10 39 118 "R"
4 -12 50 39 119 "A"
4 1 50 39 120 "A"
4 4 10 39 121 "R"
4 -6 10 39 122 "R"
4 -12 50 39 123 "A"
4 -6 10 39 124 "R"
4 -15 50 39 125 "A"
4 -6 50 39 126 "A"
4 -6 10 39 127 "R"
4 -6 10 39 128 "R"
4 -6 50 39 129 "A"
4 2 10 39 130 "R"
4 4 10 39 131 "R"
4 -6 50 39 132 "A"
4 -6 10 39 133 "R"
4 -36 40 39 134 "V"
4 3 40 39 135 "V"
4 -6 10 40 1 "R"
4 2 10 40 2 "R"
4 -12 50 40 3 "A"
4 -6 10 40 4 "R"
4 -12 10 40 5 "R"
4 -6 10 40 6 "R"
4 -6 10 40 7 "R"
4 1 50 40 8 "A"
4 -12 50 40 9 "A"
4 -6 50 40 10 "A"
4 4 10 40 11 "R"
4 -6 10 40 12 "R"
4 12 50 40 13 "A"
4 1 50 40 14 "A"
4 -12 10 40 15 "R"
4 -6 50 40 16 "A"
4 -12 10 40 17 "R"
4 2 10 40 18 "R"
4 -15 10 40 19 "R"
4 -3 20 40 20 "F"
4 4 10 40 21 "R"
4 -6 50 40 22 "A"
4 5 10 40 23 "R"
4 1 50 40 24 "A"
4 -12 50 40 25 "A"
4 1 50 40 26 "A"
4 -6 10 40 27 "R"
4 1 50 40 28 "A"
4 -12 10 40 29 "R"
4 -6 50 40 30 "A"
4 3 50 40 31 "A"
4 4 10 40 32 "R"
4 -6 10 40 33 "R"
4 -6 10 40 34 "R"
4 -12 50 40 35 "A"
4 1 50 40 36 "A"
4 4 10 40 37 "R"
4 -6 10 40 38 "R"
4 -15 50 40 39 "A"
4 1 50 40 40 "A"
4 -12 10 40 41 "R"
4 1 50 40 42 "A"
4 2 10 40 43 "R"
4 -6 10 40 44 "R"
4 3 50 40 45 "A"
4 2 10 40 46 "R"
4 2 10 40 47 "R"
4 3 50 40 48 "A"
4 -15 50 40 49 "A"
4 -12 10 40 50 "R"
4 3 50 40 51 "A"
4 2 10 40 52 "R"
4 -15 10 40 53 "R"
4 -6 10 40 54 "R"
4 -6 50 40 55 "A"
4 2 10 40 56 "R"
4 1 50 40 57 "A"
4 2 10 40 58 "R"
4 4 10 40 59 "R"
4 1 50 40 60 "A"
4 -6 10 40 61 "R"
4 1 50 40 62 "A"
4 4 10 40 63 "R"
4 -6 10 40 64 "R"
4 -6 10 40 65 "R"
4 1 50 40 66 "A"
4 4 10 40 67 "R"
4 -6 10 40 68 "R"
4 5 10 40 69 "R"
4 3 50 40 70 "A"
4 -6 50 40 71 "A"
4 -6 10 40 72 "R"
4 -6 50 40 73 "A"
4 1 50 40 74 "A"
4 5 10 40 75 "R"
4 -6 10 40 76 "R"
4 -12 50 40 77 "A"
4 2 20 40 78 "F"
4 -12 50 40 79 "A"
4 -6 10 40 80 "R"
4 -6 50 40 81 "A"
4 -12 10 40 82 "R"
4 3 50 40 83 "A"
4 -6 10 40 84 "R"
4 1 50 40 85 "A"
4 -6 10 40 86 "R"
4 1 50 40 87 "A"
4 -15 10 40 88 "R"
4 -6 50 40 89 "A"
4 3 50 40 90 "A"
4 4 10 40 91 "R"
4 2 10 40 92 "R"
4 3 50 40 93 "A"
4 1 50 40 94 "A"
4 -12 10 40 95 "R"
4 1 50 40 96 "A"
4 -6 10 40 97 "R"
4 1 50 40 98 "A"
4 -6 10 40 99 "R"
4 1 50 40 100 "A"
4 4 10 40 101 "R"
4 2 10 40 102 "R"
4 12 50 40 103 "A"
4 1 50 40 104 "A"
4 5 10 40 105 "R"
4 -6 50 40 106 "A"
4 -3 40 40 107 "V"
4 -6 10 40 108 "R"
4 -15 50 40 109 "A"
4 2 10 40 110 "R"
4 -12 10 40 111 "R"
4 -3 40 40 112 "V"
4 -6 50 40 113 "A"
4 2 10 40 114 "R"
4 2 10 40 115 "R"
4 -6 50 40 116 "A"
4 4 10 40 117 "R"
4 1 50 40 118 "A"
4 -12 10 40 119 "R"
4 -6 10 40 120 "R"
4 -6 50 40 121 "A"
4 2 10 40 122 "R"
4 -12 10 40 123 "R"
4 2 10 40 124 "R"
4 -6 50 40 125 "A"
4 2 10 40 126 "R"
4 4 10 40 127 "R"
4 1 50 40 128 "A"
4 -12 10 40 129 "R"
4 -6 50 40 130 "A"
4 -12 10 40 131 "R"
4 1 50 40 132 "A"
4 -12 10 40 133 "R"
4 -6 50 40 134 "A"
4 -6 10 40 135 "R"
4 -6 10 40 136 "R"
4 3 50 40 137 "A"
4 2 10 40 138 "R"
4 -6 10 40 139 "R"
4 -6 10 40 140 "R"
4 3 50 40 141 "A"
4 4 20 40 142 "F"
4 4 10 40 143 "R"
4 2 10 40 144 "R"
4 -12 10 40 145 "R"
4 3 50 40 146 "A"
4 -12 50 41 1 "A"
4 1 50 41 2 "A"
4 -6 50 41 3 "A"
4 -12 10 41 4 "R"
4 -6 10 41 5 "R"
4 -6 50 41 6 "A"
4 -15 10 41 7 "R"
4 2 10 41 8 "R"
4 4 10 41 9 "R"
4 2 10 41 10 "R"
4 -12 10 41 11 "R"
4 3 50 41 12 "A"
4 3 50 41 13 "A"
4 1 50 41 14 "A"
4 2 10 41 15 "R"
4 4 10 41 16 "R"
4 -12 10 41 17 "R"
4 -6 50 41 18 "A"
4 5 10 41 19 "R"
4 -12 10 41 20 "R"
4 1 50 41 21 "A"
4 2 10 41 22 "R"
4 -6 10 41 23 "R"
4 4 10 41 24 "R"
4 3 50 41 25 "A"
4 1 50 41 26 "A"
4 -15 50 41 27 "A"
4 -6 10 41 28 "R"
4 -12 50 41 29 "A"
4 -6 50 41 30 "A"
4 -12 10 41 31 "R"
4 2 10 41 32 "R"
4 -12 10 41 33 "R"
4 1 50 41 34 "A"
4 -6 50 41 35 "A"
4 2 10 41 36 "R"
4 -12 10 41 37 "R"
4 -12 50 41 38 "A"
4 1 50 41 39 "A"
4 2 10 41 40 "R"
4 -12 10 41 41 "R"
4 -6 50 41 42 "A"
4 -12 10 41 43 "R"
4 -12 50 41 44 "A"
4 -12 10 41 45 "R"
4 1 50 41 46 "A"
4 4 10 41 47 "R"
4 4 10 41 48 "R"
4 2 10 41 49 "R"
4 1 50 41 50 "A"
4 -12 10 41 51 "R"
4 -6 50 41 52 "A"
4 2 10 41 53 "R"
4 -6 10 41 54 "R"
4 -6 10 41 55 "R"
4 1 50 41 56 "A"
4 -12 10 41 57 "R"
4 1 50 41 58 "A"
4 -12 10 41 59 "R"
4 1 50 41 60 "A"
4 -12 10 41 61 "R"
4 3 50 41 62 "A"
4 4 10 41 63 "R"
4 2 10 41 64 "R"
4 1 50 41 65 "A"
4 2 10 41 66 "R"
4 2 10 41 67 "R"
4 -6 10 41 68 "R"
4 -6 10 41 69 "R"
4 2 10 41 70 "R"
4 -6 50 41 71 "A"
4 2 10 41 72 "R"
4 -12 10 41 73 "R"
4 3 50 41 74 "A"
4 -15 10 41 75 "R"
4 -12 50 41 76 "A"
4 -15 50 41 77 "A"
4 -6 10 41 78 "R"
4 1 50 41 79 "A"
4 2 10 41 80 "R"
4 -12 10 41 81 "R"
4 -6 50 41 82 "A"
4 1 50 41 83 "A"
4 -6 10 41 84 "R"
4 -12 50 41 85 "A"
4 1 50 41 86 "A"
4 -15 10 41 87 "R"
4 1 50 41 88 "A"
4 -6 10 41 89 "R"
4 1 50 41 90 "A"
4 -6 10 41 91 "R"
4 -6 10 41 92 "R"
4 -12 10 41 93 "R"
4 -6 50 41 94 "A"
4 5 10 41 95 "R"
4 -12 10 41 96 "R"
4 -3 20 41 97 "F"
4 2 10 41 98 "R"
4 4 10 41 99 "R"
4 -6 50 41 100 "A"
4 4 10 41 101 "R"
4 2 10 41 102 "R"
4 2 10 41 103 "R"
4 1 50 41 104 "A"
4 5 10 41 105 "R"
4 -6 10 41 106 "R"
4 3 50 41 107 "A"
4 -6 10 41 108 "R"
4 4 10 41 109 "R"
4 -6 10 41 110 "R"
4 -3 40 41 111 "V"
4 -6 10 41 112 "R"
4 5 10 41 113 "R"
4 2 10 41 114 "R"
4 -15 50 41 115 "A"
4 2 10 41 116 "R"
4 4 10 41 117 "R"
4 -6 10 41 118 "R"
4 3 50 41 119 "A"
4 -6 10 41 120 "R"
4 1 50 41 121 "A"
4 2 10 41 122 "R"
4 -6 10 41 123 "R"
4 -6 50 41 124 "A"
4 -9 40 41 125 "V"
4 -6 10 41 126 "R"
4 -15 50 41 127 "A"
4 -6 10 41 128 "R"
4 -6 10 41 129 "R"
4 -6 10 41 130 "R"
4 -12 50 41 131 "A"
4 -6 10 41 132 "R"
4 -12 10 41 133 "R"
4 -6 50 41 134 "A"
