"rat" "reward" "trou" "session" "round" "choice"
5 -9 40 1 1 "F"
5 2 40 1 2 "F"
5 -3 40 1 3 "F"
5 -12 50 1 4 "A"
5 -6 10 1 5 "R"
5 -6 50 1 6 "A"
5 -36 40 1 7 "F"
5 2 10 1 8 "R"
5 4 10 1 9 "R"
5 2 10 1 10 "R"
5 -12 10 1 11 "R"
5 3 50 1 12 "A"
5 4 10 1 13 "R"
5 2 10 1 14 "R"
5 2 10 1 15 "R"
5 4 10 1 16 "R"
5 -12 10 1 17 "R"
5 -6 50 1 18 "A"
5 5 10 1 19 "R"
5 -12 10 1 20 "R"
5 1 50 1 21 "A"
5 2 40 1 22 "F"
5 -3 40 1 23 "F"
5 4 10 1 24 "R"
5 4 10 1 25 "R"
5 2 10 1 26 "R"
5 -15 10 1 27 "R"
5 -6 50 1 28 "A"
5 -12 10 1 29 "R"
5 -6 10 1 30 "R"
5 -9 40 1 31 "F"
5 2 10 1 32 "R"
5 -12 10 1 33 "R"
5 2 40 1 34 "F"
5 -6 10 1 35 "R"
5 1 50 1 36 "A"
5 -12 10 1 37 "R"
5 -12 10 1 38 "R"
5 1 50 1 39 "A"
5 2 40 1 40 "F"
5 -12 10 1 41 "R"
5 -6 10 1 42 "R"
5 -12 50 1 43 "A"
5 -12 10 1 44 "R"
5 -12 10 1 45 "R"
5 1 50 1 46 "A"
5 3 50 1 47 "A"
5 4 10 1 48 "R"
5 1 50 1 49 "A"
5 1 50 1 50 "A"
5 -12 50 1 51 "A"
5 -6 10 1 52 "R"
5 1 50 1 53 "A"
5 -6 10 1 54 "R"
5 -6 50 1 55 "A"
5 1 50 1 56 "A"
5 -12 10 1 57 "R"
5 2 10 1 58 "R"
5 -12 10 1 59 "R"
5 2 10 1 60 "R"
5 -9 40 1 61 "F"
5 3 50 1 62 "A"
5 3 50 1 63 "A"
5 1 50 1 64 "A"
5 2 10 1 65 "R"
5 2 40 1 66 "F"
5 2 10 1 67 "R"
5 -6 10 1 68 "R"
5 -6 10 1 69 "R"
5 1 50 1 70 "A"
5 -6 50 1 71 "A"
5 2 10 1 72 "R"
5 -12 50 1 73 "A"
5 4 10 1 74 "R"
5 -15 10 1 75 "R"
5 -12 10 1 76 "R"
5 -15 10 1 77 "R"
5 -6 50 1 78 "A"
5 2 10 1 79 "R"
5 2 40 1 80 "F"
5 -12 10 1 81 "R"
5 -6 10 1 82 "R"
5 2 10 1 83 "R"
5 -3 40 1 84 "F"
5 -12 10 1 85 "R"
5 2 40 1 86 "F"
5 -15 50 1 87 "A"
5 2 40 1 88 "F"
5 -6 50 1 89 "A"
5 2 10 1 90 "R"
5 -6 10 1 91 "R"
5 -6 50 1 92 "A"
5 -12 10 1 93 "R"
5 -6 10 1 94 "R"
5 5 10 1 95 "R"
5 -9 40 1 96 "F"
5 -6 10 1 97 "R"
5 1 50 1 98 "A"
5 3 50 1 99 "A"
5 -6 10 1 100 "R"
5 3 50 1 101 "A"
5 1 50 1 102 "A"
5 2 10 1 103 "R"
5 1 50 1 104 "A"
5 5 10 1 105 "R"
5 -6 50 1 106 "A"
5 3 50 1 107 "A"
5 -6 50 1 108 "A"
5 3 50 1 109 "A"
5 -3 40 1 110 "F"
5 -6 10 1 111 "R"
5 -6 10 1 112 "R"
5 5 10 1 113 "R"
5 -6 10 2 1 "R"
5 2 10 2 2 "R"
5 12 50 2 3 "A"
5 -6 10 2 4 "R"
5 -12 50 2 5 "A"
5 -3 20 2 6 "V"
5 -12 50 2 7 "A"
5 -3 20 2 8 "V"
5 12 50 2 9 "A"
5 2 40 2 10 "F"
5 4 40 2 11 "F"
5 1 50 2 12 "A"
5 3 50 2 13 "A"
5 -3 40 2 14 "F"
5 -12 50 2 15 "A"
5 1 50 2 16 "A"
5 -36 40 2 17 "F"
5 2 10 2 18 "R"
5 4 10 2 19 "R"
5 -6 10 2 20 "R"
5 -15 50 2 21 "A"
5 -9 40 2 22 "F"
5 4 10 2 23 "R"
5 -6 10 2 24 "R"
5 5 10 2 25 "R"
5 -9 40 2 26 "F"
5 3 20 2 27 "V"
5 -6 50 2 28 "A"
5 4 10 2 29 "R"
5 2 10 2 30 "R"
5 -12 10 2 31 "R"
5 -6 50 2 32 "A"
5 -12 50 2 33 "A"
5 1 50 2 34 "A"
5 12 50 2 35 "A"
5 4 10 2 36 "R"
5 4 10 2 37 "R"
5 -3 40 2 38 "F"
5 4 10 2 39 "R"
5 2 10 2 40 "R"
5 5 10 2 41 "R"
5 2 10 2 42 "R"
5 2 40 2 43 "F"
5 2 10 2 44 "R"
5 -6 10 2 45 "R"
5 -6 50 2 46 "A"
5 -6 10 2 47 "R"
5 2 40 2 48 "F"
5 -36 40 2 49 "F"
5 2 10 2 50 "R"
5 2 10 2 51 "R"
5 2 10 2 52 "R"
5 4 10 2 53 "R"
5 2 40 2 54 "F"
5 2 10 2 55 "R"
5 -12 50 2 56 "A"
5 1 50 2 57 "A"
5 3 50 2 58 "A"
5 -6 10 2 59 "R"
5 -6 50 2 60 "A"
5 -12 10 2 61 "R"
5 -6 10 2 62 "R"
5 2 40 2 63 "F"
5 -3 20 2 64 "V"
5 3 50 2 65 "A"
5 1 50 2 66 "A"
5 -12 50 2 67 "A"
5 1 50 2 68 "A"
5 -12 50 2 69 "A"
5 1 50 2 70 "A"
5 -6 50 2 71 "A"
5 2 10 2 72 "R"
5 4 10 2 73 "R"
5 -9 40 2 74 "F"
5 -12 10 2 75 "R"
5 -6 10 2 76 "R"
5 -12 10 2 77 "R"
5 -6 50 2 78 "A"
5 -12 10 2 79 "R"
5 -3 20 2 80 "V"
5 -12 50 2 81 "A"
5 -6 10 2 82 "R"
5 3 50 2 83 "A"
5 -6 50 2 84 "A"
5 -6 10 2 85 "R"
5 -12 50 2 86 "A"
5 -6 10 2 87 "R"
5 -6 10 2 88 "R"
5 -15 50 2 89 "A"
5 2 10 2 90 "R"
5 -15 10 2 91 "R"
5 2 10 2 92 "R"
5 -3 40 2 93 "F"
5 4 10 2 94 "R"
5 -12 10 2 95 "R"
5 1 50 2 96 "A"
5 3 50 2 97 "A"
5 -6 50 2 98 "A"
5 -6 10 2 99 "R"
5 -6 50 2 100 "A"
5 2 10 2 101 "R"
5 2 10 2 102 "R"
5 -9 40 2 103 "F"
5 4 40 2 104 "F"
5 5 10 2 105 "R"
5 2 10 2 106 "R"
5 -15 10 2 107 "R"
5 2 10 2 108 "R"
5 4 10 2 109 "R"
5 2 40 2 110 "F"
5 -6 10 2 111 "R"
5 1 50 2 112 "A"
5 3 50 2 113 "A"
5 -12 10 2 114 "R"
5 -3 40 2 115 "F"
5 -6 10 2 116 "R"
5 -12 10 2 117 "R"
5 2 40 2 118 "F"
5 2 40 2 119 "F"
5 -6 10 2 120 "R"
5 -6 50 2 121 "A"
5 2 10 2 122 "R"
5 -15 50 2 123 "A"
5 2 40 2 124 "F"
5 -15 50 2 125 "A"
5 2 10 3 1 "R"
5 -6 10 3 2 "R"
5 4 10 3 3 "R"
5 4 10 3 4 "R"
5 5 10 3 5 "R"
5 -6 10 3 6 "R"
5 4 10 3 7 "R"
5 -6 10 3 8 "R"
5 4 10 3 9 "R"
5 2 10 3 10 "R"
5 -12 10 3 11 "R"
5 2 10 3 12 "R"
5 4 10 3 13 "R"
5 -6 10 3 14 "R"
5 -3 40 3 15 "F"
5 -6 10 3 16 "R"
5 -9 40 3 17 "F"
5 -6 10 3 18 "R"
5 -6 10 3 19 "R"
5 4 10 3 20 "R"
5 -15 10 3 21 "R"
5 -6 10 3 22 "R"
5 -3 40 3 23 "F"
5 5 10 3 24 "R"
5 4 10 3 25 "R"
5 2 10 3 26 "R"
5 4 10 3 27 "R"
5 -6 10 3 28 "R"
5 1 50 3 29 "A"
5 2 40 3 30 "F"
5 -12 10 3 31 "R"
5 -6 10 3 32 "R"
5 3 50 3 33 "A"
5 -12 10 3 34 "R"
5 2 10 3 35 "R"
5 2 10 3 36 "R"
5 -12 10 3 37 "R"
5 -6 10 3 38 "R"
5 -12 50 3 39 "A"
5 1 50 3 40 "A"
5 -12 10 3 41 "R"
5 -6 10 3 42 "R"
5 -9 40 3 43 "F"
5 1 50 3 44 "A"
5 2 40 3 45 "F"
5 -6 10 3 46 "R"
5 -15 10 3 47 "R"
5 2 10 3 48 "R"
5 1 50 3 49 "A"
5 -6 10 3 50 "R"
5 -6 50 3 51 "A"
5 -12 10 3 52 "R"
5 4 10 3 53 "R"
5 -6 10 3 54 "R"
5 -12 10 3 55 "R"
5 -12 10 3 56 "R"
5 -12 10 3 57 "R"
5 2 10 3 58 "R"
5 -6 10 3 59 "R"
5 1 50 3 60 "A"
5 -6 50 3 61 "A"
5 -6 10 3 62 "R"
5 4 10 3 63 "R"
5 -3 40 3 64 "F"
5 4 10 3 65 "R"
5 2 10 3 66 "R"
5 -6 10 3 67 "R"
5 4 10 3 68 "R"
5 -12 10 3 69 "R"
5 1 50 3 70 "A"
5 4 40 3 71 "F"
5 -6 10 3 72 "R"
5 3 50 3 73 "A"
5 2 10 3 74 "R"
5 4 10 3 75 "R"
5 -12 10 3 76 "R"
5 -12 10 3 77 "R"
5 2 10 3 78 "R"
5 2 10 3 79 "R"
5 2 10 3 80 "R"
5 -12 10 3 81 "R"
5 -3 40 3 82 "F"
5 -12 10 3 83 "R"
5 -6 10 3 84 "R"
5 -12 50 3 85 "A"
5 -12 10 3 86 "R"
5 -6 50 3 87 "A"
5 4 10 3 88 "R"
5 5 10 3 89 "R"
5 2 10 3 90 "R"
5 2 10 3 91 "R"
5 -6 10 3 92 "R"
5 -12 50 3 93 "A"
5 1 50 3 94 "A"
5 1 50 3 95 "A"
5 -6 10 3 96 "R"
5 4 10 3 97 "R"
5 2 10 3 98 "R"
5 4 10 3 99 "R"
5 2 10 3 100 "R"
5 -15 10 3 101 "R"
5 2 10 3 102 "R"
5 4 10 3 103 "R"
5 -6 10 3 104 "R"
5 4 10 3 105 "R"
5 -6 10 3 106 "R"
5 -12 10 3 107 "R"
5 2 10 3 108 "R"
5 4 10 3 109 "R"
5 2 10 3 110 "R"
5 -6 10 3 111 "R"
5 -12 10 3 112 "R"
5 -6 10 3 113 "R"
5 -6 50 3 114 "A"
5 4 10 3 115 "R"
5 2 10 3 116 "R"
5 4 10 3 117 "R"
5 4 10 3 118 "R"
5 -12 10 3 119 "R"
5 1 50 3 120 "A"
5 4 40 3 121 "F"
5 -6 10 3 122 "R"
5 -12 10 3 123 "R"
5 -6 10 3 124 "R"
5 -15 50 3 125 "A"
5 -6 50 3 126 "A"
5 -6 50 3 127 "A"
5 -6 10 3 128 "R"
5 -6 10 3 129 "R"
5 1 50 3 130 "A"
5 4 10 3 131 "R"
5 -6 10 3 132 "R"
5 -6 50 3 133 "A"
5 -15 10 3 134 "R"
5 3 50 3 135 "A"
5 2 10 3 136 "R"
5 -6 10 3 137 "R"
5 -6 10 3 138 "R"
5 12 50 3 139 "A"
5 -9 40 4 1 "F"
5 1 50 4 2 "A"
5 -12 50 4 3 "A"
5 -6 10 4 4 "R"
5 -12 10 4 5 "R"
5 -6 10 4 6 "R"
5 -12 50 4 7 "A"
5 -6 50 4 8 "A"
5 -15 10 4 9 "R"
5 -6 10 4 10 "R"
5 1 50 4 11 "A"
5 1 50 4 12 "A"
5 3 20 4 13 "V"
5 -6 10 4 14 "R"
5 3 50 4 15 "A"
5 1 20 4 16 "V"
5 3 50 4 17 "A"
5 2 40 4 18 "F"
5 -36 20 4 19 "V"
5 -6 10 4 20 "R"
5 -9 40 4 21 "F"
5 -6 10 4 22 "R"
5 2 40 4 23 "F"
5 1 20 4 24 "V"
5 4 40 4 25 "F"
5 -9 40 4 26 "F"
5 -12 50 4 27 "A"
5 -3 40 4 28 "F"
5 4 10 4 29 "R"
5 -3 40 4 30 "F"
5 -12 10 4 31 "R"
5 -36 20 4 32 "V"
5 5 10 4 33 "R"
5 -3 40 4 34 "F"
5 2 10 4 35 "R"
5 -6 10 4 36 "R"
5 1 50 4 37 "A"
5 4 40 4 38 "F"
5 2 10 4 39 "R"
5 1 50 4 40 "A"
5 -6 10 4 41 "R"
5 -6 50 4 42 "A"
5 -6 10 4 43 "R"
5 1 50 4 44 "A"
5 -6 50 4 45 "A"
5 -6 10 4 46 "R"
5 -12 50 4 47 "A"
5 -12 10 4 48 "R"
5 -3 20 4 49 "V"
5 -6 10 4 50 "R"
5 4 10 4 51 "R"
5 2 10 4 52 "R"
5 5 40 4 53 "F"
5 -6 10 4 54 "R"
5 -12 50 4 55 "A"
5 2 40 4 56 "F"
5 -9 40 4 57 "F"
5 1 50 4 58 "A"
5 -6 10 4 59 "R"
5 80 50 4 60 "A"
5 -12 10 4 61 "R"
5 1 50 4 62 "A"
5 4 10 4 63 "R"
5 -6 10 4 64 "R"
5 3 50 4 65 "A"
5 1 50 4 66 "A"
5 -12 50 4 67 "A"
5 2 10 4 68 "R"
5 4 40 4 69 "F"
5 -6 10 4 70 "R"
5 1 50 4 71 "A"
5 -6 50 4 72 "A"
5 -12 50 4 73 "A"
5 -6 50 4 74 "A"
5 -15 10 4 75 "R"
5 1 50 4 76 "A"
5 -12 50 4 77 "A"
5 1 50 4 78 "A"
5 -12 50 4 79 "A"
5 2 10 4 80 "R"
5 -12 10 4 81 "R"
5 -6 10 4 82 "R"
5 3 50 4 83 "A"
5 1 50 4 84 "A"
5 4 10 4 85 "R"
5 -3 40 4 86 "F"
5 -12 50 4 87 "A"
5 1 50 4 88 "A"
5 -6 10 4 89 "R"
5 -6 50 4 90 "A"
5 -9 20 4 91 "V"
5 -6 50 4 92 "A"
5 5 10 4 93 "R"
5 1 20 4 94 "V"
5 -12 10 4 95 "R"
5 -6 10 4 96 "R"
5 12 50 4 97 "A"
5 -6 50 4 98 "A"
5 -6 10 4 99 "R"
5 -6 50 4 100 "A"
5 -15 10 4 101 "R"
5 -6 10 4 102 "R"
5 -12 50 4 103 "A"
5 4 10 4 104 "R"
5 1 20 4 105 "V"
5 4 10 4 106 "R"
5 2 40 4 107 "F"
5 -6 10 4 108 "R"
5 1 50 4 109 "A"
5 -6 50 4 110 "A"
5 -12 10 4 111 "R"
5 -6 50 4 112 "A"
5 4 10 4 113 "R"
5 -12 10 4 114 "R"
5 -6 10 4 115 "R"
5 2 10 4 116 "R"
5 2 40 4 117 "F"
5 2 10 4 118 "R"
5 -3 40 4 119 "F"
5 -6 10 4 120 "R"
5 -12 10 4 121 "R"
5 -12 10 4 122 "R"
5 5 10 4 123 "R"
5 2 40 4 124 "F"
5 -15 10 4 125 "R"
5 2 40 5 1 "F"
5 -6 50 5 2 "A"
5 -12 10 5 3 "R"
5 3 50 5 4 "A"
5 -6 10 5 5 "R"
5 1 50 5 6 "A"
5 -9 20 5 7 "V"
5 2 10 5 8 "R"
5 -12 10 5 9 "R"
5 1 50 5 10 "A"
5 -36 40 5 11 "F"
5 -6 50 5 12 "A"
5 -12 50 5 13 "A"
5 3 50 5 14 "A"
5 -6 50 5 15 "A"
5 2 10 5 16 "R"
5 4 10 5 17 "R"
5 2 10 5 18 "R"
5 4 10 5 19 "R"
5 -12 10 5 20 "R"
5 -12 50 5 21 "A"
5 2 40 5 22 "F"
5 -9 20 5 23 "V"
5 -12 50 5 24 "A"
5 4 10 5 25 "R"
5 2 10 5 26 "R"
5 -3 20 5 27 "V"
5 -6 10 5 28 "R"
5 -12 10 5 29 "R"
5 -6 10 5 30 "R"
5 -6 50 5 31 "A"
5 -6 10 5 32 "R"
5 -6 10 5 33 "R"
5 3 50 5 34 "A"
5 -3 40 5 35 "F"
5 -3 40 5 36 "F"
5 -12 10 5 37 "R"
5 3 50 5 38 "A"
5 12 50 5 39 "A"
5 -3 40 5 40 "F"
5 -6 10 5 41 "R"
5 2 40 5 42 "F"
5 -12 50 5 43 "A"
5 -6 50 5 44 "A"
5 4 10 5 45 "R"
5 -3 40 5 46 "F"
5 2 10 5 47 "R"
5 -6 10 5 48 "R"
5 -12 10 5 49 "R"
5 1 50 5 50 "A"
5 -12 50 5 51 "A"
5 -6 10 5 52 "R"
5 2 40 5 53 "F"
5 -6 10 5 54 "R"
5 3 50 5 55 "A"
5 2 40 5 56 "F"
5 4 10 5 57 "R"
5 2 40 5 58 "F"
5 4 10 5 59 "R"
5 -3 40 5 60 "F"
5 -15 10 5 61 "R"
5 1 20 5 62 "V"
5 -6 10 5 63 "R"
5 1 50 5 64 "A"
5 -12 50 5 65 "A"
5 -6 10 5 66 "R"
5 -15 50 5 67 "A"
5 -3 20 5 68 "V"
5 2 10 5 69 "R"
5 -3 40 5 70 "F"
5 4 10 5 71 "R"
5 4 10 5 72 "R"
5 -15 10 5 73 "R"
5 -6 50 5 74 "A"
5 2 10 5 75 "R"
5 -12 10 5 76 "R"
5 -6 10 5 77 "R"
5 -6 50 5 78 "A"
5 -3 40 5 79 "F"
5 2 10 5 80 "R"
5 4 40 5 81 "F"
5 -6 10 5 82 "R"
5 3 50 5 83 "A"
5 -3 40 5 84 "F"
5 -15 10 5 85 "R"
5 -6 10 5 86 "R"
5 -3 20 5 87 "V"
5 -6 50 5 88 "A"
5 -12 10 5 89 "R"
5 2 10 5 90 "R"
5 5 40 5 91 "F"
5 2 10 5 92 "R"
5 -9 40 5 93 "F"
5 -12 50 5 94 "A"
5 1 20 5 95 "V"
5 -12 10 5 96 "R"
5 4 10 5 97 "R"
5 2 10 5 98 "R"
5 -36 40 5 99 "F"
5 -6 50 5 100 "A"
5 2 10 5 101 "R"
5 -6 10 5 102 "R"
5 -15 10 5 103 "R"
5 1 50 5 104 "A"
5 -12 10 5 105 "R"
5 1 50 5 106 "A"
5 3 50 5 107 "A"
5 -6 50 5 108 "A"
5 -6 50 5 109 "A"
5 -6 10 5 110 "R"
5 1 50 5 111 "A"
5 -6 50 5 112 "A"
5 -15 10 5 113 "R"
5 2 10 5 114 "R"
5 -9 40 5 115 "F"
5 -12 50 5 116 "A"
5 -36 20 5 117 "V"
5 -12 50 5 118 "A"
5 -12 10 5 119 "R"
5 2 40 5 120 "F"
5 -12 10 5 121 "R"
5 3 50 6 1 "A"
5 -6 10 6 2 "R"
5 -12 50 6 3 "A"
5 -9 20 6 4 "V"
5 3 50 6 5 "A"
5 1 20 6 6 "V"
5 3 50 6 7 "A"
5 -3 20 6 8 "V"
5 4 10 6 9 "R"
5 -240 20 6 10 "V"
5 -12 10 6 11 "R"
5 2 10 6 12 "R"
5 3 50 6 13 "A"
5 -3 20 6 14 "V"
5 -15 10 6 15 "R"
5 1 50 6 16 "A"
5 -6 50 6 17 "A"
5 -12 50 6 18 "A"
5 -12 50 6 19 "A"
5 -6 50 6 20 "A"
5 2 10 6 21 "R"
5 2 10 6 22 "R"
5 12 50 6 23 "A"
5 2 10 6 24 "R"
5 1 20 6 25 "V"
5 2 10 6 26 "R"
5 1 50 6 27 "A"
5 -6 10 6 28 "R"
5 2 10 6 29 "R"
5 -12 10 6 30 "R"
5 4 10 6 31 "R"
5 -6 50 6 32 "A"
5 -12 10 6 33 "R"
5 1 20 6 34 "V"
5 -15 10 6 35 "R"
5 -6 50 6 36 "A"
5 4 10 6 37 "R"
5 -6 10 6 38 "R"
5 -12 50 6 39 "A"
5 -6 50 6 40 "A"
5 -6 10 6 41 "R"
5 2 40 6 42 "F"
5 3 50 6 43 "A"
5 -6 50 6 44 "A"
5 -36 20 6 45 "V"
5 1 50 6 46 "A"
5 -15 50 6 47 "A"
5 -3 20 6 48 "V"
5 -12 10 6 49 "R"
5 -6 10 6 50 "R"
5 -12 50 6 51 "A"
5 1 50 6 52 "A"
5 3 50 6 53 "A"
5 3 50 6 54 "A"
5 -6 10 6 55 "R"
5 -6 10 6 56 "R"
5 -12 50 6 57 "A"
5 2 40 6 58 "F"
5 3 50 6 59 "A"
5 2 10 6 60 "R"
5 -6 10 6 61 "R"
5 1 50 6 62 "A"
5 3 50 6 63 "A"
5 -15 10 6 64 "R"
5 -12 10 6 65 "R"
5 -6 10 6 66 "R"
5 -6 50 6 67 "A"
5 -6 10 6 68 "R"
5 -6 50 6 69 "A"
5 -6 10 6 70 "R"
5 -15 50 6 71 "A"
5 -6 50 6 72 "A"
5 -12 10 6 73 "R"
5 -6 10 6 74 "R"
5 -12 10 6 75 "R"
5 -6 50 6 76 "A"
5 -12 10 6 77 "R"
5 -6 10 6 78 "R"
5 12 50 6 79 "A"
5 -12 50 6 80 "A"
5 3 50 6 81 "A"
5 3 50 6 82 "A"
5 -6 10 6 83 "R"
5 1 50 6 84 "A"
5 -6 50 6 85 "A"
5 2 10 6 86 "R"
5 -12 10 6 87 "R"
5 1 50 6 88 "A"
5 -12 50 6 89 "A"
5 2 40 6 90 "F"
5 -12 50 6 91 "A"
5 2 40 6 92 "F"
5 3 50 6 93 "A"
5 1 50 6 94 "A"
5 -6 50 6 95 "A"
5 -12 10 6 96 "R"
5 1 50 6 97 "A"
5 1 50 6 98 "A"
5 2 10 6 99 "R"
5 -3 40 6 100 "F"
5 2 10 6 101 "R"
5 3 50 6 102 "A"
5 4 10 6 103 "R"
5 -6 50 7 1 "A"
5 2 10 7 2 "R"
5 2 40 7 3 "F"
5 -6 50 7 4 "A"
5 -12 50 7 5 "A"
5 1 20 7 6 "V"
5 -9 40 7 7 "F"
5 -6 50 7 8 "A"
5 -12 10 7 9 "R"
5 4 40 7 10 "F"
5 -6 10 7 11 "R"
5 1 50 7 12 "A"
5 -12 50 7 13 "A"
5 -6 10 7 14 "R"
5 3 50 7 15 "A"
5 2 10 7 16 "R"
5 1 50 7 17 "A"
5 1 50 7 18 "A"
5 -12 50 7 19 "A"
5 -6 10 7 20 "R"
5 1 50 7 21 "A"
5 1 50 7 22 "A"
5 3 50 7 23 "A"
5 -12 10 7 24 "R"
5 4 10 7 25 "R"
5 2 10 7 26 "R"
5 5 40 7 27 "F"
5 -6 10 7 28 "R"
5 3 50 7 29 "A"
5 -6 50 7 30 "A"
5 -15 10 7 31 "R"
5 -6 10 7 32 "R"
5 -9 40 7 33 "F"
5 2 10 7 34 "R"
5 -12 50 7 35 "A"
5 -6 50 7 36 "A"
5 -12 10 7 37 "R"
5 -3 40 7 38 "F"
5 -6 50 7 39 "A"
5 2 10 7 40 "R"
5 -6 50 7 41 "A"
5 2 10 7 42 "R"
5 -15 50 7 43 "A"
5 3 50 7 44 "A"
5 -6 10 7 45 "R"
5 -12 50 7 46 "A"
5 1 50 7 47 "A"
5 1 50 7 48 "A"
5 -6 10 7 49 "R"
5 1 50 7 50 "A"
5 -12 50 7 51 "A"
5 2 40 7 52 "F"
5 1 50 7 53 "A"
5 2 10 7 54 "R"
5 2 10 7 55 "R"
5 1 50 7 56 "A"
5 2 10 7 57 "R"
5 3 50 7 58 "A"
5 -12 50 7 59 "A"
5 1 50 7 60 "A"
5 -12 50 7 61 "A"
5 3 50 7 62 "A"
5 -12 50 7 63 "A"
5 -6 10 7 64 "R"
5 1 50 7 65 "A"
5 1 50 7 66 "A"
5 -6 10 7 67 "R"
5 -6 50 7 68 "A"
5 -6 10 7 69 "R"
5 2 10 7 70 "R"
5 12 50 7 71 "A"
5 3 50 7 72 "A"
5 -12 50 7 73 "A"
5 -3 20 7 74 "V"
5 5 10 7 75 "R"
5 -6 10 7 76 "R"
5 -6 50 7 77 "A"
5 -6 10 7 78 "R"
5 1 50 7 79 "A"
5 1 50 7 80 "A"
5 -6 50 7 81 "A"
5 -12 10 7 82 "R"
5 4 10 7 83 "R"
5 2 10 7 84 "R"
5 -6 50 7 85 "A"
5 -6 10 7 86 "R"
5 -15 50 7 87 "A"
5 -6 10 7 88 "R"
5 -12 50 7 89 "A"
5 -6 50 7 90 "A"
5 -12 50 7 91 "A"
5 1 50 7 92 "A"
5 1 50 7 93 "A"
5 -12 50 7 94 "A"
5 -12 10 7 95 "R"
5 2 10 7 96 "R"
5 -12 50 7 97 "A"
5 2 10 7 98 "R"
5 4 10 7 99 "R"
5 1 50 7 100 "A"
5 12 50 7 101 "A"
5 2 10 7 102 "R"
5 2 10 7 103 "R"
5 -6 10 7 104 "R"
5 1 50 7 105 "A"
5 -6 50 7 106 "A"
5 -6 10 7 107 "R"
5 -6 50 7 108 "A"
5 4 10 7 109 "R"
5 -12 50 7 110 "A"
5 5 10 7 111 "R"
5 -12 10 7 112 "R"
5 4 10 7 113 "R"
5 -15 10 7 114 "R"
5 3 50 7 115 "A"
5 1 50 7 116 "A"
5 -6 50 7 117 "A"
5 3 50 7 118 "A"
5 -36 40 7 119 "F"
5 2 40 7 120 "F"
5 5 40 7 121 "F"
5 2 10 7 122 "R"
5 -6 10 7 123 "R"
5 1 50 7 124 "A"
5 -12 10 7 125 "R"
5 -3 40 7 126 "F"
5 2 10 7 127 "R"
5 -6 50 7 128 "A"
5 -6 10 8 1 "R"
5 1 50 8 2 "A"
5 1 50 8 3 "A"
5 -6 10 8 4 "R"
5 -12 50 8 5 "A"
5 2 10 8 6 "R"
5 -9 40 8 7 "F"
5 -6 50 8 8 "A"
5 -12 10 8 9 "R"
5 4 10 8 10 "R"
5 -6 10 8 11 "R"
5 1 50 8 12 "A"
5 -12 50 8 13 "A"
5 -6 10 8 14 "R"
5 4 40 8 15 "F"
5 1 50 8 16 "A"
5 2 40 8 17 "F"
5 2 10 8 18 "R"
5 -12 50 8 19 "A"
5 -3 40 8 20 "F"
5 1 50 8 21 "A"
5 2 40 8 22 "F"
5 4 10 8 23 "R"
5 -12 10 8 24 "R"
5 4 10 8 25 "R"
5 2 10 8 26 "R"
5 5 40 8 27 "F"
5 -6 10 8 28 "R"
5 4 40 8 29 "F"
5 -6 50 8 30 "A"
5 -36 40 8 31 "F"
5 -6 10 8 32 "R"
5 -12 50 8 33 "A"
5 2 10 8 34 "R"
5 -12 10 8 35 "R"
5 -6 50 8 36 "A"
5 -12 10 8 37 "R"
5 -6 50 8 38 "A"
5 -6 10 8 39 "R"
5 2 10 8 40 "R"
5 -6 10 8 41 "R"
5 1 50 8 42 "A"
5 -15 50 8 43 "A"
5 3 50 8 44 "A"
5 -6 10 8 45 "R"
5 -12 50 8 46 "A"
5 2 10 8 47 "R"
5 2 10 8 48 "R"
5 -6 50 8 49 "A"
5 2 10 8 50 "R"
5 -9 40 8 51 "F"
5 1 50 8 52 "A"
5 1 50 8 53 "A"
5 2 10 8 54 "R"
5 2 40 8 55 "F"
5 2 10 8 56 "R"
5 2 10 8 57 "R"
5 4 40 8 58 "F"
5 -12 10 8 59 "R"
5 -240 40 8 60 "F"
5 -12 50 8 61 "A"
5 4 10 8 62 "R"
5 -12 10 8 63 "R"
5 -6 10 8 64 "R"
5 1 20 8 65 "V"
5 1 50 8 66 "A"
5 -6 10 8 67 "R"
5 -6 50 8 68 "A"
5 -6 50 8 69 "A"
5 2 10 8 70 "R"
5 12 50 8 71 "A"
5 3 50 8 72 "A"
5 -9 40 8 73 "F"
5 -6 10 8 74 "R"
5 12 50 8 75 "A"
5 -6 50 8 76 "A"
5 -6 10 8 77 "R"
5 -6 50 8 78 "A"
5 1 50 8 79 "A"
5 1 50 8 80 "A"
5 -6 50 8 81 "A"
5 -12 10 8 82 "R"
5 4 40 8 83 "F"
5 2 10 8 84 "R"
5 -3 40 8 85 "F"
5 -6 10 8 86 "R"
5 -15 50 8 87 "A"
5 -6 50 8 88 "A"
5 -12 10 8 89 "R"
5 -6 10 8 90 "R"
5 -12 10 8 91 "R"
5 2 40 8 92 "F"
5 1 50 8 93 "A"
5 -12 50 8 94 "A"
5 -9 20 8 95 "V"
5 1 20 8 96 "V"
5 -12 10 8 97 "R"
5 2 10 8 98 "R"
5 4 40 8 99 "F"
5 2 10 8 100 "R"
5 12 50 8 101 "A"
5 1 50 8 102 "A"
5 2 40 8 103 "F"
5 -6 10 8 104 "R"
5 1 50 8 105 "A"
5 -6 50 8 106 "A"
5 -3 20 8 107 "V"
5 -6 10 8 108 "R"
5 4 10 8 109 "R"
5 2 10 9 1 "R"
5 -6 50 9 2 "A"
5 -12 10 9 3 "R"
5 4 10 9 4 "R"
5 -6 10 9 5 "R"
5 2 10 9 6 "R"
5 -12 50 9 7 "A"
5 2 10 9 8 "R"
5 -12 10 9 9 "R"
5 2 10 9 10 "R"
5 -15 50 9 11 "A"
5 -6 50 9 12 "A"
5 -12 10 9 13 "R"
5 4 10 9 14 "R"
5 -3 40 9 15 "F"
5 2 10 9 16 "R"
5 4 10 9 17 "R"
5 2 10 9 18 "R"
5 4 10 9 19 "R"
5 -9 40 9 20 "F"
5 -12 50 9 21 "A"
5 2 10 9 22 "R"
5 -12 10 9 23 "R"
5 -12 10 9 24 "R"
5 4 10 9 25 "R"
5 1 50 9 26 "A"
5 -6 10 9 27 "R"
5 -6 50 9 28 "A"
5 -12 10 9 29 "R"
5 -6 50 9 30 "A"
5 -6 10 9 31 "R"
5 -6 50 9 32 "A"
5 -6 10 9 33 "R"
5 4 10 9 34 "R"
5 -6 10 9 35 "R"
5 -6 50 9 36 "A"
5 -12 10 9 37 "R"
5 3 50 9 38 "A"
5 12 50 9 39 "A"
5 -6 10 9 40 "R"
5 -6 50 9 41 "A"
5 2 10 9 42 "R"
5 -9 40 9 43 "F"
5 -6 50 9 44 "A"
5 4 10 9 45 "R"
5 -6 10 9 46 "R"
5 1 50 9 47 "A"
5 -6 50 9 48 "A"
5 -12 10 9 49 "R"
5 1 50 9 50 "A"
5 -12 50 9 51 "A"
5 -6 50 9 52 "A"
5 2 10 9 53 "R"
5 -6 10 9 54 "R"
5 4 10 9 55 "R"
5 2 10 9 56 "R"
5 3 50 9 57 "A"
5 2 10 9 58 "R"
5 4 40 9 59 "F"
5 -6 10 9 60 "R"
5 -15 50 9 61 "A"
5 2 10 9 62 "R"
5 -6 10 9 63 "R"
5 1 50 9 64 "A"
5 -9 20 9 65 "V"
5 -6 50 9 66 "A"
5 -15 10 9 67 "R"
5 -6 50 9 68 "A"
5 2 10 9 69 "R"
5 -6 50 9 70 "A"
5 4 10 9 71 "R"
5 3 50 9 72 "A"
5 -15 50 9 73 "A"
5 -6 50 9 74 "A"
5 2 10 9 75 "R"
5 -9 40 9 76 "F"
5 -6 50 9 77 "A"
5 -6 10 9 78 "R"
5 -6 50 9 79 "A"
5 1 50 9 80 "A"
5 3 50 9 81 "A"
5 -6 50 9 82 "A"
5 4 10 9 83 "R"
5 -3 40 9 84 "F"
5 -15 10 9 85 "R"
5 -6 10 9 86 "R"
5 -6 50 9 87 "A"
5 -6 50 9 88 "A"
5 -12 10 9 89 "R"
5 2 10 9 90 "R"
5 5 10 9 91 "R"
5 1 50 9 92 "A"
5 -12 10 9 93 "R"
5 -12 50 9 94 "A"
5 2 10 9 95 "R"
5 -12 50 9 96 "A"
5 4 10 9 97 "R"
5 1 50 9 98 "A"
5 -15 50 9 99 "A"
5 -6 50 9 100 "A"
5 2 10 9 101 "R"
5 -6 50 9 102 "A"
5 -15 10 9 103 "R"
5 2 10 9 104 "R"
5 -12 10 9 105 "R"
5 1 20 9 106 "V"
5 4 10 9 107 "R"
5 -6 50 9 108 "A"
5 -6 10 9 109 "R"
5 -6 50 9 110 "A"
5 2 10 9 111 "R"
5 -6 10 9 112 "R"
5 -15 50 9 113 "A"
5 2 10 9 114 "R"
5 -12 10 9 115 "R"
5 -12 10 9 116 "R"
5 -15 10 9 117 "R"
5 -12 50 9 118 "A"
5 -12 50 9 119 "A"
5 1 50 9 120 "A"
5 -12 50 9 121 "A"
5 -6 50 9 122 "A"
5 -12 10 9 123 "R"
5 3 50 10 1 "A"
5 -6 10 10 2 "R"
5 -12 50 10 3 "A"
5 -12 10 10 4 "R"
5 4 10 10 5 "R"
5 2 40 10 6 "F"
5 4 10 10 7 "R"
5 -3 40 10 8 "F"
5 4 10 10 9 "R"
5 1 50 10 10 "A"
5 -12 50 10 11 "A"
5 2 10 10 12 "R"
5 4 10 10 13 "R"
5 -3 20 10 14 "V"
5 -15 10 10 15 "R"
5 1 50 10 16 "A"
5 -6 10 10 17 "R"
5 -12 50 10 18 "A"
5 -12 50 10 19 "A"
5 -6 10 10 20 "R"
5 2 40 10 21 "F"
5 1 50 10 22 "A"
5 12 50 10 23 "A"
5 2 10 10 24 "R"
5 1 50 10 25 "A"
5 2 10 10 26 "R"
5 1 50 10 27 "A"
5 -6 10 10 28 "R"
5 2 10 10 29 "R"
5 -12 50 10 30 "A"
5 3 50 10 31 "A"
5 -6 10 10 32 "R"
5 -12 50 10 33 "A"
5 1 50 10 34 "A"
5 -15 10 10 35 "R"
5 -6 10 10 36 "R"
5 4 40 10 37 "F"
5 -6 50 10 38 "A"
5 -12 10 10 39 "R"
5 -6 10 10 40 "R"
5 -6 50 10 41 "A"
5 1 50 10 42 "A"
5 4 10 10 43 "R"
5 -6 50 10 44 "A"
5 -15 50 10 45 "A"
5 2 40 10 46 "F"
5 -15 10 10 47 "R"
5 -6 10 10 48 "R"
5 -12 50 10 49 "A"
5 -6 50 10 50 "A"
5 -12 50 10 51 "A"
5 1 50 10 52 "A"
5 3 50 10 53 "A"
5 4 10 10 54 "R"
5 -6 50 10 55 "A"
5 -6 50 10 56 "A"
5 -12 10 10 57 "R"
5 2 10 10 58 "R"
5 3 50 10 59 "A"
5 2 10 10 60 "R"
5 -6 50 10 61 "A"
5 2 10 10 62 "R"
5 4 40 10 63 "F"
5 -15 10 10 64 "R"
5 -12 10 10 65 "R"
5 -6 50 10 66 "A"
5 -6 10 10 67 "R"
5 -6 50 10 68 "A"
5 -6 10 10 69 "R"
5 -6 50 10 70 "A"
5 -15 50 10 71 "A"
5 -6 50 10 72 "A"
5 -12 10 10 73 "R"
5 -6 50 10 74 "A"
5 -9 20 10 75 "V"
5 -6 50 10 76 "A"
5 -12 10 10 77 "R"
5 -6 50 10 78 "A"
5 5 10 10 79 "R"
5 -9 40 10 80 "F"
5 3 50 10 81 "A"
5 3 50 10 82 "A"
5 -6 50 10 83 "A"
5 2 10 10 84 "R"
5 -6 50 10 85 "A"
5 2 10 10 86 "R"
5 -12 50 10 87 "A"
5 1 50 10 88 "A"
5 -12 10 10 89 "R"
5 2 10 10 90 "R"
5 -12 50 10 91 "A"
5 2 10 10 92 "R"
5 4 10 10 93 "R"
5 1 50 10 94 "A"
5 -6 10 10 95 "R"
5 -12 50 10 96 "A"
5 2 10 10 97 "R"
5 1 50 10 98 "A"
5 1 50 10 99 "A"
5 -6 50 10 100 "A"
5 2 10 10 101 "R"
5 3 50 10 102 "A"
5 4 10 10 103 "R"
5 -6 50 10 104 "A"
5 2 10 10 105 "R"
5 -6 10 10 106 "R"
5 3 50 10 107 "A"
5 -6 10 10 108 "R"
5 2 10 10 109 "R"
5 -6 10 10 110 "R"
5 -12 50 10 111 "A"
5 3 50 10 112 "A"
5 3 50 10 113 "A"
5 1 50 10 114 "A"
5 1 50 10 115 "A"
5 -6 50 10 116 "A"
5 2 10 10 117 "R"
5 1 50 10 118 "A"
5 -12 50 10 119 "A"
5 2 10 10 120 "R"
5 12 50 10 121 "A"
5 2 10 10 122 "R"
5 -6 10 10 123 "R"
5 1 50 10 124 "A"
5 1 50 10 125 "A"
5 1 50 10 126 "A"
5 -12 10 10 127 "R"
5 1 50 10 128 "A"
5 -12 10 10 129 "R"
5 1 20 10 130 "V"
5 -12 10 10 131 "R"
5 -12 10 11 1 "R"
5 -6 10 11 2 "R"
5 -12 50 11 3 "A"
5 1 50 11 4 "A"
5 3 50 11 5 "A"
5 2 10 11 6 "R"
5 -12 50 11 7 "A"
5 -12 10 11 8 "R"
5 1 50 11 9 "A"
5 -6 50 11 10 "A"
5 -6 10 11 11 "R"
5 -6 10 11 12 "R"
5 -36 20 11 13 "V"
5 2 10 11 14 "R"
5 -6 50 11 15 "A"
5 -6 10 11 16 "R"
5 -6 50 11 17 "A"
5 2 10 11 18 "R"
5 3 50 11 19 "A"
5 2 10 11 20 "R"
5 3 50 11 21 "A"
5 -6 50 11 22 "A"
5 -12 10 11 23 "R"
5 -6 10 11 24 "R"
5 -6 10 11 25 "R"
5 1 20 11 26 "V"
5 -12 50 11 27 "A"
5 1 50 11 28 "A"
5 3 50 11 29 "A"
5 2 10 11 30 "R"
5 -12 50 11 31 "A"
5 -6 10 11 32 "R"
5 12 50 11 33 "A"
5 -6 50 11 34 "A"
5 4 10 11 35 "R"
5 -6 10 11 36 "R"
5 -15 50 11 37 "A"
5 2 10 11 38 "R"
5 -12 50 11 39 "A"
5 -6 50 11 40 "A"
5 -12 10 11 41 "R"
5 3 50 11 42 "A"
5 12 50 11 43 "A"
5 -6 10 11 44 "R"
5 -15 50 11 45 "A"
5 2 10 11 46 "R"
5 -12 50 11 47 "A"
5 3 50 11 48 "A"
5 1 50 11 49 "A"
5 2 10 11 50 "R"
5 3 50 11 51 "A"
5 2 10 11 52 "R"
5 -12 50 11 53 "A"
5 -6 50 11 54 "A"
5 -12 10 11 55 "R"
5 1 50 11 56 "A"
5 5 10 11 57 "R"
5 -6 50 11 58 "A"
5 -6 10 11 59 "R"
5 80 50 11 60 "A"
5 -6 50 11 61 "A"
5 1 50 11 62 "A"
5 12 50 11 63 "A"
5 -15 50 11 64 "A"
5 -15 50 11 65 "A"
5 -6 10 11 66 "R"
5 4 40 11 67 "F"
5 -6 50 11 68 "A"
5 -6 10 11 69 "R"
5 -9 20 11 70 "V"
5 4 10 11 71 "R"
5 2 10 11 72 "R"
5 1 50 11 73 "A"
5 -6 50 11 74 "A"
5 -12 10 11 75 "R"
5 -6 10 11 76 "R"
5 1 50 11 77 "A"
5 1 50 11 78 "A"
5 -12 50 11 79 "A"
5 -6 10 11 80 "R"
5 -12 50 11 81 "A"
5 -6 10 11 82 "R"
5 4 10 11 83 "R"
5 -12 50 11 84 "A"
5 -3 20 11 85 "V"
5 -6 50 11 86 "A"
5 3 50 11 87 "A"
5 -6 50 11 88 "A"
5 4 10 11 89 "R"
5 1 50 11 90 "A"
5 -6 10 11 91 "R"
5 2 10 11 92 "R"
5 3 50 11 93 "A"
5 2 10 11 94 "R"
5 4 40 11 95 "F"
5 2 10 11 96 "R"
5 -12 10 11 97 "R"
5 -12 10 11 98 "R"
5 -6 10 11 99 "R"
5 -6 10 11 100 "R"
5 -3 40 11 101 "F"
5 2 10 11 102 "R"
5 -12 10 11 103 "R"
5 -6 10 11 104 "R"
5 3 20 11 105 "V"
5 2 10 11 106 "R"
5 -12 50 11 107 "A"
5 -12 10 11 108 "R"
5 -6 10 11 109 "R"
5 1 50 11 110 "A"
5 3 50 11 111 "A"
5 4 10 11 112 "R"
5 -12 50 11 113 "A"
5 -3 20 11 114 "V"
5 4 10 11 115 "R"
5 2 10 11 116 "R"
5 3 50 11 117 "A"
5 2 10 11 118 "R"
5 3 50 11 119 "A"
5 4 10 12 1 "R"
5 -6 10 12 2 "R"
5 -9 40 12 3 "F"
5 -12 10 12 4 "R"
5 3 50 12 5 "A"
5 1 50 12 6 "A"
5 4 10 12 7 "R"
5 -3 40 12 8 "F"
5 4 10 12 9 "R"
5 2 10 12 10 "R"
5 -12 10 12 11 "R"
5 1 50 12 12 "A"
5 3 50 12 13 "A"
5 -6 50 12 14 "A"
5 -15 10 12 15 "R"
5 2 40 12 16 "F"
5 -6 10 12 17 "R"
5 -9 20 12 18 "V"
5 -12 50 12 19 "A"
5 -6 10 12 20 "R"
5 1 50 12 21 "A"
5 1 50 12 22 "A"
5 12 50 12 23 "A"
5 2 10 12 24 "R"
5 2 10 12 25 "R"
5 2 10 12 26 "R"
5 2 10 12 27 "R"
5 -6 10 12 28 "R"
5 1 50 12 29 "A"
5 -12 50 12 30 "A"
5 3 50 12 31 "A"
5 -6 50 12 32 "A"
5 -12 10 12 33 "R"
5 2 10 12 34 "R"
5 -15 10 12 35 "R"
5 -6 10 12 36 "R"
5 3 50 12 37 "A"
5 -6 50 12 38 "A"
5 -12 10 12 39 "R"
5 -6 50 12 40 "A"
5 -6 10 12 41 "R"
5 1 50 12 42 "A"
5 4 10 12 43 "R"
5 -6 50 12 44 "A"
5 -15 10 12 45 "R"
5 2 10 12 46 "R"
5 -15 50 12 47 "A"
5 -3 40 12 48 "F"
5 -12 50 12 49 "A"
5 -6 10 12 50 "R"
5 -12 50 12 51 "A"
5 1 50 12 52 "A"
5 3 50 12 53 "A"
5 4 10 12 54 "R"
5 -6 50 12 55 "A"
5 -6 10 12 56 "R"
5 -12 50 12 57 "A"
5 2 10 12 58 "R"
5 4 10 12 59 "R"
5 80 50 12 60 "A"
5 -6 50 12 61 "A"
5 1 50 12 62 "A"
5 3 50 12 63 "A"
5 -15 50 12 64 "A"
5 -12 50 12 65 "A"
5 -6 50 12 66 "A"
5 -6 10 12 67 "R"
5 -6 50 12 68 "A"
5 -6 10 12 69 "R"
5 -6 50 12 70 "A"
5 -15 10 12 71 "R"
5 -6 50 12 72 "A"
5 -12 10 12 73 "R"
5 -6 10 12 74 "R"
5 -12 10 12 75 "R"
5 -6 50 12 76 "A"
5 -12 50 12 77 "A"
5 -6 50 12 78 "A"
5 12 50 12 79 "A"
5 -12 50 12 80 "A"
5 4 40 12 81 "F"
5 3 50 12 82 "A"
5 -6 10 12 83 "R"
5 1 50 12 84 "A"
5 -6 10 12 85 "R"
5 2 10 12 86 "R"
5 -12 10 12 87 "R"
5 2 10 12 88 "R"
5 -12 50 12 89 "A"
5 1 50 12 90 "A"
5 -12 50 12 91 "A"
5 2 40 12 92 "F"
5 4 10 12 93 "R"
5 1 50 12 94 "A"
5 -6 50 12 95 "A"
5 -12 10 12 96 "R"
5 2 10 12 97 "R"
5 1 50 12 98 "A"
5 1 50 12 99 "A"
5 -6 50 12 100 "A"
5 2 10 12 101 "R"
5 3 50 12 102 "A"
5 4 10 12 103 "R"
5 -6 50 12 104 "A"
5 1 50 12 105 "A"
5 -6 10 12 106 "R"
5 4 10 12 107 "R"
5 -6 10 12 108 "R"
5 1 50 12 109 "A"
5 -9 20 13 1 "V"
5 -3 40 13 2 "F"
5 -12 10 13 3 "R"
5 1 50 13 4 "A"
5 3 50 13 5 "A"
5 2 10 13 6 "R"
5 -12 50 13 7 "A"
5 -12 10 13 8 "R"
5 1 50 13 9 "A"
5 -6 50 13 10 "A"
5 -6 10 13 11 "R"
5 -6 50 13 12 "A"
5 -15 10 13 13 "R"
5 1 50 13 14 "A"
5 -6 50 13 15 "A"
5 -6 50 13 16 "A"
5 -6 10 13 17 "R"
5 1 50 13 18 "A"
5 3 50 13 19 "A"
5 1 50 13 20 "A"
5 4 10 13 21 "R"
5 -6 50 13 22 "A"
5 -12 10 13 23 "R"
5 -6 50 13 24 "A"
5 -6 10 13 25 "R"
5 1 50 13 26 "A"
5 -12 50 13 27 "A"
5 1 50 13 28 "A"
5 4 10 13 29 "R"
5 1 50 13 30 "A"
5 -12 10 13 31 "R"
5 -6 50 13 32 "A"
5 5 10 13 33 "R"
5 -6 50 13 34 "A"
5 4 10 13 35 "R"
5 -3 40 13 36 "F"
5 -15 10 13 37 "R"
5 2 10 13 38 "R"
5 -12 50 13 39 "A"
5 -3 20 13 40 "V"
5 -12 50 13 41 "A"
5 3 50 13 42 "A"
5 12 50 13 43 "A"
5 -3 40 13 44 "F"
5 -15 10 13 45 "R"
5 2 10 13 46 "R"
5 -12 50 13 47 "A"
5 4 10 13 48 "R"
5 2 40 13 49 "F"
5 2 10 13 50 "R"
5 3 50 13 51 "A"
5 2 10 13 52 "R"
5 -12 50 13 53 "A"
5 -6 10 13 54 "R"
5 -12 50 13 55 "A"
5 1 50 13 56 "A"
5 12 50 13 57 "A"
5 -6 10 13 58 "R"
5 -6 50 13 59 "A"
5 80 50 13 60 "A"
5 -6 50 13 61 "A"
5 2 10 13 62 "R"
5 12 50 13 63 "A"
5 -15 10 13 64 "R"
5 -15 50 13 65 "A"
5 -6 10 13 66 "R"
5 3 50 13 67 "A"
5 -6 50 13 68 "A"
5 -6 10 13 69 "R"
5 -12 50 13 70 "A"
5 3 50 13 71 "A"
5 1 50 13 72 "A"
5 1 50 13 73 "A"
5 -6 50 13 74 "A"
5 -12 10 13 75 "R"
5 -6 10 13 76 "R"
5 1 50 13 77 "A"
5 1 50 13 78 "A"
5 -12 10 13 79 "R"
5 -3 20 13 80 "V"
5 -12 50 13 81 "A"
5 -6 10 13 82 "R"
5 4 10 13 83 "R"
5 -12 50 13 84 "A"
5 -6 50 13 85 "A"
5 -6 50 13 86 "A"
5 4 10 13 87 "R"
5 -6 50 13 88 "A"
5 3 50 13 89 "A"
5 1 50 13 90 "A"
5 -6 50 13 91 "A"
5 2 10 13 92 "R"
5 3 50 13 93 "A"
5 1 50 13 94 "A"
5 4 10 13 95 "R"
5 1 50 13 96 "A"
5 -12 50 13 97 "A"
5 -9 20 13 98 "V"
5 -6 50 13 99 "A"
5 -6 10 13 100 "R"
5 -6 10 13 101 "R"
5 1 50 13 102 "A"
5 -12 50 13 103 "A"
5 -6 10 13 104 "R"
5 3 50 13 105 "A"
5 -6 10 14 1 "R"
5 1 50 14 2 "A"
5 -12 10 14 3 "R"
5 -6 10 14 4 "R"
5 -12 50 14 5 "A"
5 -6 10 14 6 "R"
5 -6 50 14 7 "A"
5 2 10 14 8 "R"
5 -12 50 14 9 "A"
5 -6 10 14 10 "R"
5 3 50 14 11 "A"
5 -6 50 14 12 "A"
5 5 10 14 13 "R"
5 1 50 14 14 "A"
5 -12 10 14 15 "R"
5 -6 50 14 16 "A"
5 -12 10 14 17 "R"
5 1 50 14 18 "A"
5 -15 50 14 19 "A"
5 -6 10 14 20 "R"
5 3 50 14 21 "A"
5 -6 10 14 22 "R"
5 12 50 14 23 "A"
5 1 50 14 24 "A"
5 -12 50 14 25 "A"
5 2 10 14 26 "R"
5 -6 50 14 27 "A"
5 2 10 14 28 "R"
5 -12 10 14 29 "R"
5 -6 10 14 30 "R"
5 3 50 14 31 "A"
5 3 50 14 32 "A"
5 -6 50 14 33 "A"
5 -6 10 14 34 "R"
5 -12 50 14 35 "A"
5 1 50 14 36 "A"
5 4 10 14 37 "R"
5 -6 50 14 38 "A"
5 -15 10 14 39 "R"
5 1 50 14 40 "A"
5 -12 10 14 41 "R"
5 1 50 14 42 "A"
5 1 50 14 43 "A"
5 -6 50 14 44 "A"
5 4 10 14 45 "R"
5 1 50 14 46 "A"
5 2 10 14 47 "R"
5 3 50 14 48 "A"
5 -15 10 14 49 "R"
5 -9 20 14 50 "V"
5 3 50 14 51 "A"
5 1 50 14 52 "A"
5 -15 10 14 53 "R"
5 -6 10 14 54 "R"
5 -6 50 14 55 "A"
5 2 10 14 56 "R"
5 1 50 14 57 "A"
5 2 10 14 58 "R"
5 3 50 14 59 "A"
5 2 10 14 60 "R"
5 -6 50 14 61 "A"
5 2 10 14 62 "R"
5 3 50 14 63 "A"
5 -6 50 14 64 "A"
5 -6 10 14 65 "R"
5 1 50 14 66 "A"
5 3 50 14 67 "A"
5 -6 10 14 68 "R"
5 12 50 14 69 "A"
5 3 50 14 70 "A"
5 -6 50 14 71 "A"
5 -6 10 14 72 "R"
5 -6 50 14 73 "A"
5 2 10 14 74 "R"
5 12 50 14 75 "A"
5 -6 10 14 76 "R"
5 -12 50 14 77 "A"
5 2 10 14 78 "R"
5 -12 50 14 79 "A"
5 -6 50 14 80 "A"
5 -3 20 14 81 "V"
5 -12 50 14 82 "A"
5 3 50 14 83 "A"
5 -6 50 14 84 "A"
5 2 10 14 85 "R"
5 -6 10 14 86 "R"
5 1 50 14 87 "A"
5 -15 50 14 88 "A"
5 -6 10 14 89 "R"
5 3 50 14 90 "A"
5 4 40 14 91 "F"
5 1 50 14 92 "A"
5 4 10 14 93 "R"
5 1 50 14 94 "A"
5 -12 10 14 95 "R"
5 1 50 14 96 "A"
5 -6 50 14 97 "A"
5 2 10 14 98 "R"
5 -6 50 14 99 "A"
5 1 50 14 100 "A"
5 4 10 14 101 "R"
5 2 10 14 102 "R"
5 12 50 14 103 "A"
5 1 50 14 104 "A"
5 12 50 14 105 "A"
5 -6 10 14 106 "R"
5 -6 50 14 107 "A"
5 -6 50 14 108 "A"
5 -15 50 14 109 "A"
5 2 10 14 110 "R"
5 -12 10 14 111 "R"
5 -6 10 14 112 "R"
5 -6 50 14 113 "A"
5 2 10 14 114 "R"
5 1 50 14 115 "A"
5 -6 10 14 116 "R"
5 3 50 14 117 "A"
5 1 50 14 118 "A"
5 -12 10 14 119 "R"
5 -6 10 14 120 "R"
5 -6 50 14 121 "A"
5 2 10 14 122 "R"
5 -12 50 14 123 "A"
5 2 10 14 124 "R"
5 -6 50 14 125 "A"
5 2 10 14 126 "R"
5 3 50 14 127 "A"
5 2 10 14 128 "R"
5 -12 50 14 129 "A"
5 -6 10 14 130 "R"
5 -12 50 14 131 "A"
5 2 10 14 132 "R"
5 2 10 15 1 "R"
5 -6 10 15 2 "R"
5 3 50 15 3 "A"
5 4 10 15 4 "R"
5 12 50 15 5 "A"
5 -6 50 15 6 "A"
5 3 50 15 7 "A"
5 -6 50 15 8 "A"
5 4 10 15 9 "R"
5 80 50 15 10 "A"
5 -9 40 15 11 "F"
5 1 50 15 12 "A"
5 4 40 15 13 "F"
5 -6 10 15 14 "R"
5 -6 50 15 15 "A"
5 -6 10 15 16 "R"
5 -12 50 15 17 "A"
5 -6 50 15 18 "A"
5 -6 50 15 19 "A"
5 4 10 15 20 "R"
5 -15 50 15 21 "A"
5 -6 50 15 22 "A"
5 -6 10 15 23 "R"
5 12 50 15 24 "A"
5 3 50 15 25 "A"
5 1 50 15 26 "A"
5 3 50 15 27 "A"
5 -6 50 15 28 "A"
5 2 10 15 29 "R"
5 2 10 15 30 "R"
5 -12 50 15 31 "A"
5 -6 10 15 32 "R"
5 4 10 15 33 "R"
5 -12 50 15 34 "A"
5 1 50 15 35 "A"
5 2 10 15 36 "R"
5 -12 50 15 37 "A"
5 -6 50 15 38 "A"
5 -12 10 15 39 "R"
5 1 50 15 40 "A"
5 -12 10 15 41 "R"
5 -6 10 15 42 "R"
5 -9 40 15 43 "F"
5 2 40 15 44 "F"
5 1 50 15 45 "A"
5 -6 10 15 46 "R"
5 -15 10 15 47 "R"
5 1 50 15 48 "A"
5 1 50 15 49 "A"
5 -6 50 15 50 "A"
5 -6 10 15 51 "R"
5 -12 50 15 52 "A"
5 4 10 15 53 "R"
5 -6 50 15 54 "A"
5 -12 10 15 55 "R"
5 -12 10 15 56 "R"
5 -12 50 15 57 "A"
5 2 10 15 58 "R"
5 -6 10 15 59 "R"
5 1 50 15 60 "A"
5 -6 50 15 61 "A"
5 -6 10 15 62 "R"
5 4 10 15 63 "R"
5 -6 10 15 64 "R"
5 3 50 15 65 "A"
5 2 10 15 66 "R"
5 -6 50 15 67 "A"
5 4 10 15 68 "R"
5 -12 50 15 69 "A"
5 2 10 15 70 "R"
5 3 50 15 71 "A"
5 -6 50 15 72 "A"
5 3 50 15 73 "A"
5 1 50 15 74 "A"
5 3 50 15 75 "A"
5 -12 10 15 76 "R"
5 -12 50 15 77 "A"
5 1 50 15 78 "A"
5 1 50 15 79 "A"
5 1 50 15 80 "A"
5 -12 50 15 81 "A"
5 -6 50 15 82 "A"
5 -12 10 15 83 "R"
5 -6 10 15 84 "R"
5 -12 50 15 85 "A"
5 -12 50 15 86 "A"
5 -6 50 15 87 "A"
5 4 10 15 88 "R"
5 12 50 15 89 "A"
5 1 50 15 90 "A"
5 1 50 15 91 "A"
5 -6 10 15 92 "R"
5 -12 50 15 93 "A"
5 1 50 15 94 "A"
5 1 50 15 95 "A"
5 -6 50 15 96 "A"
5 3 50 15 97 "A"
5 1 50 15 98 "A"
5 3 50 15 99 "A"
5 1 50 15 100 "A"
5 -15 50 15 101 "A"
5 2 10 15 102 "R"
5 4 10 15 103 "R"
5 -6 10 15 104 "R"
5 3 50 15 105 "A"
5 -6 50 15 106 "A"
5 -12 10 15 107 "R"
5 1 50 15 108 "A"
5 3 50 15 109 "A"
5 2 10 15 110 "R"
5 -6 10 15 111 "R"
5 -12 50 15 112 "A"
5 -6 50 15 113 "A"
5 -6 10 15 114 "R"
5 3 50 15 115 "A"
5 1 50 15 116 "A"
5 3 50 15 117 "A"
5 3 50 15 118 "A"
5 -12 50 15 119 "A"
5 2 10 15 120 "R"
5 3 50 15 121 "A"
5 -6 50 15 122 "A"
5 -12 10 15 123 "R"
5 -6 10 15 124 "R"
5 -15 50 15 125 "A"
5 -6 10 15 126 "R"
5 -6 50 15 127 "A"
5 -6 10 15 128 "R"
5 -6 50 15 129 "A"
5 2 10 15 130 "R"
5 -12 50 16 1 "A"
5 -6 10 16 2 "R"
5 -12 50 16 3 "A"
5 2 10 16 4 "R"
5 4 10 16 5 "R"
5 1 50 16 6 "A"
5 -12 50 16 7 "A"
5 -12 10 16 8 "R"
5 2 10 16 9 "R"
5 -6 10 16 10 "R"
5 -6 50 16 11 "A"
5 -6 10 16 12 "R"
5 -15 50 16 13 "A"
5 2 10 16 14 "R"
5 -6 10 16 15 "R"
5 -6 50 16 16 "A"
5 -6 10 16 17 "R"
5 1 50 16 18 "A"
5 3 50 16 19 "A"
5 1 50 16 20 "A"
5 3 50 16 21 "A"
5 -6 10 16 22 "R"
5 -12 50 16 23 "A"
5 -6 10 16 24 "R"
5 -6 50 16 25 "A"
5 2 10 16 26 "R"
5 -12 10 16 27 "R"
5 1 20 16 28 "V"
5 4 10 16 29 "R"
5 2 10 16 30 "R"
5 -12 10 16 31 "R"
5 -3 20 16 32 "V"
5 5 10 16 33 "R"
5 -6 50 16 34 "A"
5 4 10 16 35 "R"
5 -6 50 16 36 "A"
5 -15 10 16 37 "R"
5 2 10 16 38 "R"
5 -12 10 16 39 "R"
5 -6 50 16 40 "A"
5 -12 10 16 41 "R"
5 4 10 16 42 "R"
5 5 10 16 43 "R"
5 -6 50 16 44 "A"
5 -15 10 16 45 "R"
5 1 50 16 46 "A"
5 -12 50 16 47 "A"
5 4 10 16 48 "R"
5 2 10 16 49 "R"
5 1 50 16 50 "A"
5 3 50 16 51 "A"
5 1 50 16 52 "A"
5 -12 10 16 53 "R"
5 -6 50 16 54 "A"
5 -12 10 16 55 "R"
5 2 10 16 56 "R"
5 5 10 16 57 "R"
5 -6 50 16 58 "A"
5 -6 50 16 59 "A"
5 2 10 16 60 "R"
5 -6 10 16 61 "R"
5 1 50 16 62 "A"
5 12 50 16 63 "A"
5 -15 50 16 64 "A"
5 -15 50 16 65 "A"
5 -6 50 16 66 "A"
5 4 10 16 67 "R"
5 -6 10 16 68 "R"
5 -6 50 16 69 "A"
5 -12 10 16 70 "R"
5 3 20 16 71 "V"
5 2 10 16 72 "R"
5 2 10 16 73 "R"
5 -6 50 16 74 "A"
5 -12 10 16 75 "R"
5 -6 10 16 76 "R"
5 2 10 16 77 "R"
5 1 50 16 78 "A"
5 -12 50 16 79 "A"
5 -6 10 16 80 "R"
5 -12 50 16 81 "A"
5 -6 50 16 82 "A"
5 3 50 16 83 "A"
5 -12 50 16 84 "A"
5 -6 10 16 85 "R"
5 -6 50 16 86 "A"
5 4 10 16 87 "R"
5 -6 50 16 88 "A"
5 4 10 16 89 "R"
5 2 10 16 90 "R"
5 -6 50 16 91 "A"
5 2 10 16 92 "R"
5 4 40 16 93 "F"
5 2 10 16 94 "R"
5 4 10 16 95 "R"
5 2 10 16 96 "R"
5 -9 40 16 97 "F"
5 -12 10 16 98 "R"
5 -6 10 16 99 "R"
5 -6 50 16 100 "A"
5 -6 10 16 101 "R"
5 1 50 16 102 "A"
5 -12 50 16 103 "A"
5 -6 10 16 104 "R"
5 3 50 16 105 "A"
5 1 50 16 106 "A"
5 -12 10 16 107 "R"
5 -12 50 16 108 "A"
5 -6 10 16 109 "R"
5 1 50 16 110 "A"
5 3 50 16 111 "A"
5 3 50 16 112 "A"
5 -12 10 16 113 "R"
5 -6 10 16 114 "R"
5 3 50 16 115 "A"
5 1 50 16 116 "A"
5 4 10 16 117 "R"
5 1 50 16 118 "A"
5 4 10 16 119 "R"
5 2 10 16 120 "R"
5 -12 10 16 121 "R"
5 2 10 16 122 "R"
5 -6 10 16 123 "R"
5 1 50 16 124 "A"
5 3 50 16 125 "A"
5 -6 50 16 126 "A"
5 4 10 16 127 "R"
5 -6 50 16 128 "A"
5 5 10 16 129 "R"
5 2 10 16 130 "R"
5 -12 10 16 131 "R"
5 1 50 16 132 "A"
5 -12 10 17 1 "R"
5 2 10 17 2 "R"
5 -12 10 17 3 "R"
5 -6 50 17 4 "A"
5 -12 50 17 5 "A"
5 -6 10 17 6 "R"
5 -12 50 17 7 "A"
5 -6 10 17 8 "R"
5 -15 50 17 9 "A"
5 -6 10 17 10 "R"
5 1 50 17 11 "A"
5 1 50 17 12 "A"
5 4 10 17 13 "R"
5 -6 50 17 14 "A"
5 4 10 17 15 "R"
5 2 40 17 16 "F"
5 4 10 17 17 "R"
5 2 10 17 18 "R"
5 -15 10 17 19 "R"
5 -6 50 17 20 "A"
5 -12 10 17 21 "R"
5 -6 50 17 22 "A"
5 1 50 17 23 "A"
5 1 50 17 24 "A"
5 3 50 17 25 "A"
5 -12 10 17 26 "R"
5 -12 50 17 27 "A"
5 -6 10 17 28 "R"
5 4 10 17 29 "R"
5 -6 50 17 30 "A"
5 -12 10 17 31 "R"
5 -15 10 17 32 "R"
5 5 10 17 33 "R"
5 -6 10 17 34 "R"
5 1 50 17 35 "A"
5 -6 50 17 36 "A"
5 2 10 17 37 "R"
5 4 10 17 38 "R"
5 2 10 17 39 "R"
5 2 10 17 40 "R"
5 -6 50 17 41 "A"
5 -6 10 17 42 "R"
5 -6 50 17 43 "A"
5 2 10 17 44 "R"
5 -6 10 17 45 "R"
5 -6 50 17 46 "A"
5 -12 10 17 47 "R"
5 -12 50 17 48 "A"
5 -6 50 17 49 "A"
5 -6 10 17 50 "R"
5 3 50 17 51 "A"
5 1 50 17 52 "A"
5 5 10 17 53 "R"
5 -6 50 17 54 "A"
5 -12 10 17 55 "R"
5 2 10 17 56 "R"
5 -12 10 17 57 "R"
5 1 50 17 58 "A"
5 -6 50 17 59 "A"
5 2 10 17 60 "R"
5 -12 50 17 61 "A"
5 2 10 17 62 "R"
5 3 50 17 63 "A"
5 -6 50 17 64 "A"
5 4 10 17 65 "R"
5 1 50 17 66 "A"
5 -12 50 17 67 "A"
5 1 50 17 68 "A"
5 3 50 17 69 "A"
5 -6 50 17 70 "A"
5 1 50 17 71 "A"
5 -6 50 17 72 "A"
5 -12 10 17 73 "R"
5 -6 10 17 74 "R"
5 -15 50 17 75 "A"
5 2 10 17 76 "R"
5 -12 10 17 77 "R"
5 2 10 17 78 "R"
5 -12 50 17 79 "A"
5 2 10 17 80 "R"
5 -12 10 17 81 "R"
5 -6 10 17 82 "R"
5 3 50 17 83 "A"
5 1 50 17 84 "A"
5 4 10 17 85 "R"
5 -6 50 17 86 "A"
5 -12 10 17 87 "R"
5 1 50 17 88 "A"
5 -6 50 17 89 "A"
5 -6 50 17 90 "A"
5 -12 10 17 91 "R"
5 -3 20 17 92 "V"
5 5 10 17 93 "R"
5 2 10 17 94 "R"
5 -12 10 17 95 "R"
5 -6 10 17 96 "R"
5 12 50 17 97 "A"
5 -6 10 17 98 "R"
5 -6 50 17 99 "A"
5 -6 50 17 100 "A"
5 -15 10 17 101 "R"
5 1 50 18 1 "A"
5 -6 10 18 2 "R"
5 4 40 18 3 "F"
5 4 10 18 4 "R"
5 12 50 18 5 "A"
5 -6 50 18 6 "A"
5 4 10 18 7 "R"
5 -3 20 18 8 "V"
5 4 40 18 9 "F"
5 2 10 18 10 "R"
5 -12 10 18 11 "R"
5 1 50 18 12 "A"
5 3 50 18 13 "A"
5 -6 10 18 14 "R"
5 -6 50 18 15 "A"
5 -6 10 18 16 "R"
5 -12 50 18 17 "A"
5 -6 10 18 18 "R"
5 -6 50 18 19 "A"
5 4 10 18 20 "R"
5 -15 10 18 21 "R"
5 -6 50 18 22 "A"
5 -6 10 18 23 "R"
5 12 50 18 24 "A"
5 4 10 18 25 "R"
5 2 10 18 26 "R"
5 4 10 18 27 "R"
5 -6 50 18 28 "A"
5 2 10 18 29 "R"
5 2 10 18 30 "R"
5 -12 10 18 31 "R"
5 -6 50 18 32 "A"
5 4 10 18 33 "R"
5 -12 50 18 34 "A"
5 2 10 18 35 "R"
5 1 50 18 36 "A"
5 -12 50 18 37 "A"
5 -6 10 18 38 "R"
5 -12 50 18 39 "A"
5 2 10 18 40 "R"
5 -12 50 18 41 "A"
5 -6 50 18 42 "A"
5 -12 10 18 43 "R"
5 1 50 18 44 "A"
5 1 50 18 45 "A"
5 -6 50 18 46 "A"
5 -15 10 18 47 "R"
5 2 10 18 48 "R"
5 1 50 18 49 "A"
5 -6 10 18 50 "R"
5 -3 40 18 51 "F"
5 -12 10 18 52 "R"
5 3 50 18 53 "A"
5 -6 10 18 54 "R"
5 -12 50 18 55 "A"
5 -12 10 18 56 "R"
5 -12 10 18 57 "R"
5 1 50 18 58 "A"
5 -6 50 18 59 "A"
5 2 10 18 60 "R"
5 -6 50 18 61 "A"
5 -6 10 18 62 "R"
5 3 50 18 63 "A"
5 -6 50 18 64 "A"
5 4 10 18 65 "R"
5 1 50 18 66 "A"
5 -6 10 18 67 "R"
5 3 50 18 68 "A"
5 -12 50 18 69 "A"
5 2 10 18 70 "R"
5 4 10 18 71 "R"
5 -6 10 18 72 "R"
5 3 50 18 73 "A"
5 1 50 18 74 "A"
5 3 50 18 75 "A"
5 -12 10 18 76 "R"
5 -12 50 18 77 "A"
5 2 10 18 78 "R"
5 1 50 18 79 "A"
5 2 10 18 80 "R"
5 -12 10 18 81 "R"
5 -6 50 18 82 "A"
5 -12 10 18 83 "R"
5 -6 10 18 84 "R"
5 -12 50 18 85 "A"
5 -12 10 18 86 "R"
5 -6 10 18 87 "R"
5 3 50 18 88 "A"
5 5 10 18 89 "R"
5 2 10 18 90 "R"
5 1 50 18 91 "A"
5 -6 10 18 92 "R"
5 -12 50 18 93 "A"
5 2 10 18 94 "R"
5 2 10 18 95 "R"
5 -6 10 18 96 "R"
5 4 10 18 97 "R"
5 2 10 18 98 "R"
5 3 50 18 99 "A"
5 2 10 18 100 "R"
5 -15 50 18 101 "A"
5 1 50 18 102 "A"
5 3 50 18 103 "A"
5 -6 50 18 104 "A"
5 4 10 18 105 "R"
5 -6 10 18 106 "R"
5 -12 50 18 107 "A"
5 2 10 18 108 "R"
5 4 10 18 109 "R"
5 1 50 18 110 "A"
5 -6 10 18 111 "R"
5 -12 50 18 112 "A"
5 -6 10 18 113 "R"
5 -6 10 18 114 "R"
5 3 50 18 115 "A"
5 2 10 18 116 "R"
5 -12 50 19 1 "A"
5 1 50 19 2 "A"
5 -6 10 19 3 "R"
5 -12 50 19 4 "A"
5 -6 10 19 5 "R"
5 -6 50 19 6 "A"
5 -15 10 19 7 "R"
5 1 50 19 8 "A"
5 3 50 19 9 "A"
5 2 10 19 10 "R"
5 -12 50 19 11 "A"
5 4 10 19 12 "R"
5 4 10 19 13 "R"
5 2 10 19 14 "R"
5 2 10 19 15 "R"
5 3 50 19 16 "A"
5 -12 50 19 17 "A"
5 -6 10 19 18 "R"
5 12 50 19 19 "A"
5 -12 50 19 20 "A"
5 2 10 19 21 "R"
5 2 10 19 22 "R"
5 -6 10 19 23 "R"
5 4 10 19 24 "R"
5 4 10 19 25 "R"
5 2 10 19 26 "R"
5 -15 10 19 27 "R"
5 -6 50 19 28 "A"
5 -12 10 19 29 "R"
5 -6 50 19 30 "A"
5 -12 10 19 31 "R"
5 1 50 19 32 "A"
5 -12 50 19 33 "A"
5 2 10 19 34 "R"
5 -6 10 19 35 "R"
5 1 50 19 36 "A"
5 -12 10 19 37 "R"
5 -12 50 19 38 "A"
5 1 50 19 39 "A"
5 2 10 19 40 "R"
5 -12 50 19 41 "A"
5 -6 10 19 42 "R"
5 -12 50 19 43 "A"
5 -12 50 19 44 "A"
5 -12 10 19 45 "R"
5 2 10 19 46 "R"
5 4 40 19 47 "F"
5 4 10 19 48 "R"
5 2 10 19 49 "R"
5 2 10 19 50 "R"
5 -12 10 19 51 "R"
5 -6 50 19 52 "A"
5 2 10 19 53 "R"
5 -6 10 19 54 "R"
5 -6 50 19 55 "A"
5 2 10 19 56 "R"
5 -12 10 19 57 "R"
5 2 10 19 58 "R"
5 -12 10 19 59 "R"
5 2 10 19 60 "R"
5 -9 20 19 61 "V"
5 4 10 19 62 "R"
5 4 10 19 63 "R"
5 2 40 19 64 "F"
5 2 10 19 65 "R"
5 2 40 19 66 "F"
5 2 10 19 67 "R"
5 -6 10 19 68 "R"
5 -6 50 19 69 "A"
5 2 10 19 70 "R"
5 -6 10 19 71 "R"
5 1 50 19 72 "A"
5 -12 10 19 73 "R"
5 3 50 19 74 "A"
5 -36 40 19 75 "F"
5 -12 10 19 76 "R"
5 -15 50 19 77 "A"
5 -3 40 19 78 "F"
5 2 10 19 79 "R"
5 1 50 19 80 "A"
5 -12 50 19 81 "A"
5 -6 10 19 82 "R"
5 2 10 19 83 "R"
5 -6 50 19 84 "A"
5 -12 10 19 85 "R"
5 2 10 19 86 "R"
5 -15 50 19 87 "A"
5 2 10 19 88 "R"
5 -6 50 19 89 "A"
5 2 10 19 90 "R"
5 -6 50 19 91 "A"
5 -6 10 19 92 "R"
5 -12 50 19 93 "A"
5 -6 50 19 94 "A"
5 5 10 19 95 "R"
5 -12 10 19 96 "R"
5 -6 10 19 97 "R"
5 1 50 19 98 "A"
5 4 10 19 99 "R"
5 -6 50 19 100 "A"
5 4 10 19 101 "R"
5 1 50 19 102 "A"
5 2 10 19 103 "R"
5 2 10 19 104 "R"
5 12 50 19 105 "A"
5 -6 10 19 106 "R"
5 3 50 19 107 "A"
5 -6 10 19 108 "R"
5 3 50 19 109 "A"
5 -3 40 19 110 "F"
5 -6 10 19 111 "R"
5 -6 10 19 112 "R"
5 12 50 19 113 "A"
5 2 10 19 114 "R"
5 -15 10 19 115 "R"
5 2 40 19 116 "F"
5 -12 10 20 1 "R"
5 -6 50 20 2 "A"
5 -12 10 20 3 "R"
5 1 50 20 4 "A"
5 3 50 20 5 "A"
5 2 10 20 6 "R"
5 -12 50 20 7 "A"
5 -12 10 20 8 "R"
5 1 50 20 9 "A"
5 80 50 20 10 "A"
5 -6 10 20 11 "R"
5 -6 50 20 12 "A"
5 -15 10 20 13 "R"
5 2 10 20 14 "R"
5 -6 10 20 15 "R"
5 -6 50 20 16 "A"
5 -6 10 20 17 "R"
5 1 50 20 18 "A"
5 3 50 20 19 "A"
5 2 10 20 20 "R"
5 3 50 20 21 "A"
5 -6 10 20 22 "R"
5 -12 50 20 23 "A"
5 -6 10 20 24 "R"
5 -6 50 20 25 "A"
5 2 10 20 26 "R"
5 -12 10 20 27 "R"
5 1 50 20 28 "A"
5 3 50 20 29 "A"
5 1 50 20 30 "A"
5 -12 50 20 31 "A"
5 -6 50 20 32 "A"
5 5 10 20 33 "R"
5 -6 10 20 34 "R"
5 3 50 20 35 "A"
5 -6 10 20 36 "R"
5 -15 50 20 37 "A"
5 1 50 20 38 "A"
5 -12 50 20 39 "A"
5 -6 50 20 40 "A"
5 -12 10 20 41 "R"
5 3 50 20 42 "A"
5 12 50 20 43 "A"
5 -6 10 20 44 "R"
5 -15 50 20 45 "A"
5 1 50 20 46 "A"
5 -12 50 20 47 "A"
5 4 10 20 48 "R"
5 1 50 20 49 "A"
5 2 10 20 50 "R"
5 3 50 20 51 "A"
5 2 10 20 52 "R"
5 -12 50 20 53 "A"
5 -6 50 20 54 "A"
5 -12 10 20 55 "R"
5 2 10 20 56 "R"
5 5 10 20 57 "R"
5 -6 10 20 58 "R"
5 -6 50 20 59 "A"
5 2 10 20 60 "R"
5 -6 50 20 61 "A"
5 2 10 20 62 "R"
5 5 40 20 63 "F"
5 -15 10 20 64 "R"
5 -15 10 20 65 "R"
5 -6 10 20 66 "R"
5 3 50 20 67 "A"
5 -6 50 20 68 "A"
5 -6 10 20 69 "R"
5 -12 50 20 70 "A"
5 4 10 20 71 "R"
5 2 10 20 72 "R"
5 1 50 20 73 "A"
5 -6 10 20 74 "R"
5 -12 50 20 75 "A"
5 -6 50 20 76 "A"
5 1 50 20 77 "A"
5 1 50 20 78 "A"
5 -12 10 20 79 "R"
5 -6 10 20 80 "R"
5 -12 50 20 81 "A"
5 -6 10 20 82 "R"
5 3 50 20 83 "A"
5 -12 50 20 84 "A"
5 -6 10 20 85 "R"
5 -6 50 20 86 "A"
5 4 10 20 87 "R"
5 -6 10 20 88 "R"
5 3 50 20 89 "A"
5 1 50 20 90 "A"
5 -6 50 20 91 "A"
5 2 10 20 92 "R"
5 3 50 20 93 "A"
5 2 10 20 94 "R"
5 3 50 20 95 "A"
5 2 10 20 96 "R"
5 -12 10 20 97 "R"
5 -12 50 20 98 "A"
5 -6 10 20 99 "R"
5 -6 50 20 100 "A"
5 -6 10 20 101 "R"
5 1 50 20 102 "A"
5 -12 50 20 103 "A"
5 -6 10 20 104 "R"
5 3 50 20 105 "A"
5 1 50 20 106 "A"
5 -12 50 20 107 "A"
5 -12 50 20 108 "A"
5 -6 10 20 109 "R"
5 1 50 20 110 "A"
5 3 50 20 111 "A"
5 4 10 20 112 "R"
5 -12 10 20 113 "R"
5 -6 50 20 114 "A"
5 2 10 21 1 "R"
5 2 10 21 2 "R"
5 4 10 21 3 "R"
5 -6 10 21 4 "R"
5 -12 50 21 5 "A"
5 2 10 21 6 "R"
5 2 10 21 7 "R"
5 -6 10 21 8 "R"
5 -12 50 21 9 "A"
5 2 10 21 10 "R"
5 2 10 21 11 "R"
5 2 10 21 12 "R"
5 2 10 21 13 "R"
5 -6 10 21 14 "R"
5 -6 50 21 15 "A"
5 -6 10 21 16 "R"
5 -12 50 21 17 "A"
5 -6 10 21 18 "R"
5 -12 50 21 19 "A"
5 2 10 21 20 "R"
5 4 10 21 21 "R"
5 -9 40 21 22 "F"
5 -12 10 21 23 "R"
5 1 50 21 24 "A"
5 1 50 21 25 "A"
5 -12 50 21 26 "A"
5 2 10 21 27 "R"
5 -6 10 21 28 "R"
5 -15 50 21 29 "A"
5 3 50 21 30 "A"
5 -6 50 21 31 "A"
5 2 10 21 32 "R"
5 12 50 21 33 "A"
5 -12 10 21 34 "R"
5 -15 10 21 35 "R"
5 -6 10 21 36 "R"
5 3 50 21 37 "A"
5 1 50 21 38 "A"
5 -12 50 21 39 "A"
5 2 10 21 40 "R"
5 5 10 21 41 "R"
5 4 10 21 42 "R"
5 -12 10 21 43 "R"
5 1 50 21 44 "A"
5 -12 50 21 45 "A"
5 2 40 21 46 "F"
5 -15 50 21 47 "A"
5 1 50 21 48 "A"
5 3 50 21 49 "A"
5 2 10 21 50 "R"
5 -6 10 21 51 "R"
5 1 50 21 52 "A"
5 3 50 21 53 "A"
5 -6 10 21 54 "R"
5 12 50 21 55 "A"
5 -6 10 21 56 "R"
5 -12 50 21 57 "A"
5 2 10 21 58 "R"
5 4 10 21 59 "R"
5 -12 10 21 60 "R"
5 -6 50 21 61 "A"
5 -6 10 21 62 "R"
5 12 50 21 63 "A"
5 2 10 21 64 "R"
5 4 10 21 65 "R"
5 -6 50 21 66 "A"
5 2 10 21 67 "R"
5 1 50 21 68 "A"
5 -6 50 21 69 "A"
5 -6 10 21 70 "R"
5 1 50 21 71 "A"
5 -6 50 21 72 "A"
5 -12 10 21 73 "R"
5 4 10 21 74 "R"
5 5 10 21 75 "R"
5 1 50 21 76 "A"
5 -12 50 21 77 "A"
5 -6 10 21 78 "R"
5 3 50 21 79 "A"
5 -12 50 21 80 "A"
5 3 50 21 81 "A"
5 1 50 21 82 "A"
5 -6 50 21 83 "A"
5 -6 10 21 84 "R"
5 3 50 21 85 "A"
5 -6 50 21 86 "A"
5 4 10 21 87 "R"
5 -6 50 21 88 "A"
5 4 10 21 89 "R"
5 1 50 21 90 "A"
5 -9 40 21 91 "F"
5 -6 10 21 92 "R"
5 12 50 21 93 "A"
5 -6 10 21 94 "R"
5 -12 50 21 95 "A"
5 4 10 21 96 "R"
5 4 10 21 97 "R"
5 4 10 21 98 "R"
5 1 50 21 99 "A"
5 1 50 21 100 "A"
5 2 10 21 101 "R"
5 3 50 21 102 "A"
5 5 10 21 103 "R"
5 -12 10 21 104 "R"
5 5 10 21 105 "R"
5 -6 10 21 106 "R"
5 -6 50 21 107 "A"
5 -6 10 21 108 "R"
5 3 50 21 109 "A"
5 -6 50 21 110 "A"
5 2 10 21 111 "R"
5 -3 40 21 112 "F"
5 2 10 21 113 "R"
5 1 50 21 114 "A"
5 -6 50 21 115 "A"
5 -6 10 21 116 "R"
5 -15 50 21 117 "A"
5 1 50 21 118 "A"
5 -6 50 21 119 "A"
5 4 10 21 120 "R"
5 -6 50 21 121 "A"
5 -6 10 21 122 "R"
5 -15 50 21 123 "A"
5 1 50 22 1 "A"
5 -6 10 22 2 "R"
5 -12 50 22 3 "A"
5 4 10 22 4 "R"
5 -6 10 22 5 "R"
5 1 50 22 6 "A"
5 -12 50 22 7 "A"
5 2 10 22 8 "R"
5 -12 10 22 9 "R"
5 80 50 22 10 "A"
5 -15 50 22 11 "A"
5 -6 50 22 12 "A"
5 -12 50 22 13 "A"
5 3 50 22 14 "A"
5 -6 10 22 15 "R"
5 1 50 22 16 "A"
5 3 50 22 17 "A"
5 2 10 22 18 "R"
5 3 50 22 19 "A"
5 -12 50 22 20 "A"
5 -12 10 22 21 "R"
5 1 50 22 22 "A"
5 -12 10 22 23 "R"
5 -12 50 22 24 "A"
5 3 50 22 25 "A"
5 1 50 22 26 "A"
5 -6 10 22 27 "R"
5 -6 50 22 28 "A"
5 -12 10 22 29 "R"
5 -6 10 22 30 "R"
5 -6 50 22 31 "A"
5 -6 10 22 32 "R"
5 -6 50 22 33 "A"
5 4 10 22 34 "R"
5 -6 10 22 35 "R"
5 -6 50 22 36 "A"
5 -12 10 22 37 "R"
5 4 10 22 38 "R"
5 5 10 22 39 "R"
5 -6 10 22 40 "R"
5 -6 50 22 41 "A"
5 2 10 22 42 "R"
5 -12 50 22 43 "A"
5 -6 10 22 44 "R"
5 3 50 22 45 "A"
5 -6 10 22 46 "R"
5 1 50 22 47 "A"
5 -6 50 22 48 "A"
5 -12 10 22 49 "R"
5 1 50 22 50 "A"
5 -12 50 22 51 "A"
5 -6 50 22 52 "A"
5 2 10 22 53 "R"
5 -6 10 22 54 "R"
5 3 50 22 55 "A"
5 1 50 22 56 "A"
5 4 10 22 57 "R"
5 1 50 22 58 "A"
5 4 10 22 59 "R"
5 -6 50 22 60 "A"
5 -15 10 22 61 "R"
5 2 10 22 62 "R"
5 -6 10 22 63 "R"
5 1 50 22 64 "A"
5 -12 50 22 65 "A"
5 -6 50 22 66 "A"
5 -15 10 22 67 "R"
5 -6 10 22 68 "R"
5 1 50 22 69 "A"
5 -6 50 22 70 "A"
5 4 10 22 71 "R"
5 4 10 22 72 "R"
5 -15 50 22 73 "A"
5 -6 50 22 74 "A"
5 1 50 22 75 "A"
5 -12 10 22 76 "R"
5 -6 10 22 77 "R"
5 -6 10 22 78 "R"
5 -6 50 22 79 "A"
5 1 50 22 80 "A"
5 3 50 22 81 "A"
5 -6 10 22 82 "R"
5 3 50 22 83 "A"
5 -6 10 22 84 "R"
5 -36 40 22 85 "F"
5 -6 10 22 86 "R"
5 -6 50 22 87 "A"
5 -6 10 22 88 "R"
5 -12 50 22 89 "A"
5 2 10 22 90 "R"
5 5 10 22 91 "R"
5 1 50 22 92 "A"
5 -12 50 22 93 "A"
5 -12 10 22 94 "R"
5 2 10 22 95 "R"
5 -12 50 22 96 "A"
5 4 10 22 97 "R"
5 1 50 22 98 "A"
5 -15 50 22 99 "A"
5 -6 50 22 100 "A"
5 2 10 22 101 "R"
5 -6 10 22 102 "R"
5 -15 50 22 103 "A"
5 2 10 22 104 "R"
5 -12 50 22 105 "A"
5 1 50 22 106 "A"
5 3 50 22 107 "A"
5 -6 50 22 108 "A"
5 -6 50 22 109 "A"
5 -6 10 22 110 "R"
5 2 10 22 111 "R"
5 -6 10 22 112 "R"
5 -15 50 22 113 "A"
5 2 10 22 114 "R"
5 -12 50 22 115 "A"
5 -12 10 22 116 "R"
5 -12 50 23 1 "A"
5 1 50 23 2 "A"
5 -6 10 23 3 "R"
5 -12 50 23 4 "A"
5 -6 50 23 5 "A"
5 -6 50 23 6 "A"
5 -15 10 23 7 "R"
5 1 50 23 8 "A"
5 4 10 23 9 "R"
5 1 50 23 10 "A"
5 -12 50 23 11 "A"
5 4 10 23 12 "R"
5 4 10 23 13 "R"
5 2 40 23 14 "F"
5 2 10 23 15 "R"
5 3 50 23 16 "A"
5 -12 10 23 17 "R"
5 -6 10 23 18 "R"
5 12 50 23 19 "A"
5 -12 50 23 20 "A"
5 1 50 23 21 "A"
5 1 50 23 22 "A"
5 -6 10 23 23 "R"
5 3 50 23 24 "A"
5 3 50 23 25 "A"
5 2 10 23 26 "R"
5 -15 50 23 27 "A"
5 -6 50 23 28 "A"
5 -12 10 23 29 "R"
5 -6 10 23 30 "R"
5 -12 50 23 31 "A"
5 2 10 23 32 "R"
5 -12 10 23 33 "R"
5 2 10 23 34 "R"
5 -6 50 23 35 "A"
5 2 10 23 36 "R"
5 -12 50 23 37 "A"
5 -9 40 23 38 "F"
5 2 10 23 39 "R"
5 2 10 23 40 "R"
5 -12 50 23 41 "A"
5 -6 10 23 42 "R"
5 -12 50 23 43 "A"
5 -12 50 23 44 "A"
5 -12 50 23 45 "A"
5 2 10 23 46 "R"
5 4 10 23 47 "R"
5 4 10 23 48 "R"
5 2 40 23 49 "F"
5 2 10 23 50 "R"
5 -12 50 23 51 "A"
5 -6 10 23 52 "R"
5 1 50 23 53 "A"
5 -6 10 23 54 "R"
5 -6 50 23 55 "A"
5 2 10 23 56 "R"
5 -12 10 23 57 "R"
5 2 10 23 58 "R"
5 -12 10 23 59 "R"
5 2 10 23 60 "R"
5 -12 10 23 61 "R"
5 3 50 23 62 "A"
5 4 10 23 63 "R"
5 1 50 23 64 "A"
5 2 10 23 65 "R"
5 2 10 23 66 "R"
5 1 50 23 67 "A"
5 -6 50 23 68 "A"
5 -6 10 23 69 "R"
5 1 50 23 70 "A"
5 -6 50 23 71 "A"
5 1 50 23 72 "A"
5 -12 50 23 73 "A"
5 4 10 23 74 "R"
5 -15 10 23 75 "R"
5 -12 10 23 76 "R"
5 -15 10 23 77 "R"
5 -6 50 23 78 "A"
5 2 10 23 79 "R"
5 1 50 23 80 "A"
5 -12 10 23 81 "R"
5 -6 10 23 82 "R"
5 1 50 23 83 "A"
5 -6 10 23 84 "R"
5 -12 50 23 85 "A"
5 1 50 23 86 "A"
5 -15 50 23 87 "A"
5 1 50 23 88 "A"
5 -6 50 23 89 "A"
5 2 10 23 90 "R"
5 -6 10 23 91 "R"
5 -6 50 23 92 "A"
5 -12 10 23 93 "R"
5 -6 10 23 94 "R"
5 5 10 23 95 "R"
5 -12 50 23 96 "A"
5 -6 50 23 97 "A"
5 2 10 23 98 "R"
5 3 50 23 99 "A"
5 -6 10 23 100 "R"
5 4 10 23 101 "R"
5 2 10 23 102 "R"
5 1 50 23 103 "A"
5 2 10 23 104 "R"
5 5 40 23 105 "F"
5 -6 10 23 106 "R"
5 4 10 23 107 "R"
5 -6 10 23 108 "R"
5 3 50 23 109 "A"
5 -6 50 23 110 "A"
5 -6 10 23 111 "R"
5 -6 50 23 112 "A"
5 5 10 23 113 "R"
5 2 10 23 114 "R"
5 -15 50 23 115 "A"
5 2 10 23 116 "R"
5 4 10 23 117 "R"
5 -6 50 23 118 "A"
5 3 50 23 119 "A"
5 -6 50 23 120 "A"
5 2 10 23 121 "R"
5 2 10 23 122 "R"
5 -3 40 23 123 "F"
5 -6 10 23 124 "R"
5 -12 10 23 125 "R"
5 -6 10 23 126 "R"
5 -15 50 23 127 "A"
5 -6 10 23 128 "R"
5 -6 10 23 129 "R"
5 -9 40 24 1 "F"
5 2 10 24 2 "R"
5 -6 10 24 3 "R"
5 -12 50 24 4 "A"
5 -6 10 24 5 "R"
5 -6 50 24 6 "A"
5 -15 10 24 7 "R"
5 1 50 24 8 "A"
5 3 50 24 9 "A"
5 2 10 24 10 "R"
5 -12 10 24 11 "R"
5 3 50 24 12 "A"
5 4 10 24 13 "R"
5 1 50 24 14 "A"
5 1 50 24 15 "A"
5 4 10 24 16 "R"
5 -12 10 24 17 "R"
5 -6 50 24 18 "A"
5 5 10 24 19 "R"
5 -12 10 24 20 "R"
5 1 50 24 21 "A"
5 1 50 24 22 "A"
5 -6 10 24 23 "R"
5 3 50 24 24 "A"
5 3 50 24 25 "A"
5 1 50 24 26 "A"
5 -15 50 24 27 "A"
5 -6 10 24 28 "R"
5 -12 50 24 29 "A"
5 -6 10 24 30 "R"
5 -12 50 24 31 "A"
5 2 10 24 32 "R"
5 -9 40 24 33 "F"
5 1 50 24 34 "A"
5 -6 50 24 35 "A"
5 1 50 24 36 "A"
5 -12 10 24 37 "R"
5 -12 10 24 38 "R"
5 2 10 24 39 "R"
5 2 10 24 40 "R"
5 -12 50 24 41 "A"
5 -6 10 24 42 "R"
5 -12 10 24 43 "R"
5 -9 40 24 44 "F"
5 -12 10 24 45 "R"
5 1 50 24 46 "A"
5 3 50 24 47 "A"
5 4 10 24 48 "R"
5 2 10 24 49 "R"
5 1 50 24 50 "A"
5 -12 10 24 51 "R"
5 -6 10 24 52 "R"
5 1 50 24 53 "A"
5 -6 50 24 54 "A"
5 -6 50 24 55 "A"
5 2 10 24 56 "R"
5 -12 10 24 57 "R"
5 2 10 24 58 "R"
5 -12 50 24 59 "A"
5 2 10 24 60 "R"
5 -12 50 24 61 "A"
5 3 50 24 62 "A"
5 3 50 24 63 "A"
5 2 10 24 64 "R"
5 2 10 24 65 "R"
5 2 10 24 66 "R"
5 2 10 24 67 "R"
5 -6 10 24 68 "R"
5 -6 50 24 69 "A"
5 1 50 24 70 "A"
5 -6 50 24 71 "A"
5 2 10 24 72 "R"
5 -12 50 24 73 "A"
5 3 50 24 74 "A"
5 -15 10 24 75 "R"
5 -12 10 24 76 "R"
5 -15 10 24 77 "R"
5 -6 50 24 78 "A"
5 2 10 24 79 "R"
5 1 50 24 80 "A"
5 -12 10 24 81 "R"
5 -6 10 24 82 "R"
5 1 50 24 83 "A"
5 -6 50 24 84 "A"
5 -12 50 24 85 "A"
5 2 10 24 86 "R"
5 -15 50 24 87 "A"
5 2 10 24 88 "R"
5 -6 10 24 89 "R"
5 1 50 24 90 "A"
5 -6 50 24 91 "A"
5 -6 10 24 92 "R"
5 -12 50 24 93 "A"
5 -6 10 24 94 "R"
5 12 50 24 95 "A"
5 -12 10 24 96 "R"
5 -6 10 24 97 "R"
5 1 50 24 98 "A"
5 3 50 24 99 "A"
5 -6 10 24 100 "R"
5 3 50 24 101 "A"
5 2 10 24 102 "R"
5 1 50 24 103 "A"
5 1 50 24 104 "A"
5 5 10 24 105 "R"
5 -6 50 24 106 "A"
5 4 10 24 107 "R"
5 -6 50 24 108 "A"
5 4 10 24 109 "R"
5 -6 50 24 110 "A"
5 -6 10 24 111 "R"
5 -6 50 24 112 "A"
5 5 10 24 113 "R"
5 2 10 24 114 "R"
5 -36 40 24 115 "F"
5 2 10 24 116 "R"
5 1 50 25 1 "A"
5 -6 10 25 2 "R"
5 -12 50 25 3 "A"
5 4 10 25 4 "R"
5 -6 10 25 5 "R"
5 1 50 25 6 "A"
5 -12 10 25 7 "R"
5 1 50 25 8 "A"
5 -12 50 25 9 "A"
5 80 50 25 10 "A"
5 -15 10 25 11 "R"
5 -6 10 25 12 "R"
5 -12 50 25 13 "A"
5 4 10 25 14 "R"
5 -6 50 25 15 "A"
5 2 10 25 16 "R"
5 4 10 25 17 "R"
5 2 10 25 18 "R"
5 4 10 25 19 "R"
5 -12 10 25 20 "R"
5 -12 50 25 21 "A"
5 2 10 25 22 "R"
5 -12 10 25 23 "R"
5 -12 10 25 24 "R"
5 3 50 25 25 "A"
5 2 10 25 26 "R"
5 -6 10 25 27 "R"
5 -6 50 25 28 "A"
5 -12 10 25 29 "R"
5 -6 10 25 30 "R"
5 -6 50 25 31 "A"
5 -6 10 25 32 "R"
5 -6 50 25 33 "A"
5 4 10 25 34 "R"
5 -6 50 25 35 "A"
5 -6 10 25 36 "R"
5 -12 50 25 37 "A"
5 3 50 25 38 "A"
5 12 50 25 39 "A"
5 -6 50 25 40 "A"
5 -6 10 25 41 "R"
5 1 50 25 42 "A"
5 -12 50 25 43 "A"
5 -6 10 25 44 "R"
5 3 50 25 45 "A"
5 -6 10 25 46 "R"
5 1 50 25 47 "A"
5 -3 40 25 48 "F"
5 -12 10 25 49 "R"
5 2 10 25 50 "R"
5 -12 10 25 51 "R"
5 -6 10 25 52 "R"
5 1 50 25 53 "A"
5 -6 50 25 54 "A"
5 4 10 25 55 "R"
5 1 50 25 56 "A"
5 4 10 25 57 "R"
5 1 50 25 58 "A"
5 4 10 25 59 "R"
5 -6 10 25 60 "R"
5 -15 50 25 61 "A"
5 1 50 25 62 "A"
5 -6 50 25 63 "A"
5 2 10 25 64 "R"
5 -12 50 25 65 "A"
5 -6 50 25 66 "A"
5 -15 50 25 67 "A"
5 -6 10 25 68 "R"
5 1 50 25 69 "A"
5 -6 10 25 70 "R"
5 3 50 25 71 "A"
5 3 50 25 72 "A"
5 -15 50 25 73 "A"
5 -6 50 25 74 "A"
5 2 10 25 75 "R"
5 -12 10 25 76 "R"
5 -6 10 25 77 "R"
5 -6 50 25 78 "A"
5 -6 10 25 79 "R"
5 1 50 25 80 "A"
5 3 50 25 81 "A"
5 -6 10 25 82 "R"
5 3 50 25 83 "A"
5 -6 50 25 84 "A"
5 -15 10 25 85 "R"
5 -6 10 25 86 "R"
5 -6 50 25 87 "A"
5 -6 10 25 88 "R"
5 -12 10 25 89 "R"
5 2 10 25 90 "R"
5 5 10 25 91 "R"
5 2 10 25 92 "R"
5 -12 10 25 93 "R"
5 -12 10 25 94 "R"
5 2 10 25 95 "R"
5 -12 10 25 96 "R"
5 3 50 25 97 "A"
5 1 50 25 98 "A"
5 -15 50 25 99 "A"
5 -6 50 25 100 "A"
5 1 50 25 101 "A"
5 -6 10 25 102 "R"
5 -15 50 25 103 "A"
5 2 10 25 104 "R"
5 -12 10 25 105 "R"
5 1 50 25 106 "A"
5 3 50 25 107 "A"
5 -6 50 25 108 "A"
5 -6 10 25 109 "R"
5 -6 50 25 110 "A"
5 2 10 25 111 "R"
5 -6 50 25 112 "A"
5 -15 10 25 113 "R"
5 1 50 25 114 "A"
5 2 10 26 1 "R"
5 2 10 26 2 "R"
5 3 20 26 3 "V"
5 -3 20 26 4 "V"
5 -12 50 26 5 "A"
5 2 10 26 6 "R"
5 1 50 26 7 "A"
5 -6 10 26 8 "R"
5 -12 50 26 9 "A"
5 80 50 26 10 "A"
5 1 50 26 11 "A"
5 2 10 26 12 "R"
5 1 50 26 13 "A"
5 -6 10 26 14 "R"
5 -6 10 26 15 "R"
5 -6 50 26 16 "A"
5 -12 50 26 17 "A"
5 -6 10 26 18 "R"
5 -12 50 26 19 "A"
5 1 50 26 20 "A"
5 3 50 26 21 "A"
5 -12 50 26 22 "A"
5 -12 10 26 23 "R"
5 2 10 26 24 "R"
5 1 50 26 25 "A"
5 -12 50 26 26 "A"
5 1 50 26 27 "A"
5 -6 50 26 28 "A"
5 -15 50 26 29 "A"
5 4 10 26 30 "R"
5 -6 50 26 31 "A"
5 2 10 26 32 "R"
5 12 50 26 33 "A"
5 -12 10 26 34 "R"
5 -15 50 26 35 "A"
5 -6 10 26 36 "R"
5 3 50 26 37 "A"
5 1 50 26 38 "A"
5 -12 50 26 39 "A"
5 1 50 26 40 "A"
5 5 10 26 41 "R"
5 3 50 26 42 "A"
5 -12 50 26 43 "A"
5 1 50 26 44 "A"
5 -12 50 26 45 "A"
5 1 20 26 46 "V"
5 -15 10 26 47 "R"
5 2 10 26 48 "R"
5 4 10 26 49 "R"
5 1 50 26 50 "A"
5 -6 50 26 51 "A"
5 1 50 26 52 "A"
5 3 50 26 53 "A"
5 -6 50 26 54 "A"
5 5 10 26 55 "R"
5 -3 40 26 56 "F"
5 -12 10 26 57 "R"
5 2 10 26 58 "R"
5 4 10 26 59 "R"
5 -12 50 26 60 "A"
5 -6 50 26 61 "A"
5 -6 10 26 62 "R"
5 12 50 26 63 "A"
5 2 10 26 64 "R"
5 3 50 26 65 "A"
5 -6 50 26 66 "A"
5 2 10 26 67 "R"
5 1 50 26 68 "A"
5 -6 10 26 69 "R"
5 -6 10 26 70 "R"
5 2 40 26 71 "F"
5 -6 10 26 72 "R"
5 -12 10 26 73 "R"
5 3 50 26 74 "A"
5 12 50 26 75 "A"
5 1 50 26 76 "A"
5 -12 50 26 77 "A"
5 -6 50 26 78 "A"
5 4 10 26 79 "R"
5 -12 10 26 80 "R"
5 4 10 26 81 "R"
5 2 10 26 82 "R"
5 -6 50 26 83 "A"
5 -6 10 26 84 "R"
5 3 50 26 85 "A"
5 -6 50 26 86 "A"
5 4 10 26 87 "R"
5 -3 40 26 88 "F"
5 4 10 26 89 "R"
5 1 50 26 90 "A"
5 -12 50 26 91 "A"
5 -6 50 26 92 "A"
5 5 10 26 93 "R"
5 -6 50 26 94 "A"
5 -12 10 26 95 "R"
5 4 10 26 96 "R"
5 3 50 26 97 "A"
5 4 10 26 98 "R"
5 1 50 26 99 "A"
5 1 50 26 100 "A"
5 1 50 26 101 "A"
5 4 10 26 102 "R"
5 5 10 26 103 "R"
5 -12 50 26 104 "A"
5 5 10 26 105 "R"
5 -6 10 26 106 "R"
5 -6 50 26 107 "A"
5 -6 10 26 108 "R"
5 3 50 26 109 "A"
5 -6 50 26 110 "A"
5 2 10 26 111 "R"
5 -6 10 26 112 "R"
5 1 50 26 113 "A"
5 1 50 26 114 "A"
5 -6 10 26 115 "R"
5 -6 50 26 116 "A"
5 -15 10 26 117 "R"
5 2 10 26 118 "R"
5 -6 50 26 119 "A"
5 4 10 26 120 "R"
5 -6 50 26 121 "A"
5 -6 10 26 122 "R"
5 -15 50 26 123 "A"
5 -6 10 27 1 "R"
5 1 50 27 2 "A"
5 5 10 27 3 "R"
5 -6 50 27 4 "A"
5 -12 10 27 5 "R"
5 -6 10 27 6 "R"
5 -12 10 27 7 "R"
5 -6 50 27 8 "A"
5 5 10 27 9 "R"
5 2 10 27 10 "R"
5 4 10 27 11 "R"
5 1 50 27 12 "A"
5 4 10 27 13 "R"
5 -6 10 27 14 "R"
5 -12 50 27 15 "A"
5 2 10 27 16 "R"
5 -36 40 27 17 "F"
5 2 10 27 18 "R"
5 4 10 27 19 "R"
5 -6 10 27 20 "R"
5 -15 50 27 21 "A"
5 -12 10 27 22 "R"
5 4 10 27 23 "R"
5 -6 10 27 24 "R"
5 12 50 27 25 "A"
5 -12 10 27 26 "R"
5 4 10 27 27 "R"
5 -6 10 27 28 "R"
5 3 50 27 29 "A"
5 1 50 27 30 "A"
5 -12 50 27 31 "A"
5 -3 40 27 32 "F"
5 -12 50 27 33 "A"
5 2 10 27 34 "R"
5 5 10 27 35 "R"
5 4 10 27 36 "R"
5 4 10 27 37 "R"
5 -6 50 27 38 "A"
5 4 10 27 39 "R"
5 1 50 27 40 "A"
5 5 10 27 41 "R"
5 2 10 27 42 "R"
5 1 50 27 43 "A"
5 2 10 27 44 "R"
5 -6 10 27 45 "R"
5 -6 50 27 46 "A"
5 -6 50 27 47 "A"
5 2 10 27 48 "R"
5 -15 10 27 49 "R"
5 2 10 27 50 "R"
5 1 50 27 51 "A"
5 1 50 27 52 "A"
5 3 50 27 53 "A"
5 2 10 27 54 "R"
5 2 10 27 55 "R"
5 -12 50 27 56 "A"
5 1 50 27 57 "A"
5 3 50 27 58 "A"
5 -6 10 27 59 "R"
5 -6 50 27 60 "A"
5 -12 10 27 61 "R"
5 -6 10 27 62 "R"
5 1 50 27 63 "A"
5 -6 50 27 64 "A"
5 4 10 27 65 "R"
5 2 10 27 66 "R"
5 -12 10 27 67 "R"
5 2 10 27 68 "R"
5 -12 10 27 69 "R"
5 2 10 27 70 "R"
5 -6 50 27 71 "A"
5 2 10 27 72 "R"
5 4 40 27 73 "F"
5 -12 10 27 74 "R"
5 -12 50 27 75 "A"
5 -6 10 27 76 "R"
5 -12 50 27 77 "A"
5 -6 10 27 78 "R"
5 -12 50 27 79 "A"
5 -3 40 27 80 "F"
5 -12 10 27 81 "R"
5 -6 10 27 82 "R"
5 3 50 27 83 "A"
5 -6 50 27 84 "A"
5 -6 10 27 85 "R"
5 -12 50 27 86 "A"
5 -6 10 27 87 "R"
5 -6 50 27 88 "A"
5 -15 10 27 89 "R"
5 2 10 27 90 "R"
5 -15 10 27 91 "R"
5 1 50 27 92 "A"
5 -6 10 27 93 "R"
5 3 50 27 94 "A"
5 -12 50 27 95 "A"
5 2 10 27 96 "R"
5 3 50 27 97 "A"
5 -6 10 27 98 "R"
5 -6 50 27 99 "A"
5 -6 10 27 100 "R"
5 1 50 27 101 "A"
5 1 50 27 102 "A"
5 -9 40 27 103 "F"
5 4 10 27 104 "R"
5 12 50 27 105 "A"
5 1 50 27 106 "A"
5 -15 50 27 107 "A"
5 2 10 27 108 "R"
5 3 50 27 109 "A"
5 2 10 27 110 "R"
5 -6 10 27 111 "R"
5 1 50 27 112 "A"
5 3 50 27 113 "A"
5 -12 10 27 114 "R"
5 -6 10 27 115 "R"
5 -6 50 27 116 "A"
5 -12 10 27 117 "R"
5 1 50 27 118 "A"
5 1 50 27 119 "A"
5 -6 10 27 120 "R"
5 -6 50 27 121 "A"
5 2 10 27 122 "R"
5 -15 10 27 123 "R"
5 2 10 27 124 "R"
5 -15 50 27 125 "A"
5 4 10 27 126 "R"
5 -15 10 27 127 "R"
5 2 10 27 128 "R"
5 -6 10 27 129 "R"
5 1 50 27 130 "A"
5 -12 10 27 131 "R"
5 -6 10 28 1 "R"
5 2 10 28 2 "R"
5 5 10 28 3 "R"
5 -6 50 28 4 "A"
5 -12 10 28 5 "R"
5 -6 50 28 6 "A"
5 -12 10 28 7 "R"
5 -6 50 28 8 "A"
5 5 10 28 9 "R"
5 2 10 28 10 "R"
5 4 40 28 11 "F"
5 2 10 28 12 "R"
5 4 10 28 13 "R"
5 -6 10 28 14 "R"
5 -12 50 28 15 "A"
5 2 10 28 16 "R"
5 -15 10 28 17 "R"
5 1 50 28 18 "A"
5 3 50 28 19 "A"
5 -6 50 28 20 "A"
5 -15 10 28 21 "R"
5 -12 10 28 22 "R"
5 4 10 28 23 "R"
5 -6 10 28 24 "R"
5 12 50 28 25 "A"
5 -12 50 28 26 "A"
5 4 10 28 27 "R"
5 -6 10 28 28 "R"
5 3 50 28 29 "A"
5 1 50 28 30 "A"
5 -12 10 28 31 "R"
5 -6 10 28 32 "R"
5 -12 50 28 33 "A"
5 2 10 28 34 "R"
5 5 10 28 35 "R"
5 3 50 28 36 "A"
5 4 10 28 37 "R"
5 -6 10 28 38 "R"
5 3 50 28 39 "A"
5 1 50 28 40 "A"
5 5 10 28 41 "R"
5 1 50 28 42 "A"
5 2 10 28 43 "R"
5 1 50 28 44 "A"
5 -6 10 28 45 "R"
5 -6 50 28 46 "A"
5 -6 10 28 47 "R"
5 1 50 28 48 "A"
5 -15 50 28 49 "A"
5 2 10 28 50 "R"
5 2 10 28 51 "R"
5 1 50 28 52 "A"
5 4 10 28 53 "R"
5 1 50 28 54 "A"
5 2 10 28 55 "R"
5 -12 50 28 56 "A"
5 2 10 28 57 "R"
5 3 50 28 58 "A"
5 -6 10 28 59 "R"
5 -6 50 28 60 "A"
5 -12 10 28 61 "R"
5 -6 10 28 62 "R"
5 1 50 28 63 "A"
5 -6 50 28 64 "A"
5 4 10 28 65 "R"
5 2 10 28 66 "R"
5 -12 10 28 67 "R"
5 2 10 28 68 "R"
5 -12 10 28 69 "R"
5 2 10 28 70 "R"
5 -6 10 28 71 "R"
5 2 10 28 72 "R"
5 3 50 28 73 "A"
5 -12 10 28 74 "R"
5 -12 50 28 75 "A"
5 -6 10 28 76 "R"
5 -12 50 28 77 "A"
5 -6 10 28 78 "R"
5 -12 50 28 79 "A"
5 -6 10 28 80 "R"
5 -12 50 28 81 "A"
5 -6 50 28 82 "A"
5 4 10 28 83 "R"
5 -6 10 28 84 "R"
5 -6 50 28 85 "A"
5 -12 10 28 86 "R"
5 -6 50 28 87 "A"
5 -6 10 28 88 "R"
5 -15 50 28 89 "A"
5 2 10 28 90 "R"
5 -15 50 28 91 "A"
5 2 10 28 92 "R"
5 -6 10 28 93 "R"
5 3 50 28 94 "A"
5 -12 50 28 95 "A"
5 2 10 28 96 "R"
5 3 50 28 97 "A"
5 -6 10 28 98 "R"
5 -6 50 28 99 "A"
5 -6 10 28 100 "R"
5 2 40 28 101 "F"
5 1 50 28 102 "A"
5 -12 10 28 103 "R"
5 3 50 28 104 "A"
5 12 50 28 105 "A"
5 2 10 28 106 "R"
5 -15 50 28 107 "A"
5 2 10 28 108 "R"
5 4 10 28 109 "R"
5 2 10 28 110 "R"
5 -6 50 28 111 "A"
5 2 10 28 112 "R"
5 3 50 28 113 "A"
5 -12 10 28 114 "R"
5 -6 10 28 115 "R"
5 -6 50 28 116 "A"
5 -12 10 28 117 "R"
5 1 50 28 118 "A"
5 1 50 28 119 "A"
5 -6 10 28 120 "R"
5 -6 50 28 121 "A"
5 1 50 28 122 "A"
5 -15 10 28 123 "R"
5 2 10 28 124 "R"
5 -15 10 28 125 "R"
5 -6 10 29 1 "R"
5 1 50 29 2 "A"
5 5 10 29 3 "R"
5 -6 10 29 4 "R"
5 -12 50 29 5 "A"
5 -6 10 29 6 "R"
5 -12 50 29 7 "A"
5 -6 50 29 8 "A"
5 12 50 29 9 "A"
5 2 10 29 10 "R"
5 4 10 29 11 "R"
5 2 10 29 12 "R"
5 4 10 29 13 "R"
5 -6 10 29 14 "R"
5 -12 50 29 15 "A"
5 2 10 29 16 "R"
5 -15 10 29 17 "R"
5 2 10 29 18 "R"
5 3 50 29 19 "A"
5 -6 10 29 20 "R"
5 -15 50 29 21 "A"
5 -12 50 29 22 "A"
5 4 10 29 23 "R"
5 -6 10 29 24 "R"
5 12 50 29 25 "A"
5 -12 50 29 26 "A"
5 3 50 29 27 "A"
5 -6 50 29 28 "A"
5 4 10 29 29 "R"
5 1 50 29 30 "A"
5 -12 10 29 31 "R"
5 -6 10 29 32 "R"
5 -12 50 29 33 "A"
5 1 50 29 34 "A"
5 12 50 29 35 "A"
5 4 10 29 36 "R"
5 4 10 29 37 "R"
5 -6 50 29 38 "A"
5 4 10 29 39 "R"
5 1 50 29 40 "A"
5 5 10 29 41 "R"
5 1 50 29 42 "A"
5 2 10 29 43 "R"
5 1 50 29 44 "A"
5 -6 10 29 45 "R"
5 -6 50 29 46 "A"
5 -6 10 29 47 "R"
5 1 50 29 48 "A"
5 -15 50 29 49 "A"
5 1 50 29 50 "A"
5 1 50 29 51 "A"
5 2 10 29 52 "R"
5 3 50 29 53 "A"
5 2 10 29 54 "R"
5 2 10 29 55 "R"
5 -12 10 29 56 "R"
5 2 10 29 57 "R"
5 4 10 29 58 "R"
5 -6 50 29 59 "A"
5 -6 10 29 60 "R"
5 -12 50 29 61 "A"
5 -6 10 29 62 "R"
5 1 50 29 63 "A"
5 -6 50 29 64 "A"
5 4 10 29 65 "R"
5 2 10 29 66 "R"
5 -12 50 29 67 "A"
5 1 50 29 68 "A"
5 -12 50 29 69 "A"
5 1 50 29 70 "A"
5 -6 50 29 71 "A"
5 2 10 29 72 "R"
5 4 10 29 73 "R"
5 -12 10 29 74 "R"
5 -12 50 29 75 "A"
5 -6 10 29 76 "R"
5 -12 50 29 77 "A"
5 -6 10 29 78 "R"
5 -12 50 29 79 "A"
5 -6 10 29 80 "R"
5 -12 50 29 81 "A"
5 -6 50 29 82 "A"
5 4 10 29 83 "R"
5 -6 50 29 84 "A"
5 -6 10 29 85 "R"
5 -12 50 29 86 "A"
5 -6 50 29 87 "A"
5 -6 10 29 88 "R"
5 -15 50 29 89 "A"
5 2 10 29 90 "R"
5 -15 10 29 91 "R"
5 1 50 29 92 "A"
5 -6 10 29 93 "R"
5 3 50 29 94 "A"
5 -12 50 29 95 "A"
5 1 50 29 96 "A"
5 3 50 29 97 "A"
5 -6 10 29 98 "R"
5 -6 50 29 99 "A"
5 -6 10 29 100 "R"
5 1 50 29 101 "A"
5 1 50 29 102 "A"
5 -12 10 29 103 "R"
5 3 50 29 104 "A"
5 12 50 29 105 "A"
5 1 50 29 106 "A"
5 -15 10 29 107 "R"
5 2 10 29 108 "R"
5 4 10 29 109 "R"
5 2 10 29 110 "R"
5 -6 50 29 111 "A"
5 2 10 29 112 "R"
5 3 50 29 113 "A"
5 -12 10 29 114 "R"
5 -6 10 29 115 "R"
5 -6 50 29 116 "A"
5 -12 10 29 117 "R"
5 2 10 29 118 "R"
5 2 10 29 119 "R"
5 -6 10 29 120 "R"
5 -6 50 29 121 "A"
5 2 10 29 122 "R"
5 -15 50 29 123 "A"
5 1 50 29 124 "A"
5 -15 50 29 125 "A"
5 3 50 29 126 "A"
5 -15 50 29 127 "A"
5 2 10 29 128 "R"
5 -6 10 29 129 "R"
5 1 50 29 130 "A"
5 -12 50 29 131 "A"
5 1 50 29 132 "A"
5 -12 50 29 133 "A"
5 1 50 29 134 "A"
5 3 50 29 135 "A"
5 -6 10 29 136 "R"
5 12 50 29 137 "A"
5 -6 50 29 138 "A"
5 4 10 29 139 "R"
5 -12 50 29 140 "A"
5 -12 50 30 1 "A"
5 2 10 30 2 "R"
5 -12 10 30 3 "R"
5 -6 50 30 4 "A"
5 -12 50 30 5 "A"
5 -6 10 30 6 "R"
5 -12 50 30 7 "A"
5 -6 50 30 8 "A"
5 -15 10 30 9 "R"
5 -6 50 30 10 "A"
5 2 10 30 11 "R"
5 1 50 30 12 "A"
5 3 50 30 13 "A"
5 -6 50 30 14 "A"
5 4 10 30 15 "R"
5 2 10 30 16 "R"
5 3 50 30 17 "A"
5 2 10 30 18 "R"
5 -15 50 30 19 "A"
5 -6 50 30 20 "A"
5 -12 10 30 21 "R"
5 -6 10 30 22 "R"
5 1 50 30 23 "A"
5 1 50 30 24 "A"
5 3 50 30 25 "A"
5 -12 50 30 26 "A"
5 -12 10 30 27 "R"
5 -6 10 30 28 "R"
5 4 10 30 29 "R"
5 -6 10 30 30 "R"
5 -9 20 30 31 "V"
5 -15 10 30 32 "R"
5 5 10 30 33 "R"
5 -6 50 30 34 "A"
5 2 10 30 35 "R"
5 -6 10 30 36 "R"
5 2 10 30 37 "R"
5 3 50 30 38 "A"
5 1 50 30 39 "A"
5 1 50 30 40 "A"
5 -6 10 30 41 "R"
5 -6 50 30 42 "A"
5 -6 10 30 43 "R"
5 1 50 30 44 "A"
5 -6 50 30 45 "A"
5 -6 10 30 46 "R"
5 -12 50 30 47 "A"
5 -12 10 30 48 "R"
5 -6 10 30 49 "R"
5 -6 50 30 50 "A"
5 4 10 30 51 "R"
5 1 50 30 52 "A"
5 5 10 30 53 "R"
5 -6 50 30 54 "A"
5 -12 10 30 55 "R"
5 1 50 30 56 "A"
5 -12 10 30 57 "R"
5 2 10 30 58 "R"
5 -6 50 30 59 "A"
5 2 10 30 60 "R"
5 -12 50 30 61 "A"
5 2 10 30 62 "R"
5 3 50 30 63 "A"
5 -6 10 30 64 "R"
5 3 50 30 65 "A"
5 1 50 30 66 "A"
5 -12 10 30 67 "R"
5 2 10 30 68 "R"
5 3 50 30 69 "A"
5 -6 50 30 70 "A"
5 2 10 30 71 "R"
5 -6 50 30 72 "A"
5 -12 10 30 73 "R"
5 -6 10 30 74 "R"
5 -15 50 30 75 "A"
5 2 10 30 76 "R"
5 -12 10 30 77 "R"
5 1 50 30 78 "A"
5 -12 50 30 79 "A"
5 2 10 30 80 "R"
5 -12 50 30 81 "A"
5 -6 50 30 82 "A"
5 3 50 30 83 "A"
5 2 10 30 84 "R"
5 3 50 30 85 "A"
5 -6 10 30 86 "R"
5 -12 50 30 87 "A"
5 2 10 30 88 "R"
5 -6 10 30 89 "R"
5 -6 50 30 90 "A"
5 -12 50 30 91 "A"
5 -6 10 30 92 "R"
5 12 50 30 93 "A"
5 1 50 30 94 "A"
5 -12 50 30 95 "A"
5 -6 10 30 96 "R"
5 5 10 30 97 "R"
5 -6 50 30 98 "A"
5 -6 10 30 99 "R"
5 -6 50 30 100 "A"
5 -15 10 30 101 "R"
5 -6 10 30 102 "R"
5 -12 10 30 103 "R"
5 4 10 30 104 "R"
5 1 50 30 105 "A"
5 3 50 30 106 "A"
5 2 10 30 107 "R"
5 -6 50 30 108 "A"
5 2 10 30 109 "R"
5 -6 50 30 110 "A"
5 -12 10 30 111 "R"
5 -6 10 30 112 "R"
5 3 50 30 113 "A"
5 -12 50 30 114 "A"
5 -6 10 30 115 "R"
5 2 10 30 116 "R"
5 1 50 30 117 "A"
5 2 10 30 118 "R"
5 -6 50 30 119 "A"
5 -6 10 30 120 "R"
5 -12 50 30 121 "A"
5 -12 10 30 122 "R"
5 12 50 30 123 "A"
5 1 50 30 124 "A"
5 -15 50 30 125 "A"
5 4 10 30 126 "R"
5 3 50 30 127 "A"
5 4 10 30 128 "R"
5 -6 50 31 1 "A"
5 2 10 31 2 "R"
5 -12 10 31 3 "R"
5 -6 10 31 4 "R"
5 -12 50 31 5 "A"
5 -6 50 31 6 "A"
5 -6 50 31 7 "A"
5 2 10 31 8 "R"
5 -12 50 31 9 "A"
5 -6 10 31 10 "R"
5 4 10 31 11 "R"
5 -6 50 31 12 "A"
5 5 10 31 13 "R"
5 1 50 31 14 "A"
5 -12 50 31 15 "A"
5 -3 40 31 16 "F"
5 -12 50 31 17 "A"
5 1 50 31 18 "A"
5 -15 10 31 19 "R"
5 -6 50 31 20 "A"
5 4 10 31 21 "R"
5 -6 50 31 22 "A"
5 5 10 31 23 "R"
5 2 10 31 24 "R"
5 -12 50 31 25 "A"
5 1 50 31 26 "A"
5 -6 50 31 27 "A"
5 2 10 31 28 "R"
5 -12 50 31 29 "A"
5 -6 50 31 30 "A"
5 4 10 31 31 "R"
5 3 50 31 32 "A"
5 -6 10 31 33 "R"
5 -6 50 31 34 "A"
5 -12 10 31 35 "R"
5 2 10 31 36 "R"
5 4 10 31 37 "R"
5 -6 50 31 38 "A"
5 -15 10 31 39 "R"
5 1 50 31 40 "A"
5 -12 50 31 41 "A"
5 2 10 31 42 "R"
5 1 50 31 43 "A"
5 -6 10 31 44 "R"
5 3 50 31 45 "A"
5 1 50 31 46 "A"
5 1 50 31 47 "A"
5 3 50 31 48 "A"
5 -15 50 31 49 "A"
5 -12 50 31 50 "A"
5 4 10 31 51 "R"
5 1 50 31 52 "A"
5 -15 10 31 53 "R"
5 -6 10 31 54 "R"
5 -6 10 31 55 "R"
5 1 50 31 56 "A"
5 2 10 31 57 "R"
5 2 10 31 58 "R"
5 3 50 31 59 "A"
5 1 50 31 60 "A"
5 -6 50 31 61 "A"
5 2 10 31 62 "R"
5 4 10 31 63 "R"
5 -6 50 31 64 "A"
5 -6 10 31 65 "R"
5 1 50 31 66 "A"
5 3 50 31 67 "A"
5 -6 50 31 68 "A"
5 5 10 31 69 "R"
5 3 50 31 70 "A"
5 -6 10 31 71 "R"
5 -6 10 31 72 "R"
5 -6 50 31 73 "A"
5 2 10 31 74 "R"
5 12 50 31 75 "A"
5 -6 50 31 76 "A"
5 -12 10 31 77 "R"
5 2 10 31 78 "R"
5 -12 10 31 79 "R"
5 -6 10 31 80 "R"
5 -6 50 31 81 "A"
5 -12 10 31 82 "R"
5 3 50 31 83 "A"
5 -6 50 31 84 "A"
5 2 10 31 85 "R"
5 -6 50 31 86 "A"
5 2 10 31 87 "R"
5 -15 50 31 88 "A"
5 -6 50 31 89 "A"
5 4 10 31 90 "R"
5 3 50 31 91 "A"
5 2 10 31 92 "R"
5 3 50 31 93 "A"
5 2 10 31 94 "R"
5 -12 50 31 95 "A"
5 2 10 31 96 "R"
5 -6 50 31 97 "A"
5 2 10 31 98 "R"
5 -6 50 31 99 "A"
5 2 10 31 100 "R"
5 3 50 31 101 "A"
5 2 10 31 102 "R"
5 12 50 31 103 "A"
5 2 10 31 104 "R"
5 12 50 31 105 "A"
5 -6 10 31 106 "R"
5 -6 50 31 107 "A"
5 -6 10 31 108 "R"
5 -15 50 31 109 "A"
5 2 10 31 110 "R"
5 -12 50 31 111 "A"
5 -6 50 31 112 "A"
5 -6 10 31 113 "R"
5 1 50 31 114 "A"
5 1 50 31 115 "A"
5 -6 10 31 116 "R"
5 3 50 31 117 "A"
5 1 50 31 118 "A"
5 -12 50 31 119 "A"
5 -6 10 31 120 "R"
5 -6 50 31 121 "A"
5 2 10 31 122 "R"
5 -12 10 31 123 "R"
5 2 10 31 124 "R"
5 -6 10 31 125 "R"
5 1 50 31 126 "A"
5 3 50 31 127 "A"
5 2 10 31 128 "R"
5 -12 10 31 129 "R"
5 -6 10 31 130 "R"
5 -12 50 31 131 "A"
5 2 10 31 132 "R"
5 -12 10 32 1 "R"
5 2 10 32 2 "R"
5 -12 10 32 3 "R"
5 -6 10 32 4 "R"
5 -12 50 32 5 "A"
5 -6 10 32 6 "R"
5 -12 50 32 7 "A"
5 -6 50 32 8 "A"
5 -15 10 32 9 "R"
5 -240 40 32 10 "F"
5 2 10 32 11 "R"
5 2 10 32 12 "R"
5 3 50 32 13 "A"
5 -6 10 32 14 "R"
5 3 50 32 15 "A"
5 1 50 32 16 "A"
5 3 50 32 17 "A"
5 1 50 32 18 "A"
5 -15 50 32 19 "A"
5 -6 10 32 20 "R"
5 -12 10 32 21 "R"
5 -6 10 32 22 "R"
5 1 50 32 23 "A"
5 1 50 32 24 "A"
5 3 50 32 25 "A"
5 -12 10 32 26 "R"
5 -12 10 32 27 "R"
5 -6 10 32 28 "R"
5 3 50 32 29 "A"
5 -6 50 32 30 "A"
5 -12 10 32 31 "R"
5 -15 10 32 32 "R"
5 5 10 32 33 "R"
5 -6 10 32 34 "R"
5 1 50 32 35 "A"
5 -6 50 32 36 "A"
5 2 10 32 37 "R"
5 3 50 32 38 "A"
5 2 10 32 39 "R"
5 2 10 32 40 "R"
5 -6 10 32 41 "R"
5 -6 50 32 42 "A"
5 -6 10 32 43 "R"
5 1 50 32 44 "A"
5 -6 50 32 45 "A"
5 -6 10 32 46 "R"
5 -12 50 32 47 "A"
5 -12 50 32 48 "A"
5 -6 50 32 49 "A"
5 -6 10 32 50 "R"
5 3 50 32 51 "A"
5 1 50 32 52 "A"
5 12 50 32 53 "A"
5 -6 10 32 54 "R"
5 -12 50 32 55 "A"
5 2 10 32 56 "R"
5 -12 50 32 57 "A"
5 2 40 32 58 "F"
5 -6 50 32 59 "A"
5 2 10 32 60 "R"
5 -12 50 32 61 "A"
5 2 10 32 62 "R"
5 4 10 32 63 "R"
5 -6 10 32 64 "R"
5 3 50 32 65 "A"
5 2 40 32 66 "F"
5 -12 10 32 67 "R"
5 2 10 32 68 "R"
5 4 10 32 69 "R"
5 -6 50 32 70 "A"
5 2 10 32 71 "R"
5 -6 50 32 72 "A"
5 -12 10 32 73 "R"
5 -6 50 32 74 "A"
5 -15 10 32 75 "R"
5 2 10 32 76 "R"
5 -12 50 32 77 "A"
5 2 40 32 78 "F"
5 -12 50 32 79 "A"
5 2 10 32 80 "R"
5 -12 10 32 81 "R"
5 -6 50 32 82 "A"
5 4 10 32 83 "R"
5 2 10 32 84 "R"
5 3 50 32 85 "A"
5 -6 10 32 86 "R"
5 -12 50 32 87 "A"
5 2 10 32 88 "R"
5 -6 10 32 89 "R"
5 -6 50 32 90 "A"
5 -12 10 32 91 "R"
5 -6 50 32 92 "A"
5 5 10 32 93 "R"
5 1 50 32 94 "A"
5 -12 10 32 95 "R"
5 -6 10 32 96 "R"
5 12 50 32 97 "A"
5 -6 50 32 98 "A"
5 -6 10 32 99 "R"
5 -6 50 32 100 "A"
5 -15 10 32 101 "R"
5 -6 10 33 1 "R"
5 2 10 33 2 "R"
5 2 10 33 3 "R"
5 -6 10 33 4 "R"
5 -12 50 33 5 "A"
5 2 10 33 6 "R"
5 -12 10 33 7 "R"
5 -6 50 33 8 "A"
5 -12 10 33 9 "R"
5 80 50 33 10 "A"
5 -6 10 33 11 "R"
5 1 50 33 12 "A"
5 -12 50 33 13 "A"
5 -6 50 33 14 "A"
5 4 10 33 15 "R"
5 1 50 33 16 "A"
5 2 10 33 17 "R"
5 2 10 33 18 "R"
5 -12 50 33 19 "A"
5 -6 10 33 20 "R"
5 1 50 33 21 "A"
5 1 50 33 22 "A"
5 4 10 33 23 "R"
5 -12 10 33 24 "R"
5 4 10 33 25 "R"
5 2 10 33 26 "R"
5 12 50 33 27 "A"
5 -6 10 33 28 "R"
5 3 50 33 29 "A"
5 -6 50 33 30 "A"
5 -15 10 33 31 "R"
5 -6 50 33 32 "A"
5 -12 10 33 33 "R"
5 2 10 33 34 "R"
5 -12 50 33 35 "A"
5 -6 50 33 36 "A"
5 -12 10 33 37 "R"
5 -6 10 33 38 "R"
5 -6 50 33 39 "A"
5 2 10 33 40 "R"
5 -6 10 33 41 "R"
5 2 10 33 42 "R"
5 -15 10 33 43 "R"
5 4 10 33 44 "R"
5 -6 50 33 45 "A"
5 -12 10 33 46 "R"
5 2 10 33 47 "R"
5 2 10 33 48 "R"
5 -6 50 33 49 "A"
5 2 10 33 50 "R"
5 -12 50 33 51 "A"
5 1 50 33 52 "A"
5 1 50 33 53 "A"
5 1 50 33 54 "A"
5 2 10 33 55 "R"
5 1 50 33 56 "A"
5 2 10 33 57 "R"
5 3 50 33 58 "A"
5 -12 10 33 59 "R"
5 2 10 33 60 "R"
5 -12 10 33 61 "R"
5 4 10 33 62 "R"
5 -12 50 33 63 "A"
5 -6 10 33 64 "R"
5 2 10 33 65 "R"
5 2 10 33 66 "R"
5 -6 10 33 67 "R"
5 -6 50 33 68 "A"
5 -6 10 33 69 "R"
5 1 50 33 70 "A"
5 12 50 33 71 "A"
5 3 50 33 72 "A"
5 -12 10 33 73 "R"
5 -6 10 33 74 "R"
5 5 10 33 75 "R"
5 -6 10 33 76 "R"
5 -6 50 33 77 "A"
5 -6 10 33 78 "R"
5 2 10 33 79 "R"
5 1 50 33 80 "A"
5 -6 10 33 81 "R"
5 -12 50 33 82 "A"
5 4 10 33 83 "R"
5 1 50 33 84 "A"
5 -6 10 33 85 "R"
5 -6 10 33 86 "R"
5 -15 50 33 87 "A"
5 -6 50 33 88 "A"
5 -12 10 33 89 "R"
5 -6 10 33 90 "R"
5 -12 50 33 91 "A"
5 2 10 33 92 "R"
5 2 10 33 93 "R"
5 -12 10 33 94 "R"
5 -12 10 33 95 "R"
5 2 10 33 96 "R"
5 -12 10 33 97 "R"
5 1 50 33 98 "A"
5 3 50 33 99 "A"
5 1 50 33 100 "A"
5 12 50 33 101 "A"
5 1 50 33 102 "A"
5 2 10 33 103 "R"
5 -6 10 33 104 "R"
5 2 10 33 105 "R"
5 -6 50 33 106 "A"
5 -6 10 33 107 "R"
5 -6 50 33 108 "A"
5 4 10 33 109 "R"
5 -12 50 33 110 "A"
5 12 50 33 111 "A"
5 -12 50 33 112 "A"
5 4 10 33 113 "R"
5 -15 50 33 114 "A"
5 4 10 33 115 "R"
5 2 10 33 116 "R"
5 -6 50 33 117 "A"
5 4 10 33 118 "R"
5 -15 10 33 119 "R"
5 2 10 33 120 "R"
5 5 10 33 121 "R"
5 1 50 33 122 "A"
5 -6 10 33 123 "R"
5 1 50 33 124 "A"
5 -12 50 33 125 "A"
5 -6 50 33 126 "A"
5 2 10 33 127 "R"
5 -6 10 33 128 "R"
5 1 50 34 1 "A"
5 2 10 34 2 "R"
5 3 50 34 3 "A"
5 -6 10 34 4 "R"
5 -12 50 34 5 "A"
5 2 10 34 6 "R"
5 2 10 34 7 "R"
5 -6 10 34 8 "R"
5 -12 50 34 9 "A"
5 2 10 34 10 "R"
5 1 50 34 11 "A"
5 2 10 34 12 "R"
5 1 50 34 13 "A"
5 -6 10 34 14 "R"
5 -6 50 34 15 "A"
5 -6 10 34 16 "R"
5 -12 50 34 17 "A"
5 -6 10 34 18 "R"
5 -12 50 34 19 "A"
5 2 10 34 20 "R"
5 4 10 34 21 "R"
5 -12 10 34 22 "R"
5 -12 50 34 23 "A"
5 2 10 34 24 "R"
5 1 50 34 25 "A"
5 -12 50 34 26 "A"
5 2 10 34 27 "R"
5 -6 50 34 28 "A"
5 -15 10 34 29 "R"
5 3 50 34 30 "A"
5 -6 10 34 31 "R"
5 1 50 34 32 "A"
5 12 50 34 33 "A"
5 -12 10 34 34 "R"
5 -15 10 34 35 "R"
5 -6 10 34 36 "R"
5 3 50 34 37 "A"
5 1 50 34 38 "A"
5 -12 10 34 39 "R"
5 1 50 34 40 "A"
5 5 10 34 41 "R"
5 4 10 34 42 "R"
5 -12 50 34 43 "A"
5 2 10 34 44 "R"
5 -12 10 34 45 "R"
5 2 10 34 46 "R"
5 -36 20 34 47 "V"
5 2 10 34 48 "R"
5 1 50 35 1 "A"
5 2 10 35 2 "R"
5 4 10 35 3 "R"
5 -6 10 35 4 "R"
5 -12 50 35 5 "A"
5 2 10 35 6 "R"
5 2 10 35 7 "R"
5 -6 50 35 8 "A"
5 -12 10 35 9 "R"
5 2 10 35 10 "R"
5 2 10 35 11 "R"
5 1 50 35 12 "A"
5 2 10 35 13 "R"
5 -6 10 35 14 "R"
5 -6 50 35 15 "A"
5 -6 50 35 16 "A"
5 -12 10 35 17 "R"
5 -6 10 35 18 "R"
5 -12 50 35 19 "A"
5 2 10 35 20 "R"
5 3 50 35 21 "A"
5 -12 10 35 22 "R"
5 -12 10 35 23 "R"
5 1 50 35 24 "A"
5 2 10 35 25 "R"
5 -12 50 35 26 "A"
5 2 10 35 27 "R"
5 -6 50 35 28 "A"
5 -15 10 35 29 "R"
5 4 10 35 30 "R"
5 -6 10 35 31 "R"
5 1 50 35 32 "A"
5 5 10 35 33 "R"
5 -12 10 35 34 "R"
5 -15 10 35 35 "R"
5 -6 10 35 36 "R"
5 4 10 35 37 "R"
5 2 10 35 38 "R"
5 -12 10 35 39 "R"
5 2 10 35 40 "R"
5 5 10 35 41 "R"
5 3 50 35 42 "A"
5 -12 10 35 43 "R"
5 2 10 35 44 "R"
5 -12 10 35 45 "R"
5 2 10 35 46 "R"
5 -15 10 35 47 "R"
5 2 10 35 48 "R"
5 4 10 35 49 "R"
5 1 50 35 50 "A"
5 -6 50 35 51 "A"
5 2 10 35 52 "R"
5 4 10 35 53 "R"
5 -6 10 35 54 "R"
5 12 50 35 55 "A"
5 -6 50 35 56 "A"
5 -12 10 35 57 "R"
5 1 50 35 58 "A"
5 3 50 35 59 "A"
5 -12 10 35 60 "R"
5 -6 10 35 61 "R"
5 -6 50 35 62 "A"
5 5 10 35 63 "R"
5 2 10 35 64 "R"
5 3 50 35 65 "A"
5 -6 10 35 66 "R"
5 1 50 35 67 "A"
5 2 10 35 68 "R"
5 -6 50 35 69 "A"
5 -6 10 35 70 "R"
5 2 10 35 71 "R"
5 -6 50 35 72 "A"
5 -12 10 35 73 "R"
5 3 50 35 74 "A"
5 12 50 35 75 "A"
5 2 10 35 76 "R"
5 -12 10 35 77 "R"
5 -6 10 35 78 "R"
5 3 50 35 79 "A"
5 -12 50 35 80 "A"
5 3 50 35 81 "A"
5 1 50 35 82 "A"
5 -6 10 35 83 "R"
5 -6 50 35 84 "A"
5 4 10 35 85 "R"
5 -6 10 35 86 "R"
5 3 50 35 87 "A"
5 -6 50 35 88 "A"
5 4 10 35 89 "R"
5 2 10 35 90 "R"
5 -12 10 35 91 "R"
5 -6 10 35 92 "R"
5 12 50 35 93 "A"
5 -6 50 35 94 "A"
5 -12 10 35 95 "R"
5 3 50 35 96 "A"
5 3 50 35 97 "A"
5 4 10 35 98 "R"
5 1 50 35 99 "A"
5 2 10 35 100 "R"
5 2 10 35 101 "R"
5 4 10 35 102 "R"
5 5 10 35 103 "R"
5 -12 50 35 104 "A"
5 12 50 35 105 "A"
5 -6 50 35 106 "A"
5 -6 10 35 107 "R"
5 -6 50 35 108 "A"
5 4 10 35 109 "R"
5 -6 10 35 110 "R"
5 1 50 35 111 "A"
5 -6 50 35 112 "A"
5 2 10 35 113 "R"
5 2 10 35 114 "R"
5 -6 10 36 1 "R"
5 2 10 36 2 "R"
5 2 10 36 3 "R"
5 -6 10 36 4 "R"
5 -12 50 36 5 "A"
5 2 10 36 6 "R"
5 -12 10 36 7 "R"
5 -6 50 36 8 "A"
5 -12 10 36 9 "R"
5 3 50 36 10 "A"
5 -6 50 36 11 "A"
5 2 10 36 12 "R"
5 -12 10 36 13 "R"
5 -6 10 36 14 "R"
5 4 10 36 15 "R"
5 2 10 36 16 "R"
5 1 50 36 17 "A"
5 2 10 36 18 "R"
5 -12 10 36 19 "R"
5 -6 10 36 20 "R"
5 1 50 36 21 "A"
5 1 50 36 22 "A"
5 3 50 36 23 "A"
5 -12 50 36 24 "A"
5 4 10 36 25 "R"
5 1 50 36 26 "A"
5 12 50 36 27 "A"
5 -6 10 36 28 "R"
5 3 50 36 29 "A"
5 -6 50 36 30 "A"
5 -15 10 36 31 "R"
5 -6 10 36 32 "R"
5 -12 50 36 33 "A"
5 2 10 36 34 "R"
5 -12 10 36 35 "R"
5 -6 10 36 36 "R"
5 -12 50 36 37 "A"
5 -3 40 36 38 "F"
5 -6 10 36 39 "R"
5 1 50 36 40 "A"
5 -6 50 36 41 "A"
5 2 10 36 42 "R"
5 -15 50 36 43 "A"
5 3 50 36 44 "A"
5 -6 50 36 45 "A"
5 -12 10 36 46 "R"
5 2 10 36 47 "R"
5 1 50 36 48 "A"
5 -6 10 36 49 "R"
5 2 10 36 50 "R"
5 -12 10 36 51 "R"
5 2 10 36 52 "R"
5 2 10 36 53 "R"
5 1 50 36 54 "A"
5 2 10 36 55 "R"
5 1 50 36 56 "A"
5 2 10 36 57 "R"
5 3 50 36 58 "A"
5 -12 10 36 59 "R"
5 2 10 36 60 "R"
5 -12 10 36 61 "R"
5 4 10 36 62 "R"
5 -12 50 36 63 "A"
5 -6 10 36 64 "R"
5 1 50 36 65 "A"
5 2 10 36 66 "R"
5 -6 10 36 67 "R"
5 -6 10 36 68 "R"
5 -6 50 36 69 "A"
5 2 10 36 70 "R"
5 12 50 36 71 "A"
5 3 50 36 72 "A"
5 -12 10 36 73 "R"
5 -6 10 36 74 "R"
5 12 50 36 75 "A"
5 -6 50 36 76 "A"
5 -6 10 36 77 "R"
5 -3 20 36 78 "V"
5 2 10 36 79 "R"
5 1 50 36 80 "A"
5 -6 10 36 81 "R"
5 -12 50 36 82 "A"
5 3 50 36 83 "A"
5 1 50 36 84 "A"
5 -6 50 36 85 "A"
5 -6 10 36 86 "R"
5 -15 50 36 87 "A"
5 -6 10 36 88 "R"
5 -12 50 36 89 "A"
5 -6 10 36 90 "R"
5 -12 10 36 91 "R"
5 1 50 36 92 "A"
5 1 50 36 93 "A"
5 -12 50 36 94 "A"
5 -12 10 36 95 "R"
5 1 50 36 96 "A"
5 -12 10 36 97 "R"
5 1 50 36 98 "A"
5 3 50 36 99 "A"
5 1 50 36 100 "A"
5 5 10 36 101 "R"
5 1 50 36 102 "A"
5 2 10 36 103 "R"
5 -6 50 36 104 "A"
5 2 10 36 105 "R"
5 -6 50 36 106 "A"
5 -6 10 36 107 "R"
5 -6 50 36 108 "A"
5 3 50 36 109 "A"
5 -12 50 36 110 "A"
5 5 10 36 111 "R"
5 -12 50 36 112 "A"
5 3 50 36 113 "A"
5 -15 50 36 114 "A"
5 3 50 36 115 "A"
5 1 50 36 116 "A"
5 -6 10 36 117 "R"
5 4 10 36 118 "R"
5 -15 50 36 119 "A"
5 1 50 36 120 "A"
5 12 50 36 121 "A"
5 1 50 36 122 "A"
5 -6 50 36 123 "A"
5 2 10 36 124 "R"
5 -12 50 36 125 "A"
5 -6 10 36 126 "R"
5 1 50 36 127 "A"
5 -6 50 36 128 "A"
5 -6 10 36 129 "R"
5 -6 50 36 130 "A"
5 4 10 36 131 "R"
5 4 10 37 1 "R"
5 -6 10 37 2 "R"
5 -12 50 37 3 "A"
5 -12 10 37 4 "R"
5 3 50 37 5 "A"
5 1 50 37 6 "A"
5 3 50 37 7 "A"
5 -6 50 37 8 "A"
5 4 10 37 9 "R"
5 2 10 37 10 "R"
5 -12 50 37 11 "A"
5 2 10 37 12 "R"
5 3 50 37 13 "A"
5 -6 10 37 14 "R"
5 -15 50 37 15 "A"
5 2 10 37 16 "R"
5 -6 10 37 17 "R"
5 -12 50 37 18 "A"
5 -12 10 37 19 "R"
5 -6 50 37 20 "A"
5 1 50 37 21 "A"
5 1 50 37 22 "A"
5 12 50 37 23 "A"
5 1 50 37 24 "A"
5 1 50 37 25 "A"
5 2 10 37 26 "R"
5 2 10 37 27 "R"
5 -6 50 37 28 "A"
5 2 10 37 29 "R"
5 -12 10 37 30 "R"
5 4 10 37 31 "R"
5 -6 10 37 32 "R"
5 -12 50 37 33 "A"
5 2 10 37 34 "R"
5 -15 50 37 35 "A"
5 -6 10 37 36 "R"
5 3 50 37 37 "A"
5 -6 50 37 38 "A"
5 -12 10 37 39 "R"
5 -6 10 37 40 "R"
5 -6 50 37 41 "A"
5 2 10 37 42 "R"
5 4 10 37 43 "R"
5 -6 50 37 44 "A"
5 -15 10 37 45 "R"
5 2 10 37 46 "R"
5 -15 10 37 47 "R"
5 -6 10 37 48 "R"
5 -12 50 37 49 "A"
5 -6 10 37 50 "R"
5 -12 50 37 51 "A"
5 2 10 37 52 "R"
5 4 10 37 53 "R"
5 4 10 37 54 "R"
5 -6 50 37 55 "A"
5 -6 10 37 56 "R"
5 -12 10 37 57 "R"
5 2 10 37 58 "R"
5 4 10 37 59 "R"
5 1 50 37 60 "A"
5 -6 10 37 61 "R"
5 1 50 37 62 "A"
5 3 50 37 63 "A"
5 -15 50 37 64 "A"
5 -12 50 37 65 "A"
5 -6 50 37 66 "A"
5 -6 10 37 67 "R"
5 -6 50 37 68 "A"
5 -6 10 37 69 "R"
5 -6 10 37 70 "R"
5 -15 50 37 71 "A"
5 -6 10 37 72 "R"
5 -12 50 37 73 "A"
5 -6 10 37 74 "R"
5 -12 50 37 75 "A"
5 -6 10 37 76 "R"
5 -12 50 37 77 "A"
5 -6 10 37 78 "R"
5 12 50 37 79 "A"
5 -12 50 37 80 "A"
5 4 10 37 81 "R"
5 3 50 37 82 "A"
5 -6 10 37 83 "R"
5 1 50 37 84 "A"
5 -6 50 37 85 "A"
5 2 10 37 86 "R"
5 -12 50 37 87 "A"
5 2 10 37 88 "R"
5 -12 50 37 89 "A"
5 2 10 37 90 "R"
5 -12 50 37 91 "A"
5 1 50 37 92 "A"
5 3 50 37 93 "A"
5 1 50 37 94 "A"
5 -6 10 37 95 "R"
5 -12 50 37 96 "A"
5 2 10 37 97 "R"
5 2 10 37 98 "R"
5 2 10 37 99 "R"
5 -6 50 37 100 "A"
5 2 10 37 101 "R"
5 3 50 37 102 "A"
5 4 10 37 103 "R"
5 -6 50 37 104 "A"
5 2 10 37 105 "R"
5 -6 10 37 106 "R"
5 3 50 37 107 "A"
5 -6 50 37 108 "A"
5 2 10 37 109 "R"
5 -6 50 37 110 "A"
5 -12 10 37 111 "R"
5 4 10 37 112 "R"
5 3 50 37 113 "A"
5 1 50 37 114 "A"
5 2 10 37 115 "R"
5 -6 50 37 116 "A"
5 2 10 37 117 "R"
5 1 50 37 118 "A"
5 -12 10 37 119 "R"
5 2 10 37 120 "R"
5 12 50 37 121 "A"
5 1 50 37 122 "A"
5 -6 50 37 123 "A"
5 2 10 37 124 "R"
5 2 10 37 125 "R"
5 2 10 37 126 "R"
5 -12 10 37 127 "R"
5 2 10 37 128 "R"
5 -12 10 37 129 "R"
5 -6 10 38 1 "R"
5 2 10 38 2 "R"
5 -12 10 38 3 "R"
5 -6 10 38 4 "R"
5 -12 10 38 5 "R"
5 -6 50 38 6 "A"
5 -6 10 38 7 "R"
5 1 50 38 8 "A"
5 -12 50 38 9 "A"
5 -6 10 38 10 "R"
5 4 10 38 11 "R"
5 -6 50 38 12 "A"
5 5 10 38 13 "R"
5 1 50 38 14 "A"
5 -12 10 38 15 "R"
5 -6 50 38 16 "A"
5 -12 10 38 17 "R"
5 2 10 38 18 "R"
5 -15 50 38 19 "A"
5 -6 10 38 20 "R"
5 3 50 38 21 "A"
5 -6 50 38 22 "A"
5 5 10 38 23 "R"
5 1 50 38 24 "A"
5 -12 10 38 25 "R"
5 2 10 38 26 "R"
5 -6 50 38 27 "A"
5 2 10 38 28 "R"
5 -12 10 38 29 "R"
5 -6 10 38 30 "R"
5 3 50 38 31 "A"
5 3 50 38 32 "A"
5 -6 50 38 33 "A"
5 -6 10 38 34 "R"
5 -12 50 38 35 "A"
5 1 50 38 36 "A"
5 3 50 38 37 "A"
5 -6 10 38 38 "R"
5 -15 50 38 39 "A"
5 2 10 38 40 "R"
5 -12 10 38 41 "R"
5 2 10 38 42 "R"
5 2 10 38 43 "R"
5 -6 50 38 44 "A"
5 4 10 38 45 "R"
5 1 50 38 46 "A"
5 2 10 38 47 "R"
5 3 50 38 48 "A"
5 -15 10 38 49 "R"
5 -12 50 38 50 "A"
5 4 10 38 51 "R"
5 1 50 38 52 "A"
5 -15 10 38 53 "R"
5 -6 10 38 54 "R"
5 -6 10 38 55 "R"
5 1 50 38 56 "A"
5 1 50 38 57 "A"
5 2 10 38 58 "R"
5 3 50 38 59 "A"
5 2 10 38 60 "R"
5 -6 50 38 61 "A"
5 2 10 38 62 "R"
5 3 50 38 63 "A"
5 -6 10 38 64 "R"
5 -6 50 38 65 "A"
5 2 10 38 66 "R"
5 3 50 38 67 "A"
5 -6 10 38 68 "R"
5 12 50 38 69 "A"
5 3 50 38 70 "A"
5 -6 50 38 71 "A"
5 -6 10 38 72 "R"
5 -6 50 38 73 "A"
5 2 10 38 74 "R"
5 12 50 38 75 "A"
5 -6 50 38 76 "A"
5 -12 10 38 77 "R"
5 2 10 38 78 "R"
5 -12 50 38 79 "A"
5 -6 50 38 80 "A"
5 -6 10 38 81 "R"
5 -12 50 38 82 "A"
5 4 10 38 83 "R"
5 -6 50 38 84 "A"
5 2 10 38 85 "R"
5 -6 50 38 86 "A"
5 2 10 38 87 "R"
5 -15 50 38 88 "A"
5 -6 10 38 89 "R"
5 3 50 38 90 "A"
5 3 50 38 91 "A"
5 1 50 38 92 "A"
5 4 10 38 93 "R"
5 1 50 38 94 "A"
5 -12 10 38 95 "R"
5 1 50 38 96 "A"
5 -6 10 38 97 "R"
5 1 50 38 98 "A"
5 -6 50 38 99 "A"
5 2 10 38 100 "R"
5 3 50 38 101 "A"
5 1 50 38 102 "A"
5 12 50 38 103 "A"
5 1 50 38 104 "A"
5 12 50 38 105 "A"
5 -6 50 38 106 "A"
5 -6 10 38 107 "R"
5 -6 10 38 108 "R"
5 -15 50 38 109 "A"
5 2 40 38 110 "F"
5 -12 10 38 111 "R"
5 -6 10 38 112 "R"
5 -6 50 38 113 "A"
5 2 10 38 114 "R"
5 1 50 38 115 "A"
5 -6 50 38 116 "A"
5 4 10 38 117 "R"
5 1 50 38 118 "A"
5 -12 10 38 119 "R"
5 -6 10 38 120 "R"
5 -6 50 38 121 "A"
5 2 10 38 122 "R"
5 -12 50 38 123 "A"
5 1 50 38 124 "A"
5 -6 50 38 125 "A"
5 2 10 38 126 "R"
5 4 10 38 127 "R"
5 1 50 38 128 "A"
5 -12 10 38 129 "R"
5 -6 10 38 130 "R"
5 -12 50 38 131 "A"
5 2 40 38 132 "F"
5 -12 50 38 133 "A"
5 -6 10 38 134 "R"
5 -6 50 38 135 "A"
5 -6 10 38 136 "R"
5 3 50 38 137 "A"
5 1 50 38 138 "A"
5 1 50 39 1 "A"
5 -6 10 39 2 "R"
5 3 50 39 3 "A"
5 3 50 39 4 "A"
5 12 50 39 5 "A"
5 -6 50 39 6 "A"
5 4 10 39 7 "R"
5 -6 50 39 8 "A"
5 4 10 39 9 "R"
5 1 50 39 10 "A"
5 -12 10 39 11 "R"
5 2 10 39 12 "R"
5 3 50 39 13 "A"
5 -6 10 39 14 "R"
5 -6 50 39 15 "A"
5 -6 10 39 16 "R"
5 -12 50 39 17 "A"
5 -6 10 39 18 "R"
5 -6 50 39 19 "A"
5 4 10 39 20 "R"
5 -15 50 39 21 "A"
5 -6 50 39 22 "A"
5 -6 10 39 23 "R"
5 12 50 39 24 "A"
5 3 50 39 25 "A"
5 2 10 39 26 "R"
5 3 50 39 27 "A"
5 -6 10 39 28 "R"
5 1 50 39 29 "A"
5 1 50 39 30 "A"
5 -12 50 39 31 "A"
5 -3 40 39 32 "F"
5 4 10 39 33 "R"
5 -12 50 39 34 "A"
5 1 50 39 35 "A"
5 1 50 39 36 "A"
5 -12 10 39 37 "R"
5 -6 50 39 38 "A"
5 -12 10 39 39 "R"
5 2 10 39 40 "R"
5 -12 10 39 41 "R"
5 -6 50 39 42 "A"
5 -12 10 39 43 "R"
5 2 10 39 44 "R"
5 1 50 39 45 "A"
5 -6 10 39 46 "R"
5 -15 10 39 47 "R"
5 2 10 39 48 "R"
5 1 50 39 49 "A"
5 -6 10 39 50 "R"
5 -6 50 39 51 "A"
5 -12 10 39 52 "R"
5 4 10 39 53 "R"
5 -6 10 39 54 "R"
5 -12 10 39 55 "R"
5 -12 50 39 56 "A"
5 -12 10 39 57 "R"
5 2 10 39 58 "R"
5 -6 50 39 59 "A"
5 2 10 39 60 "R"
5 -6 50 39 61 "A"
5 -6 10 39 62 "R"
5 3 50 39 63 "A"
5 -6 50 39 64 "A"
5 4 10 39 65 "R"
5 2 10 39 66 "R"
5 -6 10 39 67 "R"
5 3 50 39 68 "A"
5 -12 50 39 69 "A"
5 2 10 39 70 "R"
5 3 50 39 71 "A"
5 -6 10 39 72 "R"
5 3 50 39 73 "A"
5 1 50 39 74 "A"
5 3 50 39 75 "A"
5 -12 10 39 76 "R"
5 -12 10 39 77 "R"
5 2 10 39 78 "R"
5 2 10 39 79 "R"
5 2 10 39 80 "R"
5 -12 50 39 81 "A"
5 -6 50 39 82 "A"
5 -12 10 39 83 "R"
5 -6 10 39 84 "R"
5 -12 50 39 85 "A"
5 -12 10 39 86 "R"
5 -6 10 39 87 "R"
5 4 10 39 88 "R"
5 5 10 39 89 "R"
5 1 50 39 90 "A"
5 1 50 39 91 "A"
5 -6 50 39 92 "A"
5 -12 10 39 93 "R"
5 2 10 39 94 "R"
5 2 10 39 95 "R"
5 -6 10 39 96 "R"
5 3 50 39 97 "A"
5 1 50 39 98 "A"
5 4 10 39 99 "R"
5 2 10 39 100 "R"
5 -15 50 39 101 "A"
5 2 10 39 102 "R"
5 4 10 39 103 "R"
5 -6 50 39 104 "A"
5 4 10 39 105 "R"
5 -6 10 39 106 "R"
5 -12 50 39 107 "A"
5 2 10 39 108 "R"
5 3 50 39 109 "A"
5 1 50 39 110 "A"
5 -6 10 39 111 "R"
5 -12 50 39 112 "A"
5 -6 10 39 113 "R"
5 -6 50 39 114 "A"
5 4 10 39 115 "R"
5 1 50 39 116 "A"
5 3 50 39 117 "A"
5 4 10 39 118 "R"
5 -12 50 39 119 "A"
5 2 10 39 120 "R"
5 4 10 39 121 "R"
5 -6 10 39 122 "R"
5 -12 50 39 123 "A"
5 -6 50 39 124 "A"
5 -15 10 39 125 "R"
5 -6 10 39 126 "R"
5 -6 10 39 127 "R"
5 -6 50 39 128 "A"
5 -6 10 39 129 "R"
5 1 50 39 130 "A"
5 3 50 39 131 "A"
5 -6 50 39 132 "A"
5 -6 10 39 133 "R"
5 -15 50 39 134 "A"
5 4 10 39 135 "R"
5 1 50 39 136 "A"
5 -6 50 39 137 "A"
5 -6 10 39 138 "R"
5 12 50 39 139 "A"
5 1 50 39 140 "A"
5 -6 10 39 141 "R"
5 1 50 39 142 "A"
5 -6 10 40 1 "R"
5 1 50 40 2 "A"
5 -12 50 40 3 "A"
5 -6 10 40 4 "R"
5 -12 50 40 5 "A"
5 -6 50 40 6 "A"
5 -6 10 40 7 "R"
5 1 50 40 8 "A"
5 -12 50 40 9 "A"
5 -6 50 40 10 "A"
5 4 10 40 11 "R"
5 -6 10 40 12 "R"
5 12 50 40 13 "A"
5 1 50 40 14 "A"
5 -12 50 40 15 "A"
5 -6 10 40 16 "R"
5 -12 10 40 17 "R"
5 1 50 40 18 "A"
5 -15 50 40 19 "A"
5 -6 10 40 20 "R"
5 3 50 40 21 "A"
5 -6 50 40 22 "A"
5 5 10 40 23 "R"
5 2 10 40 24 "R"
5 -12 10 40 25 "R"
5 2 10 40 26 "R"
5 -6 50 40 27 "A"
5 2 10 40 28 "R"
5 -12 10 40 29 "R"
5 -6 50 40 30 "A"
5 4 10 40 31 "R"
5 3 50 40 32 "A"
5 -6 10 40 33 "R"
5 -6 50 40 34 "A"
5 -12 10 40 35 "R"
5 2 10 40 36 "R"
5 3 50 40 37 "A"
5 -6 50 40 38 "A"
5 -15 10 40 39 "R"
5 1 50 40 40 "A"
5 -12 50 40 41 "A"
5 1 50 40 42 "A"
5 1 50 40 43 "A"
5 -6 10 40 44 "R"
5 3 50 40 45 "A"
5 1 50 40 46 "A"
5 1 50 40 47 "A"
5 4 10 40 48 "R"
5 -15 50 40 49 "A"
5 -12 50 40 50 "A"
5 3 50 40 51 "A"
5 1 50 40 52 "A"
5 -15 10 40 53 "R"
5 -6 10 40 54 "R"
5 -6 50 40 55 "A"
5 2 10 40 56 "R"
5 1 50 40 57 "A"
5 2 10 40 58 "R"
5 4 10 40 59 "R"
5 1 50 40 60 "A"
5 -6 50 40 61 "A"
5 2 10 40 62 "R"
5 4 10 40 63 "R"
5 -6 50 40 64 "A"
5 -6 10 40 65 "R"
5 1 50 40 66 "A"
5 3 50 40 67 "A"
5 -6 50 40 68 "A"
5 5 10 40 69 "R"
5 3 50 40 70 "A"
5 -6 10 40 71 "R"
5 -6 50 40 72 "A"
5 -6 10 40 73 "R"
5 1 50 40 74 "A"
5 12 50 40 75 "A"
5 -6 50 40 76 "A"
5 -12 10 40 77 "R"
5 2 10 40 78 "R"
5 -12 50 40 79 "A"
5 -6 10 40 80 "R"
5 -6 50 40 81 "A"
5 -12 50 40 82 "A"
5 3 50 40 83 "A"
5 -6 50 40 84 "A"
5 2 10 40 85 "R"
5 -6 10 40 86 "R"
5 1 50 40 87 "A"
5 -15 50 40 88 "A"
5 -6 10 40 89 "R"
5 3 50 40 90 "A"
5 3 50 40 91 "A"
5 2 10 40 92 "R"
5 4 10 40 93 "R"
5 1 50 40 94 "A"
5 -12 10 40 95 "R"
5 2 10 40 96 "R"
5 -6 10 40 97 "R"
5 1 50 40 98 "A"
5 -6 50 40 99 "A"
5 2 10 40 100 "R"
5 3 50 40 101 "A"
5 2 10 40 102 "R"
5 12 50 40 103 "A"
5 1 50 40 104 "A"
5 5 10 40 105 "R"
5 -6 10 40 106 "R"
5 -6 50 40 107 "A"
5 -6 10 40 108 "R"
5 -15 50 40 109 "A"
5 2 10 40 110 "R"
5 -12 10 40 111 "R"
5 -6 10 40 112 "R"
5 -6 50 40 113 "A"
5 2 10 40 114 "R"
5 1 50 40 115 "A"
5 -6 50 40 116 "A"
5 4 10 40 117 "R"
5 2 10 40 118 "R"
5 -12 10 40 119 "R"
5 -6 50 40 120 "A"
5 -6 10 40 121 "R"
5 1 50 40 122 "A"
5 -12 10 40 123 "R"
5 2 10 40 124 "R"
5 -6 10 40 125 "R"
5 1 50 40 126 "A"
5 3 50 40 127 "A"
5 2 10 40 128 "R"
5 -12 10 40 129 "R"
5 -6 10 40 130 "R"
5 -12 50 40 131 "A"
5 1 50 40 132 "A"
5 -12 50 40 133 "A"
5 -6 10 40 134 "R"
5 -6 50 40 135 "A"
5 -6 10 40 136 "R"
5 3 50 40 137 "A"
5 1 50 40 138 "A"
5 -6 10 40 139 "R"
5 -6 10 40 140 "R"
5 3 50 40 141 "A"
5 3 50 40 142 "A"
5 -12 10 41 1 "R"
5 1 50 41 2 "A"
5 -6 50 41 3 "A"
5 -12 10 41 4 "R"
5 -6 10 41 5 "R"
5 -6 50 41 6 "A"
5 -15 10 41 7 "R"
5 2 10 41 8 "R"
5 3 50 41 9 "A"
5 2 10 41 10 "R"
5 -12 10 41 11 "R"
5 4 10 41 12 "R"
5 3 50 41 13 "A"
5 1 50 41 14 "A"
5 2 10 41 15 "R"
5 3 50 41 16 "A"
5 -12 50 41 17 "A"
5 -6 10 41 18 "R"
5 12 50 41 19 "A"
5 -12 50 41 20 "A"
5 1 50 41 21 "A"
5 1 50 41 22 "A"
5 -6 10 41 23 "R"
5 3 50 41 24 "A"
5 3 50 41 25 "A"
5 1 50 41 26 "A"
5 -15 50 41 27 "A"
5 -6 50 41 28 "A"
5 -12 10 41 29 "R"
5 -6 10 41 30 "R"
5 -12 50 41 31 "A"
5 2 10 41 32 "R"
5 -12 50 41 33 "A"
5 2 10 41 34 "R"
5 -6 10 41 35 "R"
5 1 50 41 36 "A"
5 -12 50 41 37 "A"
5 -12 10 41 38 "R"
5 2 10 41 39 "R"
5 1 50 41 40 "A"
5 -12 50 41 41 "A"
5 -6 10 41 42 "R"
5 -12 50 41 43 "A"
5 -12 10 41 44 "R"
5 -12 10 41 45 "R"
5 2 10 41 46 "R"
5 3 50 41 47 "A"
5 3 50 41 48 "A"
5 1 50 41 49 "A"
5 2 10 41 50 "R"
5 -12 50 41 51 "A"
5 -6 10 41 52 "R"
5 1 50 41 53 "A"
5 -6 50 41 54 "A"
5 -6 10 41 55 "R"
5 1 50 41 56 "A"
5 -12 50 41 57 "A"
5 2 10 41 58 "R"
5 -12 50 41 59 "A"
5 1 50 41 60 "A"
5 -12 10 41 61 "R"
5 3 50 41 62 "A"
5 3 50 41 63 "A"
5 1 50 41 64 "A"
5 1 50 41 65 "A"
5 1 50 41 66 "A"
5 2 10 41 67 "R"
5 -6 10 41 68 "R"
5 -6 50 41 69 "A"
5 2 10 41 70 "R"
5 -6 10 41 71 "R"
5 1 50 41 72 "A"
5 -12 50 41 73 "A"
5 3 20 41 74 "V"
5 -15 10 41 75 "R"
5 -12 10 41 76 "R"
5 -15 10 41 77 "R"
5 -6 10 41 78 "R"
5 2 10 41 79 "R"
5 1 50 41 80 "A"
5 -12 50 41 81 "A"
5 -6 10 41 82 "R"
5 1 50 41 83 "A"
5 -6 50 41 84 "A"
5 -12 10 41 85 "R"
5 1 50 41 86 "A"
5 -15 50 41 87 "A"
5 2 10 41 88 "R"
5 -6 50 41 89 "A"
5 2 10 41 90 "R"
5 -6 50 41 91 "A"
5 -6 10 41 92 "R"
5 -12 50 41 93 "A"
5 -6 50 41 94 "A"
5 5 10 41 95 "R"
5 -12 10 41 96 "R"
5 -6 50 41 97 "A"
5 2 10 41 98 "R"
5 3 50 41 99 "A"
5 -6 10 41 100 "R"
5 3 50 41 101 "A"
5 1 50 41 102 "A"
5 1 50 41 103 "A"
5 2 10 41 104 "R"
5 5 10 41 105 "R"
5 -6 50 41 106 "A"
5 4 10 41 107 "R"
5 -6 10 41 108 "R"
5 3 50 41 109 "A"
5 -6 50 41 110 "A"
5 -6 10 41 111 "R"
5 -6 50 41 112 "A"
5 5 10 41 113 "R"
5 1 50 41 114 "A"
5 -15 10 41 115 "R"
5 2 10 41 116 "R"
5 4 10 41 117 "R"
5 -6 10 41 118 "R"
5 3 50 41 119 "A"
5 -6 50 41 120 "A"
5 2 10 41 121 "R"
5 2 10 41 122 "R"
5 -6 50 41 123 "A"
5 -6 10 41 124 "R"
5 -12 10 41 125 "R"
5 -6 50 41 126 "A"
