"rat" "reward" "trou" "session" "round" "choice"
6 -12 50 1 1 "A"
6 2 20 1 2 "R"
6 -6 20 1 3 "R"
6 -12 20 1 4 "R"
6 -6 50 1 5 "A"
6 -6 20 1 6 "R"
6 -15 20 1 7 "R"
6 2 20 1 8 "R"
6 3 50 1 9 "A"
6 2 20 1 10 "R"
6 -12 20 1 11 "R"
6 4 20 1 12 "R"
6 4 20 1 13 "R"
6 2 20 1 14 "R"
6 2 20 1 15 "R"
6 4 20 1 16 "R"
6 -12 20 1 17 "R"
6 -6 20 1 18 "R"
6 12 50 1 19 "A"
6 -12 50 1 20 "A"
6 2 20 1 21 "R"
6 2 20 1 22 "R"
6 -6 20 1 23 "R"
6 4 20 1 24 "R"
6 4 20 1 25 "R"
6 2 20 1 26 "R"
6 -15 20 1 27 "R"
6 -6 20 1 28 "R"
6 -12 50 1 29 "A"
6 -3 40 1 30 "F"
6 -9 10 1 31 "V"
6 1 50 1 32 "A"
6 -12 20 1 33 "R"
6 1 50 1 34 "A"
6 -6 20 1 35 "R"
6 2 20 1 36 "R"
6 -9 40 1 37 "F"
6 -12 20 1 38 "R"
6 1 50 1 39 "A"
6 2 20 1 40 "R"
6 -12 20 1 41 "R"
6 -6 50 1 42 "A"
6 -12 20 1 43 "R"
6 -9 10 1 44 "V"
6 -12 50 1 45 "A"
6 1 50 1 46 "A"
6 4 20 1 47 "R"
6 4 20 1 48 "R"
6 2 20 1 49 "R"
6 2 20 1 50 "R"
6 -12 20 1 51 "R"
6 -3 10 1 52 "V"
6 1 50 1 53 "A"
6 -6 20 1 54 "R"
6 -6 20 1 55 "R"
6 1 50 1 56 "A"
6 -12 50 1 57 "A"
6 2 20 1 58 "R"
6 -12 50 1 59 "A"
6 2 20 1 60 "R"
6 -12 20 1 61 "R"
6 4 10 1 62 "V"
6 4 20 1 63 "R"
6 2 20 1 64 "R"
6 2 20 1 65 "R"
6 2 20 1 66 "R"
6 2 20 1 67 "R"
6 -6 20 1 68 "R"
6 -6 20 1 69 "R"
6 2 20 1 70 "R"
6 -6 20 1 71 "R"
6 2 20 1 72 "R"
6 -12 20 1 73 "R"
6 4 20 1 74 "R"
6 -15 20 1 75 "R"
6 -12 50 1 76 "A"
6 -15 20 1 77 "R"
6 -6 20 1 78 "R"
6 1 50 1 79 "A"
6 2 20 1 80 "R"
6 -12 20 1 81 "R"
6 -6 50 1 82 "A"
6 1 50 1 83 "A"
6 -6 20 1 84 "R"
6 -12 20 1 85 "R"
6 1 50 1 86 "A"
6 -15 50 1 87 "A"
6 1 50 1 88 "A"
6 -6 20 1 89 "R"
6 2 20 1 90 "R"
6 -6 20 1 91 "R"
6 -6 20 1 92 "R"
6 -12 20 1 93 "R"
6 -6 50 1 94 "A"
6 5 20 1 95 "R"
6 -12 20 1 96 "R"
6 -6 20 1 97 "R"
6 2 20 1 98 "R"
6 4 20 1 99 "R"
6 -6 20 1 100 "R"
6 4 20 1 101 "R"
6 1 50 1 102 "A"
6 2 20 1 103 "R"
6 2 20 1 104 "R"
6 5 20 1 105 "R"
6 -6 20 1 106 "R"
6 3 50 1 107 "A"
6 -6 20 1 108 "R"
6 4 20 1 109 "R"
6 -6 20 1 110 "R"
6 -6 20 1 111 "R"
6 -6 20 1 112 "R"
6 12 50 1 113 "A"
6 2 20 1 114 "R"
6 -15 20 1 115 "R"
6 2 20 1 116 "R"
6 4 20 1 117 "R"
6 -6 20 1 118 "R"
6 4 20 1 119 "R"
6 -6 20 1 120 "R"
6 2 20 1 121 "R"
6 2 20 1 122 "R"
6 -6 50 1 123 "A"
6 -6 20 1 124 "R"
6 -12 50 1 125 "A"
6 -6 50 1 126 "A"
6 -15 20 1 127 "R"
6 -3 10 1 128 "V"
6 -6 50 1 129 "A"
6 -3 10 1 130 "V"
6 -12 20 1 131 "R"
6 -6 20 1 132 "R"
6 -12 20 1 133 "R"
6 -6 50 1 134 "A"
6 -6 50 2 1 "A"
6 2 20 2 2 "R"
6 5 20 2 3 "R"
6 -6 20 2 4 "R"
6 -12 20 2 5 "R"
6 -6 50 2 6 "A"
6 -12 20 2 7 "R"
6 -3 40 2 8 "F"
6 5 20 2 9 "R"
6 2 20 2 10 "R"
6 4 20 2 11 "R"
6 2 20 2 12 "R"
6 4 20 2 13 "R"
6 -6 20 2 14 "R"
6 -12 20 2 15 "R"
6 2 20 2 16 "R"
6 -15 20 2 17 "R"
6 2 20 2 18 "R"
6 4 20 2 19 "R"
6 -6 20 2 20 "R"
6 -15 20 2 21 "R"
6 -12 20 2 22 "R"
6 3 50 2 23 "A"
6 -6 20 2 24 "R"
6 5 20 2 25 "R"
6 -12 20 2 26 "R"
6 4 10 2 27 "V"
6 -6 20 2 28 "R"
6 4 20 2 29 "R"
6 2 20 2 30 "R"
6 -12 20 2 31 "R"
6 -3 10 2 32 "V"
6 -12 50 2 33 "A"
6 1 40 2 34 "F"
6 5 20 2 35 "R"
6 4 20 2 36 "R"
6 4 20 2 37 "R"
6 -6 20 2 38 "R"
6 3 50 2 39 "A"
6 2 20 2 40 "R"
6 5 20 2 41 "R"
6 2 20 2 42 "R"
6 2 20 2 43 "R"
6 2 20 2 44 "R"
6 -6 20 2 45 "R"
6 -6 50 2 46 "A"
6 -6 20 2 47 "R"
6 2 20 2 48 "R"
6 -15 20 2 49 "R"
6 1 50 2 50 "A"
6 2 20 2 51 "R"
6 2 20 2 52 "R"
6 4 20 2 53 "R"
6 2 20 2 54 "R"
6 2 20 2 55 "R"
6 -12 20 2 56 "R"
6 1 50 2 57 "A"
6 4 20 2 58 "R"
6 -6 20 2 59 "R"
6 -6 50 2 60 "A"
6 -12 20 2 61 "R"
6 -3 10 2 62 "V"
6 2 20 2 63 "R"
6 -6 20 2 64 "R"
6 3 50 2 65 "A"
6 1 40 2 66 "F"
6 -12 20 2 67 "R"
6 1 50 2 68 "A"
6 -12 20 2 69 "R"
6 1 50 2 70 "A"
6 -6 20 2 71 "R"
6 2 20 2 72 "R"
6 4 20 2 73 "R"
6 -12 20 2 74 "R"
6 -12 20 2 75 "R"
6 -6 50 2 76 "A"
6 -12 20 2 77 "R"
6 -6 20 2 78 "R"
6 -12 50 2 79 "A"
6 -6 20 2 80 "R"
6 -12 20 2 81 "R"
6 -6 50 2 82 "A"
6 4 10 2 83 "V"
6 -6 20 2 84 "R"
6 -6 20 2 85 "R"
6 -12 50 2 86 "A"
6 -3 40 2 87 "F"
6 -6 50 2 88 "A"
6 -36 10 2 89 "V"
6 2 20 2 90 "R"
6 -15 20 2 91 "R"
6 2 20 2 92 "R"
6 -6 20 2 93 "R"
6 3 50 2 94 "A"
6 -9 40 2 95 "F"
6 2 20 2 96 "R"
6 4 20 2 97 "R"
6 -6 20 2 98 "R"
6 -6 50 2 99 "A"
6 -6 20 2 100 "R"
6 1 50 2 101 "A"
6 2 20 2 102 "R"
6 -12 20 2 103 "R"
6 4 20 2 104 "R"
6 5 20 2 105 "R"
6 2 20 2 106 "R"
6 -15 20 2 107 "R"
6 1 50 2 108 "A"
6 4 20 2 109 "R"
6 2 20 2 110 "R"
6 -6 20 2 111 "R"
6 2 20 2 112 "R"
6 4 20 2 113 "R"
6 -12 20 2 114 "R"
6 -3 40 2 115 "F"
6 -6 50 2 116 "A"
6 -12 20 2 117 "R"
6 2 10 2 118 "V"
6 2 20 2 119 "R"
6 -6 20 2 120 "R"
6 -3 10 2 121 "V"
6 2 10 2 122 "V"
6 -15 20 2 123 "R"
6 2 20 2 124 "R"
6 -15 20 2 125 "R"
6 4 20 2 126 "R"
6 -15 20 2 127 "R"
6 1 50 2 128 "A"
6 -6 20 2 129 "R"
6 1 50 2 130 "A"
6 -12 50 2 131 "A"
6 2 20 2 132 "R"
6 -12 20 2 133 "R"
6 2 20 2 134 "R"
6 4 20 2 135 "R"
6 2 20 3 1 "R"
6 -6 20 3 2 "R"
6 4 20 3 3 "R"
6 4 20 3 4 "R"
6 5 20 3 5 "R"
6 -6 20 3 6 "R"
6 4 20 3 7 "R"
6 -6 20 3 8 "R"
6 3 50 3 9 "A"
6 2 20 3 10 "R"
6 -9 40 3 11 "F"
6 2 20 3 12 "R"
6 4 20 3 13 "R"
6 -6 20 3 14 "R"
6 -6 50 3 15 "A"
6 -6 20 3 16 "R"
6 -12 50 3 17 "A"
6 -6 20 3 18 "R"
6 -6 20 3 19 "R"
6 3 50 3 20 "A"
6 -15 20 3 21 "R"
6 -6 20 3 22 "R"
6 -6 50 3 23 "A"
6 5 10 3 24 "V"
6 4 20 3 25 "R"
6 2 20 3 26 "R"
6 4 20 3 27 "R"
6 -6 20 3 28 "R"
6 2 20 3 29 "R"
6 2 20 3 30 "R"
6 -12 20 3 31 "R"
6 -3 10 3 32 "V"
6 4 20 3 33 "R"
6 -12 20 3 34 "R"
6 2 20 3 35 "R"
6 2 20 3 36 "R"
6 -12 20 3 37 "R"
6 -6 50 3 38 "A"
6 -12 20 3 39 "R"
6 1 50 3 40 "A"
6 -12 20 3 41 "R"
6 -3 40 3 42 "F"
6 -12 20 3 43 "R"
6 2 10 3 44 "V"
6 2 20 3 45 "R"
6 -6 20 3 46 "R"
6 -15 20 3 47 "R"
6 1 40 3 48 "F"
6 1 40 3 49 "F"
6 -6 20 3 50 "R"
6 -6 20 3 51 "R"
6 -12 50 3 52 "A"
6 4 20 3 53 "R"
6 -6 20 3 54 "R"
6 -9 10 3 55 "V"
6 -12 50 3 56 "A"
6 -12 20 3 57 "R"
6 2 20 3 58 "R"
6 -6 20 3 59 "R"
6 2 20 3 60 "R"
6 -6 20 3 61 "R"
6 -6 20 3 62 "R"
6 4 20 3 63 "R"
6 -6 20 3 64 "R"
6 3 40 3 65 "F"
6 1 40 3 66 "F"
6 -3 40 3 67 "F"
6 4 20 3 68 "R"
6 -12 20 3 69 "R"
6 2 20 3 70 "R"
6 4 20 3 71 "R"
6 -6 20 3 72 "R"
6 4 10 3 73 "V"
6 2 20 3 74 "R"
6 4 20 3 75 "R"
6 -12 20 3 76 "R"
6 -12 50 3 77 "A"
6 2 20 3 78 "R"
6 2 20 3 79 "R"
6 2 20 3 80 "R"
6 -12 20 3 81 "R"
6 -6 20 3 82 "R"
6 -12 20 3 83 "R"
6 -3 10 3 84 "V"
6 -12 20 3 85 "R"
6 -12 50 3 86 "A"
6 -6 20 3 87 "R"
6 4 20 3 88 "R"
6 5 20 3 89 "R"
6 2 20 3 90 "R"
6 2 20 3 91 "R"
6 -6 20 3 92 "R"
6 -12 50 3 93 "A"
6 2 10 3 94 "V"
6 2 20 3 95 "R"
6 -6 20 3 96 "R"
6 4 20 3 97 "R"
6 2 20 3 98 "R"
6 4 20 3 99 "R"
6 2 20 3 100 "R"
6 -15 20 3 101 "R"
6 2 20 3 102 "R"
6 4 20 3 103 "R"
6 -6 20 3 104 "R"
6 4 20 3 105 "R"
6 -6 20 3 106 "R"
6 -12 20 3 107 "R"
6 2 10 3 108 "V"
6 4 20 3 109 "R"
6 2 20 3 110 "R"
6 -6 20 3 111 "R"
6 -12 20 3 112 "R"
6 -6 50 3 113 "A"
6 -6 20 3 114 "R"
6 4 20 3 115 "R"
6 2 20 3 116 "R"
6 4 20 3 117 "R"
6 4 20 3 118 "R"
6 -12 20 3 119 "R"
6 1 50 3 120 "A"
6 4 20 3 121 "R"
6 -6 20 3 122 "R"
6 -12 20 3 123 "R"
6 -6 20 3 124 "R"
6 -15 50 3 125 "A"
6 -3 10 3 126 "V"
6 -6 20 3 127 "R"
6 -6 20 3 128 "R"
6 -3 10 3 129 "V"
6 1 50 3 130 "A"
6 4 20 3 131 "R"
6 -6 20 3 132 "R"
6 -6 50 3 133 "A"
6 -36 40 3 134 "F"
6 -12 20 4 1 "R"
6 1 50 4 2 "A"
6 -12 50 4 3 "A"
6 -6 20 4 4 "R"
6 -12 50 4 5 "A"
6 -6 20 4 6 "R"
6 -12 20 4 7 "R"
6 -6 20 4 8 "R"
6 -15 20 4 9 "R"
6 -6 50 4 10 "A"
6 2 20 4 11 "R"
6 2 20 4 12 "R"
6 4 20 4 13 "R"
6 -6 20 4 14 "R"
6 3 50 4 15 "A"
6 2 20 4 16 "R"
6 4 20 4 17 "R"
6 2 20 4 18 "R"
6 -15 20 4 19 "R"
6 -6 50 4 20 "A"
6 -12 20 4 21 "R"
6 -6 50 4 22 "A"
6 2 20 4 23 "R"
6 2 20 4 24 "R"
6 4 20 4 25 "R"
6 -12 20 4 26 "R"
6 -12 20 4 27 "R"
6 -6 20 4 28 "R"
6 3 50 4 29 "A"
6 -6 20 4 30 "R"
6 -12 50 4 31 "A"
6 -36 10 4 32 "V"
6 5 20 4 33 "R"
6 -6 20 4 34 "R"
6 1 50 4 35 "A"
6 -6 20 4 36 "R"
6 2 20 4 37 "R"
6 4 20 4 38 "R"
6 2 20 4 39 "R"
6 2 10 4 40 "V"
6 -6 20 4 41 "R"
6 -6 50 4 42 "A"
6 -6 20 4 43 "R"
6 2 20 4 44 "R"
6 -6 20 4 45 "R"
6 -6 20 4 46 "R"
6 -12 50 4 47 "A"
6 -12 20 4 48 "R"
6 -6 20 4 49 "R"
6 -6 50 4 50 "A"
6 4 20 4 51 "R"
6 2 20 4 52 "R"
6 5 20 4 53 "R"
6 -3 10 4 54 "V"
6 -9 40 4 55 "F"
6 2 20 4 56 "R"
6 -12 20 4 57 "R"
6 2 10 4 58 "V"
6 -6 20 4 59 "R"
6 80 50 4 60 "A"
6 -12 20 4 61 "R"
6 2 20 4 62 "R"
6 4 20 4 63 "R"
6 -6 20 4 64 "R"
6 3 50 4 65 "A"
6 2 20 4 66 "R"
6 -12 20 4 67 "R"
6 2 20 4 68 "R"
6 4 20 4 69 "R"
6 -6 20 4 70 "R"
6 1 50 4 71 "A"
6 -6 20 4 72 "R"
6 -12 20 4 73 "R"
6 -6 50 4 74 "A"
6 -15 20 4 75 "R"
6 2 20 4 76 "R"
6 -12 20 4 77 "R"
6 2 20 4 78 "R"
6 -12 20 4 79 "R"
6 1 50 4 80 "A"
6 -12 20 4 81 "R"
6 -6 20 4 82 "R"
6 4 20 4 83 "R"
6 2 20 4 84 "R"
6 4 20 4 85 "R"
6 -6 20 4 86 "R"
6 -12 20 4 87 "R"
6 1 50 4 88 "A"
6 -6 20 4 89 "R"
6 -6 20 4 90 "R"
6 -12 20 4 91 "R"
6 -6 20 4 92 "R"
6 5 20 4 93 "R"
6 2 20 4 94 "R"
6 -12 20 4 95 "R"
6 -3 10 4 96 "V"
6 12 50 4 97 "A"
6 -6 20 4 98 "R"
6 -6 20 4 99 "R"
6 -6 20 4 100 "R"
6 -15 20 4 101 "R"
6 -6 50 4 102 "A"
6 -12 20 4 103 "R"
6 3 50 4 104 "A"
6 2 20 4 105 "R"
6 4 20 4 106 "R"
6 2 20 4 107 "R"
6 -6 20 4 108 "R"
6 2 20 4 109 "R"
6 -6 20 4 110 "R"
6 -12 20 4 111 "R"
6 -6 20 4 112 "R"
6 4 20 4 113 "R"
6 -12 20 4 114 "R"
6 -6 20 4 115 "R"
6 2 10 4 116 "V"
6 2 20 4 117 "R"
6 2 20 4 118 "R"
6 -6 20 4 119 "R"
6 -6 20 4 120 "R"
6 -12 20 4 121 "R"
6 -12 50 4 122 "A"
6 5 20 4 123 "R"
6 2 20 4 124 "R"
6 -15 20 4 125 "R"
6 2 20 5 1 "R"
6 -6 20 5 2 "R"
6 -12 20 5 3 "R"
6 4 20 5 4 "R"
6 -6 20 5 5 "R"
6 2 20 5 6 "R"
6 -12 20 5 7 "R"
6 2 20 5 8 "R"
6 -12 20 5 9 "R"
6 2 20 5 10 "R"
6 -15 20 5 11 "R"
6 -6 20 5 12 "R"
6 -12 20 5 13 "R"
6 4 20 5 14 "R"
6 -6 20 5 15 "R"
6 2 20 5 16 "R"
6 4 20 5 17 "R"
6 2 20 5 18 "R"
6 4 20 5 19 "R"
6 -12 20 5 20 "R"
6 -12 20 5 21 "R"
6 2 20 5 22 "R"
6 -12 20 5 23 "R"
6 -12 50 5 24 "A"
6 4 20 5 25 "R"
6 2 20 5 26 "R"
6 -6 20 5 27 "R"
6 -6 20 5 28 "R"
6 -12 20 5 29 "R"
6 -6 20 5 30 "R"
6 -6 20 5 31 "R"
6 -6 50 5 32 "A"
6 -6 20 5 33 "R"
6 4 20 5 34 "R"
6 -6 20 5 35 "R"
6 -6 20 5 36 "R"
6 -12 20 5 37 "R"
6 3 50 5 38 "A"
6 5 20 5 39 "R"
6 -6 20 5 40 "R"
6 -6 20 5 41 "R"
6 1 40 5 42 "F"
6 -12 20 5 43 "R"
6 -6 20 5 44 "R"
6 4 20 5 45 "R"
6 -6 20 5 46 "R"
6 2 20 5 47 "R"
6 -6 20 5 48 "R"
6 -12 20 5 49 "R"
6 2 20 5 50 "R"
6 -12 20 5 51 "R"
6 -6 20 5 52 "R"
6 2 20 5 53 "R"
6 -6 20 5 54 "R"
6 4 20 5 55 "R"
6 2 20 5 56 "R"
6 4 20 5 57 "R"
6 2 20 5 58 "R"
6 4 20 5 59 "R"
6 -6 20 5 60 "R"
6 -15 20 5 61 "R"
6 2 20 5 62 "R"
6 -6 20 5 63 "R"
6 1 50 5 64 "A"
6 -12 20 5 65 "R"
6 -6 20 5 66 "R"
6 -15 20 5 67 "R"
6 -3 40 5 68 "F"
6 2 20 5 69 "R"
6 -6 20 5 70 "R"
6 4 20 5 71 "R"
6 4 20 5 72 "R"
6 -15 20 5 73 "R"
6 -3 10 5 74 "V"
6 2 20 5 75 "R"
6 -12 20 5 76 "R"
6 -6 20 5 77 "R"
6 -6 20 5 78 "R"
6 -6 20 5 79 "R"
6 1 50 5 80 "A"
6 4 20 5 81 "R"
6 -6 20 5 82 "R"
6 4 20 5 83 "R"
6 -6 20 5 84 "R"
6 -15 20 5 85 "R"
6 -6 50 5 86 "A"
6 -6 20 5 87 "R"
6 -6 20 5 88 "R"
6 -12 20 5 89 "R"
6 2 20 5 90 "R"
6 5 20 5 91 "R"
6 2 20 5 92 "R"
6 -12 20 5 93 "R"
6 -12 20 5 94 "R"
6 2 20 5 95 "R"
6 -12 20 5 96 "R"
6 4 20 5 97 "R"
6 2 20 5 98 "R"
6 -15 20 5 99 "R"
6 -3 10 5 100 "V"
6 2 20 5 101 "R"
6 -6 20 5 102 "R"
6 -15 20 5 103 "R"
6 2 20 5 104 "R"
6 -12 20 5 105 "R"
6 2 20 5 106 "R"
6 4 20 5 107 "R"
6 -6 20 5 108 "R"
6 -6 20 5 109 "R"
6 -6 20 5 110 "R"
6 1 40 5 111 "F"
6 -6 20 5 112 "R"
6 -15 20 5 113 "R"
6 1 50 5 114 "A"
6 -12 20 5 115 "R"
6 -9 10 5 116 "V"
6 -15 50 5 117 "A"
6 -12 20 5 118 "R"
6 -12 20 5 119 "R"
6 2 20 5 120 "R"
6 -12 20 5 121 "R"
6 -6 20 5 122 "R"
6 -12 20 5 123 "R"
6 -6 50 5 124 "A"
6 -12 20 5 125 "R"
6 2 20 5 126 "R"
6 2 20 5 127 "R"
6 2 20 5 128 "R"
6 -12 20 5 129 "R"
6 2 20 5 130 "R"
6 4 20 5 131 "R"
6 2 20 5 132 "R"
6 -12 20 5 133 "R"
6 2 20 5 134 "R"
6 4 20 5 135 "R"
6 3 40 6 1 "F"
6 -6 20 6 2 "R"
6 -9 10 6 3 "V"
6 -12 20 6 4 "R"
6 3 50 6 5 "A"
6 2 20 6 6 "R"
6 4 20 6 7 "R"
6 -6 20 6 8 "R"
6 4 10 6 9 "V"
6 2 20 6 10 "R"
6 -12 20 6 11 "R"
6 2 20 6 12 "R"
6 4 20 6 13 "R"
6 -6 20 6 14 "R"
6 -15 20 6 15 "R"
6 2 20 6 16 "R"
6 -6 20 6 17 "R"
6 -12 20 6 18 "R"
6 -12 20 6 19 "R"
6 -6 20 6 20 "R"
6 1 50 6 21 "A"
6 2 20 6 22 "R"
6 5 20 6 23 "R"
6 2 20 6 24 "R"
6 2 20 6 25 "R"
6 2 20 6 26 "R"
6 2 20 6 27 "R"
6 -6 20 6 28 "R"
6 2 10 6 29 "V"
6 -12 20 6 30 "R"
6 4 20 6 31 "R"
6 -6 20 6 32 "R"
6 -12 20 6 33 "R"
6 2 20 6 34 "R"
6 -15 20 6 35 "R"
6 -6 20 6 36 "R"
6 3 50 6 37 "A"
6 -6 20 6 38 "R"
6 -12 20 6 39 "R"
6 -6 20 6 40 "R"
6 -6 20 6 41 "R"
6 2 20 6 42 "R"
6 4 20 6 43 "R"
6 -6 20 6 44 "R"
6 -15 20 6 45 "R"
6 2 20 6 46 "R"
6 -15 20 6 47 "R"
6 -6 20 6 48 "R"
6 -12 20 6 49 "R"
6 -3 40 6 50 "F"
6 -12 20 6 51 "R"
6 2 20 6 52 "R"
6 4 20 6 53 "R"
6 4 20 6 54 "R"
6 -6 20 6 55 "R"
6 -6 20 6 56 "R"
6 -12 50 6 57 "A"
6 2 10 6 58 "V"
6 4 20 6 59 "R"
6 2 20 6 60 "R"
6 -6 20 6 61 "R"
6 2 20 6 62 "R"
6 4 20 6 63 "R"
6 -15 20 6 64 "R"
6 -12 20 6 65 "R"
6 -6 20 6 66 "R"
6 -6 50 6 67 "A"
6 -6 20 6 68 "R"
6 -6 20 6 69 "R"
6 -3 40 6 70 "F"
6 -15 20 6 71 "R"
6 -6 20 6 72 "R"
6 -12 20 6 73 "R"
6 -6 20 6 74 "R"
6 -12 20 6 75 "R"
6 -6 20 6 76 "R"
6 -12 50 6 77 "A"
6 -6 20 6 78 "R"
6 12 50 6 79 "A"
6 -12 20 6 80 "R"
6 4 20 6 81 "R"
6 4 20 6 82 "R"
6 -6 20 6 83 "R"
6 2 20 6 84 "R"
6 -6 20 6 85 "R"
6 2 20 6 86 "R"
6 -12 20 6 87 "R"
6 2 20 6 88 "R"
6 -12 20 6 89 "R"
6 1 50 6 90 "A"
6 -12 50 6 91 "A"
6 2 20 6 92 "R"
6 4 20 6 93 "R"
6 2 20 6 94 "R"
6 -6 20 6 95 "R"
6 -12 20 6 96 "R"
6 1 50 6 97 "A"
6 2 20 6 98 "R"
6 2 20 6 99 "R"
6 -6 20 6 100 "R"
6 2 20 6 101 "R"
6 4 20 6 102 "R"
6 4 20 6 103 "R"
6 -6 20 6 104 "R"
6 2 20 6 105 "R"
6 -6 20 6 106 "R"
6 4 20 6 107 "R"
6 -6 20 6 108 "R"
6 2 20 6 109 "R"
6 -6 20 6 110 "R"
6 -12 20 6 111 "R"
6 4 20 6 112 "R"
6 4 20 6 113 "R"
6 2 20 6 114 "R"
6 2 20 6 115 "R"
6 -6 20 6 116 "R"
6 2 20 6 117 "R"
6 2 20 6 118 "R"
6 -12 20 6 119 "R"
6 1 50 6 120 "A"
6 5 20 6 121 "R"
6 2 20 6 122 "R"
6 -6 20 6 123 "R"
6 2 20 6 124 "R"
6 2 20 6 125 "R"
6 2 20 6 126 "R"
6 -12 20 6 127 "R"
6 2 20 6 128 "R"
6 -12 20 6 129 "R"
6 1 50 6 130 "A"
6 -12 50 6 131 "A"
6 -6 20 6 132 "R"
6 4 20 6 133 "R"
6 -6 20 6 134 "R"
6 4 20 6 135 "R"
6 -6 20 7 1 "R"
6 2 20 7 2 "R"
6 2 20 7 3 "R"
6 -6 20 7 4 "R"
6 -12 20 7 5 "R"
6 2 20 7 6 "R"
6 -12 20 7 7 "R"
6 -6 20 7 8 "R"
6 -12 20 7 9 "R"
6 4 20 7 10 "R"
6 -6 20 7 11 "R"
6 2 20 7 12 "R"
6 -12 20 7 13 "R"
6 -6 50 7 14 "A"
6 4 20 7 15 "R"
6 2 20 7 16 "R"
6 2 20 7 17 "R"
6 2 20 7 18 "R"
6 -12 20 7 19 "R"
6 -6 20 7 20 "R"
6 1 50 7 21 "A"
6 2 20 7 22 "R"
6 4 20 7 23 "R"
6 -12 20 7 24 "R"
6 3 40 7 25 "F"
6 2 20 7 26 "R"
6 5 20 7 27 "R"
6 -6 20 7 28 "R"
6 4 20 7 29 "R"
6 -6 20 7 30 "R"
6 -15 50 7 31 "A"
6 -6 20 7 32 "R"
6 -12 50 7 33 "A"
6 1 50 7 34 "A"
6 -12 50 7 35 "A"
6 -6 50 7 36 "A"
6 -12 20 7 37 "R"
6 -6 20 7 38 "R"
6 -6 20 7 39 "R"
6 2 20 7 40 "R"
6 -6 20 7 41 "R"
6 1 50 7 42 "A"
6 -15 20 7 43 "R"
6 3 50 7 44 "A"
6 -6 20 7 45 "R"
6 -12 20 7 46 "R"
6 1 50 7 47 "A"
6 2 20 7 48 "R"
6 -6 20 7 49 "R"
6 2 20 7 50 "R"
6 -12 20 7 51 "R"
6 2 20 7 52 "R"
6 2 20 7 53 "R"
6 2 20 7 54 "R"
6 2 20 7 55 "R"
6 2 20 7 56 "R"
6 2 20 7 57 "R"
6 4 20 7 58 "R"
6 -12 20 7 59 "R"
6 2 20 7 60 "R"
6 -12 20 7 61 "R"
6 4 20 7 62 "R"
6 -12 20 7 63 "R"
6 -6 20 7 64 "R"
6 2 20 7 65 "R"
6 2 20 7 66 "R"
6 -6 20 7 67 "R"
6 -6 50 7 68 "A"
6 -6 20 7 69 "R"
6 2 20 7 70 "R"
6 5 20 7 71 "R"
6 4 20 7 72 "R"
6 -12 20 7 73 "R"
6 -3 10 7 74 "V"
6 5 20 7 75 "R"
6 -6 20 7 76 "R"
6 -6 20 7 77 "R"
6 -6 20 7 78 "R"
6 2 20 7 79 "R"
6 2 20 7 80 "R"
6 -6 20 7 81 "R"
6 -12 20 7 82 "R"
6 3 50 7 83 "A"
6 2 20 7 84 "R"
6 -6 20 7 85 "R"
6 -6 50 7 86 "A"
6 -15 20 7 87 "R"
6 -6 20 7 88 "R"
6 -12 20 7 89 "R"
6 -6 20 7 90 "R"
6 -12 20 7 91 "R"
6 1 50 7 92 "A"
6 2 20 7 93 "R"
6 -12 20 7 94 "R"
6 -12 20 7 95 "R"
6 2 10 7 96 "V"
6 -12 20 7 97 "R"
6 2 20 7 98 "R"
6 4 20 7 99 "R"
6 2 20 7 100 "R"
6 5 20 7 101 "R"
6 2 20 7 102 "R"
6 2 20 7 103 "R"
6 -6 20 7 104 "R"
6 1 50 7 105 "A"
6 -6 20 7 106 "R"
6 -3 10 7 107 "V"
6 -6 50 7 108 "A"
6 4 20 7 109 "R"
6 -12 20 7 110 "R"
6 5 20 7 111 "R"
6 -12 20 7 112 "R"
6 4 20 7 113 "R"
6 -15 20 7 114 "R"
6 4 20 7 115 "R"
6 2 20 7 116 "R"
6 -6 20 7 117 "R"
6 3 50 7 118 "A"
6 -15 20 7 119 "R"
6 2 20 7 120 "R"
6 5 20 7 121 "R"
6 2 20 7 122 "R"
6 -6 20 7 123 "R"
6 2 20 7 124 "R"
6 -12 20 7 125 "R"
6 -6 20 7 126 "R"
6 2 10 7 127 "V"
6 -6 20 7 128 "R"
6 -6 20 7 129 "R"
6 -6 20 7 130 "R"
6 4 20 7 131 "R"
6 4 20 7 132 "R"
6 -12 20 7 133 "R"
6 -9 10 7 134 "V"
6 2 20 7 135 "R"
6 -6 20 7 136 "R"
6 2 20 7 137 "R"
6 2 20 7 138 "R"
6 2 20 7 139 "R"
6 -6 20 7 140 "R"
6 4 20 7 141 "R"
6 4 20 7 142 "R"
6 2 20 7 143 "R"
6 -6 20 7 144 "R"
6 -6 50 8 1 "A"
6 2 20 8 2 "R"
6 2 20 8 3 "R"
6 -6 20 8 4 "R"
6 -12 20 8 5 "R"
6 2 20 8 6 "R"
6 -12 20 8 7 "R"
6 -3 10 8 8 "V"
6 -12 50 8 9 "A"
6 4 20 8 10 "R"
6 -6 20 8 11 "R"
6 1 50 8 12 "A"
6 -12 20 8 13 "R"
6 -6 20 8 14 "R"
6 3 50 8 15 "A"
6 2 20 8 16 "R"
6 2 20 8 17 "R"
6 2 20 8 18 "R"
6 -12 20 8 19 "R"
6 -6 20 8 20 "R"
6 1 40 8 21 "F"
6 2 20 8 22 "R"
6 4 20 8 23 "R"
6 -12 20 8 24 "R"
6 3 50 8 25 "A"
6 2 20 8 26 "R"
6 5 20 8 27 "R"
6 -6 20 8 28 "R"
6 3 50 8 29 "A"
6 -6 20 8 30 "R"
6 -15 50 8 31 "A"
6 -3 10 8 32 "V"
6 -12 20 8 33 "R"
6 2 20 8 34 "R"
6 -12 20 8 35 "R"
6 -6 20 8 36 "R"
6 -12 20 8 37 "R"
6 -6 20 8 38 "R"
6 -6 50 8 39 "A"
6 2 20 8 40 "R"
6 -6 20 8 41 "R"
6 2 20 8 42 "R"
6 -15 20 8 43 "R"
6 4 10 8 44 "V"
6 -6 20 8 45 "R"
6 -12 20 8 46 "R"
6 2 20 8 47 "R"
6 2 20 8 48 "R"
6 -6 20 8 49 "R"
6 2 20 8 50 "R"
6 -12 20 8 51 "R"
6 2 20 8 52 "R"
6 2 20 8 53 "R"
6 2 20 8 54 "R"
6 2 20 8 55 "R"
6 2 20 8 56 "R"
6 2 20 8 57 "R"
6 4 20 8 58 "R"
6 -12 20 8 59 "R"
6 -240 10 8 60 "V"
6 -12 20 8 61 "R"
6 3 50 8 62 "A"
6 -12 20 8 63 "R"
6 -3 10 8 64 "V"
6 1 50 8 65 "A"
6 2 20 8 66 "R"
6 -6 20 8 67 "R"
6 -6 20 8 68 "R"
6 -6 20 8 69 "R"
6 1 40 8 70 "F"
6 5 20 8 71 "R"
6 4 20 8 72 "R"
6 -12 20 8 73 "R"
6 -6 20 8 74 "R"
6 5 20 8 75 "R"
6 -6 20 8 76 "R"
6 -6 50 8 77 "A"
6 -3 40 8 78 "F"
6 1 50 8 79 "A"
6 2 20 8 80 "R"
6 -6 20 8 81 "R"
6 -12 50 8 82 "A"
6 4 10 8 83 "V"
6 2 20 8 84 "R"
6 -6 20 8 85 "R"
6 -6 50 8 86 "A"
6 -36 10 8 87 "V"
6 -6 20 8 88 "R"
6 -9 10 8 89 "V"
6 -6 50 8 90 "A"
6 -12 50 8 91 "A"
6 1 50 8 92 "A"
6 2 20 8 93 "R"
6 -12 20 8 94 "R"
6 -12 20 8 95 "R"
6 2 20 8 96 "R"
6 -12 20 8 97 "R"
6 1 40 8 98 "F"
6 4 20 8 99 "R"
6 2 20 8 100 "R"
6 5 20 8 101 "R"
6 2 20 8 102 "R"
6 2 20 8 103 "R"
6 -6 20 8 104 "R"
6 2 20 8 105 "R"
6 -6 20 8 106 "R"
6 -6 50 8 107 "A"
6 -6 20 8 108 "R"
6 4 20 8 109 "R"
6 -12 20 8 110 "R"
6 5 20 8 111 "R"
6 -12 20 8 112 "R"
6 3 50 8 113 "A"
6 -15 20 8 114 "R"
6 4 10 8 115 "V"
6 2 20 8 116 "R"
6 -6 20 8 117 "R"
6 3 50 8 118 "A"
6 2 20 9 1 "R"
6 -6 20 9 2 "R"
6 -12 50 9 3 "A"
6 3 50 9 4 "A"
6 -6 20 9 5 "R"
6 1 50 9 6 "A"
6 -12 20 9 7 "R"
6 2 20 9 8 "R"
6 -12 20 9 9 "R"
6 2 20 9 10 "R"
6 -15 20 9 11 "R"
6 -6 20 9 12 "R"
6 -12 50 9 13 "A"
6 4 20 9 14 "R"
6 -6 20 9 15 "R"
6 2 20 9 16 "R"
6 4 20 9 17 "R"
6 2 20 9 18 "R"
6 4 20 9 19 "R"
6 -12 20 9 20 "R"
6 -12 20 9 21 "R"
6 2 20 9 22 "R"
6 -12 20 9 23 "R"
6 -12 20 9 24 "R"
6 3 50 9 25 "A"
6 2 20 9 26 "R"
6 -6 20 9 27 "R"
6 -6 20 9 28 "R"
6 -12 20 9 29 "R"
6 -6 50 9 30 "A"
6 -6 20 9 31 "R"
6 -3 10 9 32 "V"
6 -6 50 9 33 "A"
6 4 20 9 34 "R"
6 -6 20 9 35 "R"
6 -6 20 9 36 "R"
6 -12 20 9 37 "R"
6 3 50 9 38 "A"
6 5 20 9 39 "R"
6 -6 20 9 40 "R"
6 -6 50 9 41 "A"
6 2 10 9 42 "V"
6 -12 20 9 43 "R"
6 -6 20 9 44 "R"
6 4 20 9 45 "R"
6 -6 20 9 46 "R"
6 2 20 9 47 "R"
6 -6 20 9 48 "R"
6 -12 50 9 49 "A"
6 2 20 9 50 "R"
6 -12 20 9 51 "R"
6 -6 20 9 52 "R"
6 2 20 9 53 "R"
6 -6 20 9 54 "R"
6 4 20 9 55 "R"
6 2 20 9 56 "R"
6 4 20 9 57 "R"
6 2 20 9 58 "R"
6 4 20 9 59 "R"
6 -6 20 9 60 "R"
6 -15 20 9 61 "R"
6 2 20 9 62 "R"
6 -6 20 9 63 "R"
6 1 40 9 64 "F"
6 -12 20 9 65 "R"
6 -3 10 9 66 "V"
6 -15 20 9 67 "R"
6 -6 20 9 68 "R"
6 2 10 9 69 "V"
6 -6 20 9 70 "R"
6 4 20 9 71 "R"
6 4 20 9 72 "R"
6 -15 20 9 73 "R"
6 -3 10 9 74 "V"
6 2 20 9 75 "R"
6 -12 20 9 76 "R"
6 -3 10 9 77 "V"
6 -6 50 9 78 "A"
6 -3 10 9 79 "V"
6 2 10 9 80 "V"
6 4 20 9 81 "R"
6 -6 20 9 82 "R"
6 4 20 9 83 "R"
6 -6 20 9 84 "R"
6 -15 20 9 85 "R"
6 -6 20 9 86 "R"
6 -6 20 9 87 "R"
6 -6 20 9 88 "R"
6 -12 20 9 89 "R"
6 2 20 9 90 "R"
6 5 20 9 91 "R"
6 2 20 9 92 "R"
6 -12 20 9 93 "R"
6 -12 20 9 94 "R"
6 2 20 9 95 "R"
6 -12 20 9 96 "R"
6 4 20 9 97 "R"
6 2 20 9 98 "R"
6 -15 20 9 99 "R"
6 -6 20 9 100 "R"
6 2 20 9 101 "R"
6 -6 20 9 102 "R"
6 -15 20 9 103 "R"
6 1 50 9 104 "A"
6 -12 20 9 105 "R"
6 2 20 9 106 "R"
6 4 20 9 107 "R"
6 -6 20 9 108 "R"
6 -6 20 9 109 "R"
6 -6 20 9 110 "R"
6 2 20 9 111 "R"
6 -6 20 9 112 "R"
6 -15 50 9 113 "A"
6 1 50 9 114 "A"
6 -12 20 9 115 "R"
6 -12 50 9 116 "A"
6 -15 20 9 117 "R"
6 -12 20 9 118 "R"
6 -12 20 9 119 "R"
6 1 50 9 120 "A"
6 -12 20 9 121 "R"
6 -6 50 9 122 "A"
6 -12 20 9 123 "R"
6 -6 20 9 124 "R"
6 -12 20 9 125 "R"
6 2 10 9 126 "V"
6 2 20 9 127 "R"
6 2 20 9 128 "R"
6 -12 20 9 129 "R"
6 2 20 9 130 "R"
6 4 20 9 131 "R"
6 2 20 9 132 "R"
6 -12 20 9 133 "R"
6 4 20 10 1 "R"
6 -6 20 10 2 "R"
6 -12 20 10 3 "R"
6 -12 20 10 4 "R"
6 3 50 10 5 "A"
6 2 20 10 6 "R"
6 4 20 10 7 "R"
6 -6 20 10 8 "R"
6 4 20 10 9 "R"
6 2 20 10 10 "R"
6 -12 20 10 11 "R"
6 1 50 10 12 "A"
6 4 20 10 13 "R"
6 -6 20 10 14 "R"
6 -15 20 10 15 "R"
6 1 50 10 16 "A"
6 -6 20 10 17 "R"
6 -12 20 10 18 "R"
6 -12 20 10 19 "R"
6 -3 10 10 20 "V"
6 2 20 10 21 "R"
6 2 20 10 22 "R"
6 5 20 10 23 "R"
6 2 20 10 24 "R"
6 2 20 10 25 "R"
6 2 20 10 26 "R"
6 2 20 10 27 "R"
6 -6 20 10 28 "R"
6 1 50 10 29 "A"
6 -12 20 10 30 "R"
6 4 20 10 31 "R"
6 -6 20 10 32 "R"
6 -12 50 10 33 "A"
6 2 20 10 34 "R"
6 -15 20 10 35 "R"
6 -6 20 10 36 "R"
6 3 50 10 37 "A"
6 -6 20 10 38 "R"
6 -12 20 10 39 "R"
6 -3 40 10 40 "F"
6 -6 20 10 41 "R"
6 2 20 10 42 "R"
6 4 20 10 43 "R"
6 -6 20 10 44 "R"
6 -15 20 10 45 "R"
6 2 20 10 46 "R"
6 -15 20 10 47 "R"
6 -6 50 10 48 "A"
6 -12 20 10 49 "R"
6 -6 20 10 50 "R"
6 -12 50 10 51 "A"
6 1 50 10 52 "A"
6 4 20 10 53 "R"
6 4 20 10 54 "R"
6 -6 20 10 55 "R"
6 -6 20 10 56 "R"
6 -12 20 10 57 "R"
6 2 10 10 58 "V"
6 4 20 10 59 "R"
6 2 20 10 60 "R"
6 -6 20 10 61 "R"
6 1 50 10 62 "A"
6 3 40 10 63 "F"
6 -15 20 10 64 "R"
6 -12 20 10 65 "R"
6 -6 20 10 66 "R"
6 -6 20 10 67 "R"
6 -6 20 10 68 "R"
6 -6 50 10 69 "A"
6 -6 20 10 70 "R"
6 -36 10 10 71 "V"
6 -6 20 10 72 "R"
6 -12 50 10 73 "A"
6 -6 50 10 74 "A"
6 -9 40 10 75 "F"
6 -3 10 10 76 "V"
6 -12 20 10 77 "R"
6 -3 10 10 78 "V"
6 5 20 10 79 "R"
6 -12 20 10 80 "R"
6 4 20 10 81 "R"
6 4 20 10 82 "R"
6 -6 20 10 83 "R"
6 1 50 10 84 "A"
6 -6 20 10 85 "R"
6 2 20 10 86 "R"
6 -12 20 10 87 "R"
6 1 50 10 88 "A"
6 -12 20 10 89 "R"
6 2 20 10 90 "R"
6 -12 20 10 91 "R"
6 2 20 10 92 "R"
6 4 20 10 93 "R"
6 2 20 10 94 "R"
6 -6 20 10 95 "R"
6 -12 20 10 96 "R"
6 1 50 10 97 "A"
6 2 20 10 98 "R"
6 2 20 10 99 "R"
6 -6 20 10 100 "R"
6 1 50 10 101 "A"
6 4 20 10 102 "R"
6 4 20 10 103 "R"
6 -6 20 10 104 "R"
6 2 20 10 105 "R"
6 -6 20 10 106 "R"
6 3 50 10 107 "A"
6 -6 20 10 108 "R"
6 1 50 10 109 "A"
6 -6 20 10 110 "R"
6 -12 20 10 111 "R"
6 4 20 10 112 "R"
6 4 20 10 113 "R"
6 2 20 10 114 "R"
6 2 20 10 115 "R"
6 -6 20 10 116 "R"
6 1 50 10 117 "A"
6 1 50 10 118 "A"
6 -12 20 10 119 "R"
6 2 10 10 120 "V"
6 5 20 10 121 "R"
6 2 20 10 122 "R"
6 -6 20 10 123 "R"
6 2 20 10 124 "R"
6 2 20 10 125 "R"
6 2 20 10 126 "R"
6 -12 20 10 127 "R"
6 2 10 10 128 "V"
6 -12 20 10 129 "R"
6 2 10 10 130 "V"
6 -12 20 10 131 "R"
6 -3 10 10 132 "V"
6 4 20 10 133 "R"
6 -6 20 10 134 "R"
6 3 50 10 135 "A"
6 -6 20 10 136 "R"
6 -6 50 10 137 "A"
6 -3 10 10 138 "V"
6 2 10 10 139 "V"
6 -6 20 10 140 "R"
6 2 20 10 141 "R"
6 -6 20 10 142 "R"
6 -12 50 11 1 "A"
6 -6 20 11 2 "R"
6 -12 20 11 3 "R"
6 1 50 11 4 "A"
6 4 20 11 5 "R"
6 2 20 11 6 "R"
6 -12 20 11 7 "R"
6 -12 20 11 8 "R"
6 1 50 11 9 "A"
6 -6 20 11 10 "R"
6 -6 20 11 11 "R"
6 -6 50 11 12 "A"
6 -15 20 11 13 "R"
6 2 20 11 14 "R"
6 -6 20 11 15 "R"
6 -6 50 11 16 "A"
6 -3 10 11 17 "V"
6 2 20 11 18 "R"
6 4 20 11 19 "R"
6 2 20 11 20 "R"
6 4 20 11 21 "R"
6 -6 20 11 22 "R"
6 -12 20 11 23 "R"
6 -6 20 11 24 "R"
6 -3 10 11 25 "V"
6 2 20 11 26 "R"
6 -12 20 11 27 "R"
6 2 20 11 28 "R"
6 4 20 11 29 "R"
6 2 20 11 30 "R"
6 -12 20 11 31 "R"
6 -6 20 11 32 "R"
6 12 50 11 33 "A"
6 -6 20 11 34 "R"
6 4 20 11 35 "R"
6 -6 20 11 36 "R"
6 -15 20 11 37 "R"
6 2 10 11 38 "V"
6 -12 20 11 39 "R"
6 -6 20 11 40 "R"
6 -9 10 11 41 "V"
6 4 10 11 42 "V"
6 5 20 11 43 "R"
6 -6 20 11 44 "R"
6 -15 20 11 45 "R"
6 2 20 11 46 "R"
6 -12 20 11 47 "R"
6 4 20 11 48 "R"
6 2 20 11 49 "R"
6 2 20 11 50 "R"
6 4 20 11 51 "R"
6 2 20 11 52 "R"
6 -12 20 11 53 "R"
6 -6 50 11 54 "A"
6 -12 20 11 55 "R"
6 2 10 11 56 "V"
6 5 20 11 57 "R"
6 -6 20 11 58 "R"
6 -6 20 11 59 "R"
6 2 20 11 60 "R"
6 -6 20 11 61 "R"
6 1 50 11 62 "A"
6 5 20 11 63 "R"
6 -15 20 11 64 "R"
6 -15 20 11 65 "R"
6 -6 50 11 66 "A"
6 4 20 11 67 "R"
6 -6 20 11 68 "R"
6 -6 20 11 69 "R"
6 -12 50 11 70 "A"
6 4 20 11 71 "R"
6 2 20 11 72 "R"
6 2 20 11 73 "R"
6 -6 20 11 74 "R"
6 -9 10 11 75 "V"
6 -6 20 11 76 "R"
6 1 50 11 77 "A"
6 2 20 11 78 "R"
6 -12 20 11 79 "R"
6 -3 10 11 80 "V"
6 -9 10 11 81 "V"
6 -3 10 11 82 "V"
6 4 20 11 83 "R"
6 -12 20 11 84 "R"
6 -6 20 11 85 "R"
6 -6 50 11 86 "A"
6 4 20 11 87 "R"
6 -6 20 11 88 "R"
6 4 10 11 89 "V"
6 2 20 11 90 "R"
6 -6 20 11 91 "R"
6 2 20 11 92 "R"
6 4 20 11 93 "R"
6 2 20 11 94 "R"
6 4 20 11 95 "R"
6 2 20 11 96 "R"
6 -12 20 11 97 "R"
6 -9 10 11 98 "V"
6 -6 20 11 99 "R"
6 -6 50 11 100 "A"
6 -3 10 11 101 "V"
6 2 20 11 102 "R"
6 -12 20 11 103 "R"
6 -3 10 11 104 "V"
6 4 20 11 105 "R"
6 2 20 11 106 "R"
6 -12 20 11 107 "R"
6 -9 10 11 108 "V"
6 -6 50 11 109 "A"
6 2 20 11 110 "R"
6 4 20 11 111 "R"
6 4 20 11 112 "R"
6 -12 20 11 113 "R"
6 -3 10 11 114 "V"
6 4 20 11 115 "R"
6 2 20 11 116 "R"
6 4 20 11 117 "R"
6 2 20 11 118 "R"
6 4 20 11 119 "R"
6 2 20 11 120 "R"
6 -12 20 11 121 "R"
6 1 50 11 122 "A"
6 -6 20 11 123 "R"
6 2 20 11 124 "R"
6 4 20 11 125 "R"
6 -6 20 11 126 "R"
6 4 20 11 127 "R"
6 -6 20 11 128 "R"
6 12 50 11 129 "A"
6 2 20 11 130 "R"
6 -12 20 11 131 "R"
6 3 50 12 1 "A"
6 -6 50 12 2 "A"
6 -12 50 12 3 "A"
6 -12 50 12 4 "A"
6 4 20 12 5 "R"
6 2 20 12 6 "R"
6 4 20 12 7 "R"
6 -6 20 12 8 "R"
6 4 20 12 9 "R"
6 2 20 12 10 "R"
6 -12 20 12 11 "R"
6 1 50 12 12 "A"
6 4 20 12 13 "R"
6 -6 20 12 14 "R"
6 -15 20 12 15 "R"
6 2 20 12 16 "R"
6 -6 20 12 17 "R"
6 -12 20 12 18 "R"
6 -12 20 12 19 "R"
6 -3 10 12 20 "V"
6 2 20 12 21 "R"
6 2 20 12 22 "R"
6 5 20 12 23 "R"
6 2 20 12 24 "R"
6 2 20 12 25 "R"
6 2 20 12 26 "R"
6 2 20 12 27 "R"
6 -6 20 12 28 "R"
6 2 20 12 29 "R"
6 -12 20 12 30 "R"
6 4 20 12 31 "R"
6 -6 50 12 32 "A"
6 -12 20 12 33 "R"
6 2 20 12 34 "R"
6 -15 20 12 35 "R"
6 -6 20 12 36 "R"
6 4 20 12 37 "R"
6 -6 20 12 38 "R"
6 -12 20 12 39 "R"
6 -6 20 12 40 "R"
6 -6 20 12 41 "R"
6 2 20 12 42 "R"
6 3 50 12 43 "A"
6 -6 20 12 44 "R"
6 -15 20 12 45 "R"
6 1 50 12 46 "A"
6 -15 20 12 47 "R"
6 -6 20 12 48 "R"
6 -12 50 12 49 "A"
6 -6 20 12 50 "R"
6 -12 20 12 51 "R"
6 1 50 12 52 "A"
6 4 20 12 53 "R"
6 4 20 12 54 "R"
6 -6 20 12 55 "R"
6 -6 20 12 56 "R"
6 -12 20 12 57 "R"
6 2 20 12 58 "R"
6 4 20 12 59 "R"
6 2 20 12 60 "R"
6 -6 20 12 61 "R"
6 2 20 12 62 "R"
6 4 20 12 63 "R"
6 -15 20 12 64 "R"
6 -12 20 12 65 "R"
6 -6 20 12 66 "R"
6 -6 20 12 67 "R"
6 -6 20 12 68 "R"
6 -6 20 12 69 "R"
6 -6 20 12 70 "R"
6 -36 40 12 71 "F"
6 -6 20 12 72 "R"
6 -12 20 12 73 "R"
6 -6 20 12 74 "R"
6 -12 20 12 75 "R"
6 -6 20 12 76 "R"
6 -12 20 12 77 "R"
6 -6 20 12 78 "R"
6 5 20 12 79 "R"
6 -12 20 12 80 "R"
6 4 20 12 81 "R"
6 4 20 12 82 "R"
6 -6 20 12 83 "R"
6 2 20 12 84 "R"
6 -6 20 12 85 "R"
6 2 20 12 86 "R"
6 -12 20 12 87 "R"
6 2 20 12 88 "R"
6 -12 20 12 89 "R"
6 2 20 12 90 "R"
6 -12 50 12 91 "A"
6 2 20 12 92 "R"
6 3 50 12 93 "A"
6 2 20 12 94 "R"
6 -6 20 12 95 "R"
6 -12 20 12 96 "R"
6 2 20 12 97 "R"
6 1 50 12 98 "A"
6 2 20 12 99 "R"
6 -6 20 12 100 "R"
6 2 20 12 101 "R"
6 4 20 12 102 "R"
6 4 20 12 103 "R"
6 -6 20 12 104 "R"
6 2 20 12 105 "R"
6 -6 50 12 106 "A"
6 4 20 12 107 "R"
6 -6 20 12 108 "R"
6 2 20 12 109 "R"
6 -6 20 12 110 "R"
6 -12 20 12 111 "R"
6 4 20 12 112 "R"
6 3 50 12 113 "A"
6 2 20 12 114 "R"
6 2 20 12 115 "R"
6 -6 20 12 116 "R"
6 2 20 12 117 "R"
6 2 20 12 118 "R"
6 -12 20 12 119 "R"
6 2 20 12 120 "R"
6 5 10 12 121 "V"
6 2 20 12 122 "R"
6 -6 20 12 123 "R"
6 2 20 12 124 "R"
6 2 20 12 125 "R"
6 2 20 12 126 "R"
6 -12 20 12 127 "R"
6 2 20 12 128 "R"
6 -9 10 12 129 "V"
6 2 20 12 130 "R"
6 -9 10 12 131 "V"
6 -6 20 12 132 "R"
6 3 50 12 133 "A"
6 -3 10 12 134 "V"
6 4 20 12 135 "R"
6 -6 20 12 136 "R"
6 -6 20 12 137 "R"
6 -6 20 12 138 "R"
6 1 50 12 139 "A"
6 -6 20 12 140 "R"
6 2 20 12 141 "R"
6 -6 50 12 142 "A"
6 4 20 12 143 "R"
6 -12 20 13 1 "R"
6 -6 50 13 2 "A"
6 -12 20 13 3 "R"
6 2 20 13 4 "R"
6 4 20 13 5 "R"
6 2 20 13 6 "R"
6 -12 20 13 7 "R"
6 -12 20 13 8 "R"
6 2 20 13 9 "R"
6 -6 20 13 10 "R"
6 -6 20 13 11 "R"
6 -6 20 13 12 "R"
6 -15 20 13 13 "R"
6 2 20 13 14 "R"
6 -6 20 13 15 "R"
6 -6 50 13 16 "A"
6 -6 20 13 17 "R"
6 2 20 13 18 "R"
6 4 20 13 19 "R"
6 2 20 13 20 "R"
6 4 20 13 21 "R"
6 -6 20 13 22 "R"
6 -12 20 13 23 "R"
6 -6 20 13 24 "R"
6 -6 20 13 25 "R"
6 2 20 13 26 "R"
6 -12 20 13 27 "R"
6 1 50 13 28 "A"
6 4 20 13 29 "R"
6 2 20 13 30 "R"
6 -12 20 13 31 "R"
6 -6 20 13 32 "R"
6 5 20 13 33 "R"
6 -6 20 13 34 "R"
6 4 20 13 35 "R"
6 -6 20 13 36 "R"
6 -36 10 13 37 "V"
6 2 20 13 38 "R"
6 -12 20 13 39 "R"
6 -6 20 13 40 "R"
6 -12 20 13 41 "R"
6 4 20 13 42 "R"
6 5 20 13 43 "R"
6 -6 20 13 44 "R"
6 -15 20 13 45 "R"
6 2 20 13 46 "R"
6 -12 20 13 47 "R"
6 4 10 13 48 "V"
6 2 20 13 49 "R"
6 2 20 13 50 "R"
6 4 20 13 51 "R"
6 2 20 13 52 "R"
6 -12 20 13 53 "R"
6 -6 20 13 54 "R"
6 -12 20 13 55 "R"
6 2 10 13 56 "V"
6 5 20 13 57 "R"
6 -6 20 13 58 "R"
6 -6 50 13 59 "A"
6 2 20 13 60 "R"
6 -6 20 13 61 "R"
6 2 20 13 62 "R"
6 5 20 13 63 "R"
6 -15 20 13 64 "R"
6 -36 10 13 65 "V"
6 -6 20 13 66 "R"
6 4 20 13 67 "R"
6 -6 20 13 68 "R"
6 -3 10 13 69 "V"
6 -12 50 13 70 "A"
6 3 50 13 71 "A"
6 2 20 13 72 "R"
6 2 20 13 73 "R"
6 -6 20 13 74 "R"
6 -12 20 13 75 "R"
6 -6 20 13 76 "R"
6 1 50 13 77 "A"
6 2 20 13 78 "R"
6 -12 20 13 79 "R"
6 -6 20 13 80 "R"
6 -12 50 13 81 "A"
6 -6 20 13 82 "R"
6 4 20 13 83 "R"
6 -12 20 13 84 "R"
6 -6 20 13 85 "R"
6 -3 10 13 86 "V"
6 4 20 13 87 "R"
6 -6 20 13 88 "R"
6 4 20 13 89 "R"
6 2 20 13 90 "R"
6 -6 20 13 91 "R"
6 1 50 13 92 "A"
6 4 20 13 93 "R"
6 2 20 13 94 "R"
6 4 20 13 95 "R"
6 2 20 13 96 "R"
6 -12 20 13 97 "R"
6 -9 10 13 98 "V"
6 -3 10 13 99 "V"
6 -6 20 13 100 "R"
6 -6 20 13 101 "R"
6 2 20 13 102 "R"
6 -12 20 13 103 "R"
6 -6 20 13 104 "R"
6 3 50 13 105 "A"
6 2 20 13 106 "R"
6 -12 20 13 107 "R"
6 -9 10 13 108 "V"
6 -6 50 13 109 "A"
6 2 20 13 110 "R"
6 4 20 13 111 "R"
6 4 20 13 112 "R"
6 -12 20 13 113 "R"
6 -6 50 13 114 "A"
6 4 20 13 115 "R"
6 2 20 13 116 "R"
6 4 20 13 117 "R"
6 2 20 13 118 "R"
6 4 20 13 119 "R"
6 2 20 13 120 "R"
6 -12 20 13 121 "R"
6 2 20 13 122 "R"
6 -6 20 13 123 "R"
6 1 50 13 124 "A"
6 4 20 13 125 "R"
6 -6 20 13 126 "R"
6 4 20 13 127 "R"
6 -6 20 13 128 "R"
6 5 20 13 129 "R"
6 2 20 13 130 "R"
6 -12 20 13 131 "R"
6 2 10 13 132 "V"
6 -6 20 14 1 "R"
6 2 20 14 2 "R"
6 -12 20 14 3 "R"
6 -6 20 14 4 "R"
6 -12 20 14 5 "R"
6 -6 50 14 6 "A"
6 -6 20 14 7 "R"
6 1 50 14 8 "A"
6 -12 20 14 9 "R"
6 -6 20 14 10 "R"
6 3 50 14 11 "A"
6 -6 20 14 12 "R"
6 5 20 14 13 "R"
6 2 20 14 14 "R"
6 -12 20 14 15 "R"
6 -6 20 14 16 "R"
6 -12 20 14 17 "R"
6 2 20 14 18 "R"
6 -15 20 14 19 "R"
6 -6 20 14 20 "R"
6 4 20 14 21 "R"
6 -6 20 14 22 "R"
6 5 20 14 23 "R"
6 2 20 14 24 "R"
6 -12 20 14 25 "R"
6 2 20 14 26 "R"
6 -6 20 14 27 "R"
6 2 20 14 28 "R"
6 -12 20 14 29 "R"
6 -6 20 14 30 "R"
6 3 50 14 31 "A"
6 4 20 14 32 "R"
6 -6 20 14 33 "R"
6 -6 20 14 34 "R"
6 -12 20 14 35 "R"
6 2 20 14 36 "R"
6 4 20 14 37 "R"
6 -6 20 14 38 "R"
6 -15 20 14 39 "R"
6 2 20 14 40 "R"
6 -12 20 14 41 "R"
6 2 20 14 42 "R"
6 2 20 14 43 "R"
6 -6 20 14 44 "R"
6 4 20 14 45 "R"
6 2 20 14 46 "R"
6 2 20 14 47 "R"
6 4 20 14 48 "R"
6 -15 20 14 49 "R"
6 -12 20 14 50 "R"
6 4 20 14 51 "R"
6 2 20 14 52 "R"
6 -15 20 14 53 "R"
6 -6 20 14 54 "R"
6 -3 10 14 55 "V"
6 1 50 14 56 "A"
6 2 20 14 57 "R"
6 2 20 14 58 "R"
6 4 20 14 59 "R"
6 2 20 14 60 "R"
6 -6 20 14 61 "R"
6 1 50 14 62 "A"
6 4 20 14 63 "R"
6 -6 20 14 64 "R"
6 -6 20 14 65 "R"
6 2 20 14 66 "R"
6 4 20 14 67 "R"
6 -6 20 14 68 "R"
6 5 20 14 69 "R"
6 4 20 14 70 "R"
6 -6 20 14 71 "R"
6 -6 20 14 72 "R"
6 -6 20 14 73 "R"
6 2 20 14 74 "R"
6 5 20 14 75 "R"
6 -6 20 14 76 "R"
6 -12 20 14 77 "R"
6 2 20 14 78 "R"
6 -12 20 14 79 "R"
6 -3 10 14 80 "V"
6 -6 20 14 81 "R"
6 -12 20 14 82 "R"
6 4 20 14 83 "R"
6 -6 20 14 84 "R"
6 1 50 14 85 "A"
6 -6 20 14 86 "R"
6 2 20 14 87 "R"
6 -15 20 14 88 "R"
6 -6 20 14 89 "R"
6 4 20 14 90 "R"
6 4 20 14 91 "R"
6 2 20 14 92 "R"
6 4 20 14 93 "R"
6 2 20 14 94 "R"
6 -12 20 14 95 "R"
6 2 20 14 96 "R"
6 -6 20 14 97 "R"
6 2 20 14 98 "R"
6 -6 20 14 99 "R"
6 2 20 14 100 "R"
6 4 20 14 101 "R"
6 2 20 14 102 "R"
6 5 20 14 103 "R"
6 2 20 14 104 "R"
6 5 20 14 105 "R"
6 -6 20 14 106 "R"
6 -6 20 14 107 "R"
6 -6 20 14 108 "R"
6 -15 20 14 109 "R"
6 2 20 14 110 "R"
6 -12 20 14 111 "R"
6 -6 20 14 112 "R"
6 -6 20 14 113 "R"
6 2 20 14 114 "R"
6 2 20 14 115 "R"
6 -6 20 14 116 "R"
6 3 50 14 117 "A"
6 2 20 14 118 "R"
6 -12 20 14 119 "R"
6 -3 10 14 120 "V"
6 -6 20 14 121 "R"
6 2 20 14 122 "R"
6 -12 20 14 123 "R"
6 2 20 14 124 "R"
6 -6 20 14 125 "R"
6 2 20 14 126 "R"
6 4 20 14 127 "R"
6 2 20 14 128 "R"
6 -12 20 14 129 "R"
6 -6 50 14 130 "A"
6 -12 20 14 131 "R"
6 1 40 14 132 "F"
6 -12 20 14 133 "R"
6 -6 50 14 134 "A"
6 -6 20 14 135 "R"
6 -6 20 14 136 "R"
6 4 20 14 137 "R"
6 2 20 14 138 "R"
6 -6 20 14 139 "R"
6 -6 50 14 140 "A"
6 2 20 15 1 "R"
6 -6 20 15 2 "R"
6 4 20 15 3 "R"
6 4 20 15 4 "R"
6 5 20 15 5 "R"
6 -6 20 15 6 "R"
6 4 20 15 7 "R"
6 -6 20 15 8 "R"
6 3 50 15 9 "A"
6 2 20 15 10 "R"
6 -12 20 15 11 "R"
6 2 20 15 12 "R"
6 4 20 15 13 "R"
6 -6 20 15 14 "R"
6 -6 50 15 15 "A"
6 -3 10 15 16 "V"
6 -12 20 15 17 "R"
6 -6 20 15 18 "R"
6 -6 50 15 19 "A"
6 4 20 15 20 "R"
6 -15 20 15 21 "R"
6 -6 20 15 22 "R"
6 -6 50 15 23 "A"
6 5 20 15 24 "R"
6 4 20 15 25 "R"
6 2 20 15 26 "R"
6 4 20 15 27 "R"
6 -6 20 15 28 "R"
6 2 20 15 29 "R"
6 2 20 15 30 "R"
6 -12 20 15 31 "R"
6 -6 20 15 32 "R"
6 4 20 15 33 "R"
6 -12 20 15 34 "R"
6 2 20 15 35 "R"
6 2 20 15 36 "R"
6 -12 20 15 37 "R"
6 -3 40 15 38 "F"
6 -12 20 15 39 "R"
6 1 40 15 40 "F"
6 -12 20 15 41 "R"
6 -6 20 15 42 "R"
6 -12 20 15 43 "R"
6 2 20 15 44 "R"
6 2 20 15 45 "R"
6 -6 20 15 46 "R"
6 -15 20 15 47 "R"
6 2 20 15 48 "R"
6 2 20 15 49 "R"
6 -6 20 15 50 "R"
6 -6 50 15 51 "A"
6 -12 20 15 52 "R"
6 3 50 15 53 "A"
6 -6 20 15 54 "R"
6 -12 20 15 55 "R"
6 -12 50 15 56 "A"
6 -12 20 15 57 "R"
6 1 50 15 58 "A"
6 -6 20 15 59 "R"
6 2 20 15 60 "R"
6 -6 20 15 61 "R"
6 -6 20 15 62 "R"
6 4 20 15 63 "R"
6 -6 20 15 64 "R"
6 4 20 15 65 "R"
6 2 20 15 66 "R"
6 -6 20 15 67 "R"
6 3 50 15 68 "A"
6 -12 20 15 69 "R"
6 2 20 15 70 "R"
6 4 20 15 71 "R"
6 -6 20 15 72 "R"
6 4 20 15 73 "R"
6 2 20 15 74 "R"
6 4 20 15 75 "R"
6 -12 20 15 76 "R"
6 -12 20 15 77 "R"
6 2 20 15 78 "R"
6 2 20 15 79 "R"
6 2 20 15 80 "R"
6 -12 20 15 81 "R"
6 -6 20 15 82 "R"
6 -12 20 15 83 "R"
6 -6 50 15 84 "A"
6 -12 20 15 85 "R"
6 -12 20 15 86 "R"
6 -3 10 15 87 "V"
6 4 10 15 88 "V"
6 5 20 15 89 "R"
6 2 20 15 90 "R"
6 2 20 15 91 "R"
6 -6 20 15 92 "R"
6 -12 20 15 93 "R"
6 2 20 15 94 "R"
6 2 20 15 95 "R"
6 -6 20 15 96 "R"
6 4 20 15 97 "R"
6 2 20 15 98 "R"
6 4 20 15 99 "R"
6 2 20 15 100 "R"
6 -15 20 15 101 "R"
6 2 20 15 102 "R"
6 4 20 15 103 "R"
6 -6 20 15 104 "R"
6 4 20 15 105 "R"
6 -6 20 15 106 "R"
6 -12 20 15 107 "R"
6 2 10 15 108 "V"
6 4 20 15 109 "R"
6 2 20 15 110 "R"
6 -6 20 15 111 "R"
6 -9 10 15 112 "V"
6 -6 20 15 113 "R"
6 -6 20 15 114 "R"
6 4 10 15 115 "V"
6 2 20 15 116 "R"
6 4 20 15 117 "R"
6 4 20 15 118 "R"
6 -12 20 15 119 "R"
6 2 20 15 120 "R"
6 4 20 15 121 "R"
6 -6 20 15 122 "R"
6 -12 20 15 123 "R"
6 -3 10 15 124 "V"
6 -15 20 15 125 "R"
6 -6 20 15 126 "R"
6 -6 20 15 127 "R"
6 -6 20 15 128 "R"
6 -6 20 15 129 "R"
6 2 10 15 130 "V"
6 4 20 15 131 "R"
6 -6 20 15 132 "R"
6 -3 10 15 133 "V"
6 -15 50 15 134 "A"
6 4 20 15 135 "R"
6 2 20 15 136 "R"
6 -6 20 15 137 "R"
6 -6 20 15 138 "R"
6 5 10 15 139 "V"
6 2 20 15 140 "R"
6 -6 20 15 141 "R"
6 2 20 15 142 "R"
6 2 20 15 143 "R"
6 -6 20 15 144 "R"
6 -9 40 16 1 "F"
6 -6 20 16 2 "R"
6 -12 20 16 3 "R"
6 1 50 16 4 "A"
6 4 20 16 5 "R"
6 2 20 16 6 "R"
6 -12 20 16 7 "R"
6 -12 20 16 8 "R"
6 2 20 16 9 "R"
6 -6 20 16 10 "R"
6 -6 20 16 11 "R"
6 -6 20 16 12 "R"
6 -15 50 16 13 "A"
6 2 20 16 14 "R"
6 -6 20 16 15 "R"
6 -6 20 16 16 "R"
6 -6 20 16 17 "R"
6 1 50 16 18 "A"
6 4 20 16 19 "R"
6 2 20 16 20 "R"
6 4 20 16 21 "R"
6 -6 20 16 22 "R"
6 -12 20 16 23 "R"
6 -6 20 16 24 "R"
6 -6 50 16 25 "A"
6 2 20 16 26 "R"
6 -12 20 16 27 "R"
6 2 20 16 28 "R"
6 4 20 16 29 "R"
6 2 20 16 30 "R"
6 -12 20 16 31 "R"
6 -6 20 16 32 "R"
6 5 20 16 33 "R"
6 -6 20 16 34 "R"
6 4 20 16 35 "R"
6 -6 20 16 36 "R"
6 -15 20 16 37 "R"
6 1 50 16 38 "A"
6 -12 20 16 39 "R"
6 -3 10 16 40 "V"
6 -12 20 16 41 "R"
6 3 50 16 42 "A"
6 5 20 16 43 "R"
6 -6 20 16 44 "R"
6 -15 20 16 45 "R"
6 1 50 16 46 "A"
6 -12 20 16 47 "R"
6 4 20 16 48 "R"
6 2 20 16 49 "R"
6 2 20 16 50 "R"
6 4 20 16 51 "R"
6 2 20 16 52 "R"
6 -12 20 16 53 "R"
6 -6 20 16 54 "R"
6 -12 20 16 55 "R"
6 2 20 16 56 "R"
6 5 20 16 57 "R"
6 -6 20 16 58 "R"
6 -3 10 16 59 "V"
6 1 50 16 60 "A"
6 -6 20 16 61 "R"
6 2 20 16 62 "R"
6 5 20 16 63 "R"
6 -15 20 16 64 "R"
6 -15 20 16 65 "R"
6 -6 20 16 66 "R"
6 4 20 16 67 "R"
6 -6 20 16 68 "R"
6 -6 20 16 69 "R"
6 -12 20 16 70 "R"
6 4 20 16 71 "R"
6 2 20 16 72 "R"
6 2 20 16 73 "R"
6 -6 20 16 74 "R"
6 -12 20 16 75 "R"
6 -6 50 16 76 "A"
6 2 20 16 77 "R"
6 2 20 16 78 "R"
6 -12 20 16 79 "R"
6 -3 10 16 80 "V"
6 -12 20 16 81 "R"
6 -6 50 16 82 "A"
6 4 20 16 83 "R"
6 -12 20 16 84 "R"
6 -3 10 16 85 "V"
6 -6 20 16 86 "R"
6 4 20 16 87 "R"
6 -6 20 16 88 "R"
6 4 20 16 89 "R"
6 2 20 16 90 "R"
6 -6 20 16 91 "R"
6 2 20 16 92 "R"
6 4 20 16 93 "R"
6 2 20 16 94 "R"
6 4 20 16 95 "R"
6 2 20 16 96 "R"
6 -12 20 16 97 "R"
6 -12 20 16 98 "R"
6 -3 40 16 99 "F"
6 -6 50 16 100 "A"
6 -6 20 16 101 "R"
6 2 20 16 102 "R"
6 -12 20 16 103 "R"
6 -6 20 16 104 "R"
6 4 20 16 105 "R"
6 2 20 16 106 "R"
6 -12 20 16 107 "R"
6 -12 20 16 108 "R"
6 -6 20 16 109 "R"
6 2 20 16 110 "R"
6 4 20 16 111 "R"
6 4 20 16 112 "R"
6 -12 20 16 113 "R"
6 -6 20 16 114 "R"
6 4 20 16 115 "R"
6 2 20 16 116 "R"
6 4 20 16 117 "R"
6 2 20 16 118 "R"
6 4 20 16 119 "R"
6 2 20 16 120 "R"
6 -12 20 16 121 "R"
6 1 50 16 122 "A"
6 -6 20 16 123 "R"
6 2 20 16 124 "R"
6 4 20 16 125 "R"
6 -6 20 16 126 "R"
6 4 20 16 127 "R"
6 -6 20 16 128 "R"
6 5 20 16 129 "R"
6 2 20 16 130 "R"
6 -12 20 16 131 "R"
6 2 20 16 132 "R"
6 4 20 16 133 "R"
6 2 20 16 134 "R"
6 -12 20 16 135 "R"
6 -6 20 16 136 "R"
6 -12 20 16 137 "R"
6 2 20 16 138 "R"
6 -15 20 16 139 "R"
6 -12 20 16 140 "R"
6 -12 20 17 1 "R"
6 2 20 17 2 "R"
6 -12 20 17 3 "R"
6 -6 50 17 4 "A"
6 -12 20 17 5 "R"
6 -6 50 17 6 "A"
6 -12 20 17 7 "R"
6 -6 20 17 8 "R"
6 -15 20 17 9 "R"
6 -3 10 17 10 "V"
6 1 50 17 11 "A"
6 2 20 17 12 "R"
6 4 20 17 13 "R"
6 -6 20 17 14 "R"
6 4 20 17 15 "R"
6 2 20 17 16 "R"
6 4 20 17 17 "R"
6 2 20 17 18 "R"
6 -15 20 17 19 "R"
6 -3 10 17 20 "V"
6 -12 20 17 21 "R"
6 -6 20 17 22 "R"
6 2 20 17 23 "R"
6 2 20 17 24 "R"
6 4 20 17 25 "R"
6 -12 20 17 26 "R"
6 -12 20 17 27 "R"
6 -3 40 17 28 "F"
6 4 10 17 29 "V"
6 -6 20 17 30 "R"
6 -12 20 17 31 "R"
6 -15 50 17 32 "A"
6 5 20 17 33 "R"
6 -6 20 17 34 "R"
6 2 20 17 35 "R"
6 -6 20 17 36 "R"
6 2 20 17 37 "R"
6 4 20 17 38 "R"
6 2 20 17 39 "R"
6 2 20 17 40 "R"
6 -6 20 17 41 "R"
6 -6 20 17 42 "R"
6 -6 20 17 43 "R"
6 2 20 17 44 "R"
6 -6 20 17 45 "R"
6 -6 20 17 46 "R"
6 -12 50 17 47 "A"
6 -12 20 17 48 "R"
6 -6 20 17 49 "R"
6 -6 50 17 50 "A"
6 4 20 17 51 "R"
6 2 20 17 52 "R"
6 5 20 17 53 "R"
6 -6 20 17 54 "R"
6 -12 20 17 55 "R"
6 2 20 17 56 "R"
6 -12 20 17 57 "R"
6 2 20 17 58 "R"
6 -6 20 17 59 "R"
6 2 20 17 60 "R"
6 -12 20 17 61 "R"
6 2 20 17 62 "R"
6 4 20 17 63 "R"
6 -6 20 17 64 "R"
6 4 20 17 65 "R"
6 2 20 17 66 "R"
6 -12 20 17 67 "R"
6 1 50 17 68 "A"
6 4 20 17 69 "R"
6 -6 20 17 70 "R"
6 2 20 17 71 "R"
6 -6 20 17 72 "R"
6 -12 20 17 73 "R"
6 -6 20 17 74 "R"
6 -15 20 17 75 "R"
6 2 20 17 76 "R"
6 -12 20 17 77 "R"
6 2 20 17 78 "R"
6 -12 20 17 79 "R"
6 2 10 17 80 "V"
6 -12 20 17 81 "R"
6 -6 50 17 82 "A"
6 4 20 17 83 "R"
6 2 20 17 84 "R"
6 4 20 17 85 "R"
6 -6 20 17 86 "R"
6 -12 20 17 87 "R"
6 2 20 17 88 "R"
6 -6 20 17 89 "R"
6 -6 20 17 90 "R"
6 -12 20 17 91 "R"
6 -6 20 17 92 "R"
6 12 50 17 93 "A"
6 2 20 17 94 "R"
6 -12 20 17 95 "R"
6 -6 50 17 96 "A"
6 5 20 17 97 "R"
6 -6 20 17 98 "R"
6 -6 20 17 99 "R"
6 -6 50 17 100 "A"
6 -15 20 17 101 "R"
6 -6 20 17 102 "R"
6 -12 20 17 103 "R"
6 4 10 17 104 "V"
6 2 20 17 105 "R"
6 4 20 17 106 "R"
6 2 20 17 107 "R"
6 -6 20 17 108 "R"
6 1 50 17 109 "A"
6 -6 20 17 110 "R"
6 -12 20 17 111 "R"
6 -3 10 17 112 "V"
6 4 20 17 113 "R"
6 -12 20 17 114 "R"
6 -6 50 17 115 "A"
6 2 20 17 116 "R"
6 2 20 17 117 "R"
6 2 20 17 118 "R"
6 -6 20 17 119 "R"
6 -6 20 17 120 "R"
6 -12 20 17 121 "R"
6 -12 50 17 122 "A"
6 5 20 17 123 "R"
6 2 20 17 124 "R"
6 -15 20 17 125 "R"
6 4 10 17 126 "V"
6 4 20 17 127 "R"
6 4 20 17 128 "R"
6 -6 20 17 129 "R"
6 -6 20 17 130 "R"
6 -12 20 17 131 "R"
6 -6 20 17 132 "R"
6 -12 20 17 133 "R"
6 1 50 18 1 "A"
6 -6 20 18 2 "R"
6 4 20 18 3 "R"
6 4 20 18 4 "R"
6 5 20 18 5 "R"
6 -6 20 18 6 "R"
6 4 20 18 7 "R"
6 -6 20 18 8 "R"
6 4 20 18 9 "R"
6 2 20 18 10 "R"
6 -12 20 18 11 "R"
6 1 50 18 12 "A"
6 4 20 18 13 "R"
6 -6 20 18 14 "R"
6 -6 20 18 15 "R"
6 -6 20 18 16 "R"
6 -12 20 18 17 "R"
6 -6 20 18 18 "R"
6 -6 50 18 19 "A"
6 4 20 18 20 "R"
6 -15 20 18 21 "R"
6 -6 20 18 22 "R"
6 -6 50 18 23 "A"
6 5 20 18 24 "R"
6 4 20 18 25 "R"
6 2 20 18 26 "R"
6 4 20 18 27 "R"
6 -6 20 18 28 "R"
6 2 20 18 29 "R"
6 2 20 18 30 "R"
6 -12 20 18 31 "R"
6 -6 50 18 32 "A"
6 4 20 18 33 "R"
6 -12 20 18 34 "R"
6 1 50 18 35 "A"
6 2 20 18 36 "R"
6 -12 20 18 37 "R"
6 -6 20 18 38 "R"
6 -12 20 18 39 "R"
6 2 20 18 40 "R"
6 -12 20 18 41 "R"
6 -6 20 18 42 "R"
6 -12 20 18 43 "R"
6 1 50 18 44 "A"
6 2 20 18 45 "R"
6 -6 20 18 46 "R"
6 -15 20 18 47 "R"
6 2 20 18 48 "R"
6 2 20 18 49 "R"
6 -6 20 18 50 "R"
6 -6 20 18 51 "R"
6 -12 20 18 52 "R"
6 4 20 18 53 "R"
6 -6 20 18 54 "R"
6 -12 20 18 55 "R"
6 -12 50 18 56 "A"
6 -12 20 18 57 "R"
6 2 20 18 58 "R"
6 -6 20 18 59 "R"
6 1 50 18 60 "A"
6 -6 20 18 61 "R"
6 -6 20 18 62 "R"
6 4 20 18 63 "R"
6 -6 20 18 64 "R"
6 4 20 18 65 "R"
6 2 20 18 66 "R"
6 -6 20 18 67 "R"
6 4 20 18 68 "R"
6 -12 20 18 69 "R"
6 1 50 18 70 "A"
6 4 20 18 71 "R"
6 -6 20 18 72 "R"
6 4 20 18 73 "R"
6 2 20 18 74 "R"
6 4 20 18 75 "R"
6 -12 20 18 76 "R"
6 -12 50 18 77 "A"
6 2 10 18 78 "V"
6 2 20 18 79 "R"
6 2 20 18 80 "R"
6 -12 20 18 81 "R"
6 -6 20 18 82 "R"
6 -12 20 18 83 "R"
6 -6 20 18 84 "R"
6 -12 20 18 85 "R"
6 -12 50 18 86 "A"
6 -6 50 18 87 "A"
6 4 20 18 88 "R"
6 5 20 18 89 "R"
6 2 20 18 90 "R"
6 2 20 18 91 "R"
6 -6 20 18 92 "R"
6 -12 20 18 93 "R"
6 2 20 18 94 "R"
6 2 20 18 95 "R"
6 -6 20 18 96 "R"
6 4 20 18 97 "R"
6 2 20 18 98 "R"
6 4 20 18 99 "R"
6 2 20 18 100 "R"
6 -15 20 18 101 "R"
6 2 10 18 102 "V"
6 4 20 18 103 "R"
6 -6 20 18 104 "R"
6 4 20 18 105 "R"
6 -6 20 18 106 "R"
6 -12 50 18 107 "A"
6 2 10 18 108 "V"
6 4 20 18 109 "R"
6 2 20 18 110 "R"
6 -6 20 18 111 "R"
6 -12 20 18 112 "R"
6 -6 20 18 113 "R"
6 -6 20 18 114 "R"
6 4 20 18 115 "R"
6 2 20 18 116 "R"
6 4 20 18 117 "R"
6 4 20 18 118 "R"
6 -12 20 18 119 "R"
6 2 10 18 120 "V"
6 4 20 18 121 "R"
6 -6 20 18 122 "R"
6 -12 20 18 123 "R"
6 -3 10 18 124 "V"
6 -15 20 18 125 "R"
6 -3 10 18 126 "V"
6 -6 20 18 127 "R"
6 -6 20 18 128 "R"
6 -6 20 18 129 "R"
6 2 20 18 130 "R"
6 4 20 18 131 "R"
6 -6 20 18 132 "R"
6 -6 20 18 133 "R"
6 -12 50 19 1 "A"
6 1 50 19 2 "A"
6 -6 20 19 3 "R"
6 -12 20 19 4 "R"
6 -6 20 19 5 "R"
6 -6 50 19 6 "A"
6 -15 20 19 7 "R"
6 1 50 19 8 "A"
6 4 20 19 9 "R"
6 2 20 19 10 "R"
6 -12 20 19 11 "R"
6 4 20 19 12 "R"
6 4 20 19 13 "R"
6 2 20 19 14 "R"
6 2 20 19 15 "R"
6 4 20 19 16 "R"
6 -12 20 19 17 "R"
6 -6 20 19 18 "R"
6 5 20 19 19 "R"
6 -12 20 19 20 "R"
6 2 20 19 21 "R"
6 2 20 19 22 "R"
6 -6 20 19 23 "R"
6 4 20 19 24 "R"
6 4 20 19 25 "R"
6 2 20 19 26 "R"
6 -15 20 19 27 "R"
6 -6 20 19 28 "R"
6 -12 20 19 29 "R"
6 -6 20 19 30 "R"
6 -12 20 19 31 "R"
6 1 50 19 32 "A"
6 -12 20 19 33 "R"
6 2 20 19 34 "R"
6 -6 20 19 35 "R"
6 2 20 19 36 "R"
6 -12 20 19 37 "R"
6 -12 20 19 38 "R"
6 2 20 19 39 "R"
6 2 20 19 40 "R"
6 -12 20 19 41 "R"
6 -6 50 19 42 "A"
6 -12 20 19 43 "R"
6 -9 10 19 44 "V"
6 -12 50 19 45 "A"
6 1 50 19 46 "A"
6 4 20 19 47 "R"
6 4 20 19 48 "R"
6 2 20 19 49 "R"
6 2 20 19 50 "R"
6 -12 20 19 51 "R"
6 -3 10 19 52 "V"
6 2 10 19 53 "V"
6 -6 20 19 54 "R"
6 -6 20 19 55 "R"
6 2 20 19 56 "R"
6 -12 20 19 57 "R"
6 2 20 19 58 "R"
6 -12 20 19 59 "R"
6 1 50 19 60 "A"
6 -12 20 19 61 "R"
6 4 20 19 62 "R"
6 4 20 19 63 "R"
6 2 20 19 64 "R"
6 2 20 19 65 "R"
6 2 20 19 66 "R"
6 2 20 19 67 "R"
6 -6 20 19 68 "R"
6 -6 50 19 69 "A"
6 2 10 19 70 "V"
6 -6 20 19 71 "R"
6 2 20 19 72 "R"
6 -12 20 19 73 "R"
6 4 20 19 74 "R"
6 -15 20 19 75 "R"
6 -12 20 19 76 "R"
6 -36 10 19 77 "V"
6 -6 20 19 78 "R"
6 2 20 19 79 "R"
6 2 20 19 80 "R"
6 -12 20 19 81 "R"
6 -3 10 19 82 "V"
6 2 20 19 83 "R"
6 -6 20 19 84 "R"
6 -12 20 19 85 "R"
6 2 20 19 86 "R"
6 -15 20 19 87 "R"
6 2 20 19 88 "R"
6 -6 20 19 89 "R"
6 2 20 19 90 "R"
6 -6 20 19 91 "R"
6 -6 50 19 92 "A"
6 -12 20 19 93 "R"
6 -6 20 19 94 "R"
6 5 20 19 95 "R"
6 -12 20 19 96 "R"
6 -3 10 19 97 "V"
6 2 10 19 98 "V"
6 4 20 19 99 "R"
6 -6 20 19 100 "R"
6 4 20 19 101 "R"
6 2 20 19 102 "R"
6 2 20 19 103 "R"
6 2 20 19 104 "R"
6 5 20 19 105 "R"
6 -6 20 19 106 "R"
6 4 20 19 107 "R"
6 -6 20 19 108 "R"
6 4 20 19 109 "R"
6 -6 20 19 110 "R"
6 -6 20 19 111 "R"
6 -6 50 19 112 "A"
6 5 20 19 113 "R"
6 2 20 19 114 "R"
6 -15 20 19 115 "R"
6 2 20 19 116 "R"
6 4 20 19 117 "R"
6 -6 20 19 118 "R"
6 4 20 19 119 "R"
6 -6 20 19 120 "R"
6 2 10 19 121 "V"
6 2 20 19 122 "R"
6 -6 20 19 123 "R"
6 -6 20 19 124 "R"
6 -12 20 19 125 "R"
6 -6 20 19 126 "R"
6 -15 50 19 127 "A"
6 -6 20 19 128 "R"
6 -6 20 19 129 "R"
6 -6 20 19 130 "R"
6 -9 40 19 131 "F"
6 -6 50 19 132 "A"
6 -12 20 19 133 "R"
6 -12 20 20 1 "R"
6 -6 20 20 2 "R"
6 -12 20 20 3 "R"
6 1 50 20 4 "A"
6 4 20 20 5 "R"
6 2 20 20 6 "R"
6 -12 20 20 7 "R"
6 -12 50 20 8 "A"
6 1 50 20 9 "A"
6 -6 20 20 10 "R"
6 -6 50 20 11 "A"
6 -6 20 20 12 "R"
6 -15 50 20 13 "A"
6 1 50 20 14 "A"
6 -6 20 20 15 "R"
6 -6 20 20 16 "R"
6 -6 20 20 17 "R"
6 2 20 20 18 "R"
6 4 20 20 19 "R"
6 2 20 20 20 "R"
6 4 20 20 21 "R"
6 -6 20 20 22 "R"
6 -12 20 20 23 "R"
6 -3 40 20 24 "F"
6 -6 20 20 25 "R"
6 1 50 20 26 "A"
6 -12 20 20 27 "R"
6 1 50 20 28 "A"
6 4 20 20 29 "R"
6 2 20 20 30 "R"
6 -12 20 20 31 "R"
6 -6 20 20 32 "R"
6 5 20 20 33 "R"
6 -6 20 20 34 "R"
6 4 20 20 35 "R"
6 -6 20 20 36 "R"
6 -15 20 20 37 "R"
6 2 20 20 38 "R"
6 -12 20 20 39 "R"
6 -6 20 20 40 "R"
6 -12 20 20 41 "R"
6 4 20 20 42 "R"
6 5 20 20 43 "R"
6 -6 20 20 44 "R"
6 -15 20 20 45 "R"
6 2 20 20 46 "R"
6 -12 20 20 47 "R"
6 4 10 20 48 "V"
6 2 20 20 49 "R"
6 2 20 20 50 "R"
6 4 20 20 51 "R"
6 2 20 20 52 "R"
6 -12 20 20 53 "R"
6 -6 50 20 54 "A"
6 -12 20 20 55 "R"
6 1 50 20 56 "A"
6 5 20 20 57 "R"
6 -6 20 20 58 "R"
6 -6 20 20 59 "R"
6 1 50 20 60 "A"
6 -6 20 20 61 "R"
6 2 20 20 62 "R"
6 5 20 20 63 "R"
6 -15 20 20 64 "R"
6 -15 20 20 65 "R"
6 -6 20 20 66 "R"
6 3 50 20 67 "A"
6 -6 20 20 68 "R"
6 -6 20 20 69 "R"
6 -12 20 20 70 "R"
6 4 10 20 71 "V"
6 2 20 20 72 "R"
6 2 20 20 73 "R"
6 -6 20 20 74 "R"
6 -12 20 20 75 "R"
6 -6 20 20 76 "R"
6 2 20 20 77 "R"
6 2 20 20 78 "R"
6 -12 20 20 79 "R"
6 -6 50 20 80 "A"
6 -12 20 20 81 "R"
6 -6 20 20 82 "R"
6 4 20 20 83 "R"
6 -12 20 20 84 "R"
6 -6 20 20 85 "R"
6 -6 20 20 86 "R"
6 4 20 20 87 "R"
6 -6 20 20 88 "R"
6 4 20 20 89 "R"
6 2 20 20 90 "R"
6 -6 20 20 91 "R"
6 2 20 20 92 "R"
6 4 20 20 93 "R"
6 2 20 20 94 "R"
6 4 20 20 95 "R"
6 2 20 20 96 "R"
6 -12 20 20 97 "R"
6 -12 50 20 98 "A"
6 -6 20 20 99 "R"
6 -6 20 20 100 "R"
6 -6 20 20 101 "R"
6 2 20 20 102 "R"
6 -12 20 20 103 "R"
6 -3 10 20 104 "V"
6 4 20 20 105 "R"
6 2 20 20 106 "R"
6 -12 20 20 107 "R"
6 -9 10 20 108 "V"
6 -3 40 20 109 "F"
6 2 20 20 110 "R"
6 4 20 20 111 "R"
6 4 20 20 112 "R"
6 -12 20 20 113 "R"
6 -6 50 20 114 "A"
6 4 20 20 115 "R"
6 2 20 20 116 "R"
6 4 20 20 117 "R"
6 2 20 20 118 "R"
6 4 20 20 119 "R"
6 2 20 20 120 "R"
6 -12 20 20 121 "R"
6 2 20 20 122 "R"
6 -6 20 20 123 "R"
6 2 20 20 124 "R"
6 4 20 20 125 "R"
6 -6 20 20 126 "R"
6 4 20 20 127 "R"
6 -6 20 20 128 "R"
6 5 20 20 129 "R"
6 2 20 20 130 "R"
6 -12 20 20 131 "R"
6 2 20 20 132 "R"
6 4 20 20 133 "R"
6 2 20 20 134 "R"
6 1 50 21 1 "A"
6 2 20 21 2 "R"
6 4 20 21 3 "R"
6 -6 20 21 4 "R"
6 -12 20 21 5 "R"
6 2 20 21 6 "R"
6 2 20 21 7 "R"
6 -6 20 21 8 "R"
6 -12 20 21 9 "R"
6 2 20 21 10 "R"
6 2 20 21 11 "R"
6 1 50 21 12 "A"
6 2 20 21 13 "R"
6 -6 50 21 14 "A"
6 -6 20 21 15 "R"
6 -6 20 21 16 "R"
6 -12 20 21 17 "R"
6 -6 20 21 18 "R"
6 -12 20 21 19 "R"
6 2 20 21 20 "R"
6 3 50 21 21 "A"
6 -12 20 21 22 "R"
6 -12 20 21 23 "R"
6 2 20 21 24 "R"
6 2 20 21 25 "R"
6 -12 20 21 26 "R"
6 2 20 21 27 "R"
6 -6 20 21 28 "R"
6 -15 20 21 29 "R"
6 4 10 21 30 "V"
6 -3 10 21 31 "V"
6 2 20 21 32 "R"
6 5 20 21 33 "R"
6 -12 20 21 34 "R"
6 -15 20 21 35 "R"
6 -6 20 21 36 "R"
6 4 20 21 37 "R"
6 2 20 21 38 "R"
6 -12 20 21 39 "R"
6 2 20 21 40 "R"
6 5 20 21 41 "R"
6 4 20 21 42 "R"
6 -12 20 21 43 "R"
6 1 50 21 44 "A"
6 -12 20 21 45 "R"
6 2 20 21 46 "R"
6 -15 20 21 47 "R"
6 2 20 21 48 "R"
6 4 20 21 49 "R"
6 2 20 21 50 "R"
6 -6 20 21 51 "R"
6 2 10 21 52 "V"
6 4 10 21 53 "V"
6 -6 20 21 54 "R"
6 5 20 21 55 "R"
6 -6 20 21 56 "R"
6 -12 20 21 57 "R"
6 2 20 21 58 "R"
6 4 20 21 59 "R"
6 -12 20 21 60 "R"
6 -6 20 21 61 "R"
6 -6 20 21 62 "R"
6 5 20 21 63 "R"
6 2 20 21 64 "R"
6 4 20 21 65 "R"
6 -3 10 21 66 "V"
6 2 20 21 67 "R"
6 1 50 21 68 "A"
6 -6 20 21 69 "R"
6 -6 20 21 70 "R"
6 2 20 21 71 "R"
6 -6 20 21 72 "R"
6 -12 20 21 73 "R"
6 3 40 21 74 "F"
6 5 20 21 75 "R"
6 2 20 21 76 "R"
6 -9 10 21 77 "V"
6 -6 20 21 78 "R"
6 4 20 21 79 "R"
6 -12 20 21 80 "R"
6 4 20 21 81 "R"
6 2 20 21 82 "R"
6 -3 10 21 83 "V"
6 -6 20 21 84 "R"
6 4 10 21 85 "V"
6 -3 10 21 86 "V"
6 4 20 21 87 "R"
6 -6 20 21 88 "R"
6 4 20 21 89 "R"
6 2 10 21 90 "V"
6 -12 20 21 91 "R"
6 -6 20 21 92 "R"
6 5 20 21 93 "R"
6 -6 20 21 94 "R"
6 -12 20 21 95 "R"
6 4 20 21 96 "R"
6 4 10 21 97 "V"
6 4 20 21 98 "R"
6 2 20 21 99 "R"
6 2 20 21 100 "R"
6 2 10 21 101 "V"
6 4 20 21 102 "R"
6 5 10 21 103 "V"
6 -12 20 21 104 "R"
6 5 20 21 105 "R"
6 -6 20 21 106 "R"
6 -6 20 21 107 "R"
6 -6 20 21 108 "R"
6 4 20 21 109 "R"
6 -6 20 21 110 "R"
6 2 20 21 111 "R"
6 -6 20 21 112 "R"
6 2 10 21 113 "V"
6 2 20 21 114 "R"
6 -6 20 21 115 "R"
6 -6 20 21 116 "R"
6 -36 10 21 117 "V"
6 2 20 21 118 "R"
6 -6 20 21 119 "R"
6 4 20 21 120 "R"
6 -6 20 21 121 "R"
6 -6 20 21 122 "R"
6 -15 20 21 123 "R"
6 2 20 21 124 "R"
6 -9 10 21 125 "V"
6 -6 20 21 126 "R"
6 -6 20 21 127 "R"
6 2 20 21 128 "R"
6 -12 20 21 129 "R"
6 2 20 22 1 "R"
6 -6 50 22 2 "A"
6 -12 20 22 3 "R"
6 4 20 22 4 "R"
6 -6 20 22 5 "R"
6 2 20 22 6 "R"
6 -12 20 22 7 "R"
6 2 20 22 8 "R"
6 -12 20 22 9 "R"
6 2 20 22 10 "R"
6 -15 20 22 11 "R"
6 -6 20 22 12 "R"
6 -12 20 22 13 "R"
6 4 20 22 14 "R"
6 -6 20 22 15 "R"
6 2 20 22 16 "R"
6 4 20 22 17 "R"
6 2 20 22 18 "R"
6 4 20 22 19 "R"
6 -12 20 22 20 "R"
6 -12 20 22 21 "R"
6 2 20 22 22 "R"
6 -12 20 22 23 "R"
6 -12 20 22 24 "R"
6 4 20 22 25 "R"
6 2 20 22 26 "R"
6 -6 20 22 27 "R"
6 -6 20 22 28 "R"
6 -12 20 22 29 "R"
6 -3 10 22 30 "V"
6 -6 20 22 31 "R"
6 -6 20 22 32 "R"
6 -6 20 22 33 "R"
6 4 10 22 34 "V"
6 -6 20 22 35 "R"
6 -6 20 22 36 "R"
6 -12 20 22 37 "R"
6 4 10 22 38 "V"
6 5 20 22 39 "R"
6 -6 20 22 40 "R"
6 -6 20 22 41 "R"
6 2 20 22 42 "R"
6 -12 20 22 43 "R"
6 -6 20 22 44 "R"
6 4 10 22 45 "V"
6 -6 20 22 46 "R"
6 2 20 22 47 "R"
6 -6 20 22 48 "R"
6 -12 20 22 49 "R"
6 2 20 22 50 "R"
6 -12 20 22 51 "R"
6 -6 20 22 52 "R"
6 2 20 22 53 "R"
6 -6 20 22 54 "R"
6 4 10 22 55 "V"
6 2 20 22 56 "R"
6 4 20 22 57 "R"
6 2 10 22 58 "V"
6 4 20 22 59 "R"
6 -6 20 22 60 "R"
6 -15 20 22 61 "R"
6 2 20 22 62 "R"
6 -6 20 22 63 "R"
6 2 20 22 64 "R"
6 -12 20 22 65 "R"
6 -6 20 22 66 "R"
6 -15 20 22 67 "R"
6 -6 20 22 68 "R"
6 2 20 22 69 "R"
6 -6 20 22 70 "R"
6 4 20 22 71 "R"
6 4 20 22 72 "R"
6 -15 20 22 73 "R"
6 -6 20 22 74 "R"
6 2 20 22 75 "R"
6 -9 10 22 76 "V"
6 -3 10 22 77 "V"
6 -6 20 22 78 "R"
6 -6 20 22 79 "R"
6 2 20 22 80 "R"
6 4 20 22 81 "R"
6 -3 10 22 82 "V"
6 4 20 22 83 "R"
6 -6 20 22 84 "R"
6 -36 40 22 85 "F"
6 -6 20 22 86 "R"
6 -6 20 22 87 "R"
6 -6 20 22 88 "R"
6 -12 20 22 89 "R"
6 2 20 22 90 "R"
6 5 20 22 91 "R"
6 2 20 22 92 "R"
6 -12 20 22 93 "R"
6 -12 20 22 94 "R"
6 2 20 22 95 "R"
6 -12 20 22 96 "R"
6 4 10 22 97 "V"
6 2 20 22 98 "R"
6 -15 20 22 99 "R"
6 -6 20 22 100 "R"
6 2 20 22 101 "R"
6 -6 20 22 102 "R"
6 -15 20 22 103 "R"
6 2 20 22 104 "R"
6 -12 20 22 105 "R"
6 2 20 22 106 "R"
6 4 10 22 107 "V"
6 -6 20 22 108 "R"
6 -6 20 22 109 "R"
6 -6 20 22 110 "R"
6 2 20 22 111 "R"
6 -6 20 22 112 "R"
6 -15 20 22 113 "R"
6 2 20 22 114 "R"
6 -12 20 22 115 "R"
6 -12 20 22 116 "R"
6 -15 20 22 117 "R"
6 -12 20 22 118 "R"
6 -12 20 22 119 "R"
6 2 20 22 120 "R"
6 -12 20 22 121 "R"
6 -6 20 22 122 "R"
6 -12 20 22 123 "R"
6 -6 20 22 124 "R"
6 -12 20 22 125 "R"
6 2 20 22 126 "R"
6 2 20 22 127 "R"
6 2 20 22 128 "R"
6 -12 20 22 129 "R"
6 2 20 22 130 "R"
6 4 20 22 131 "R"
6 1 50 22 132 "A"
6 -12 20 22 133 "R"
6 2 10 22 134 "V"
6 4 20 22 135 "R"
6 -6 20 22 136 "R"
6 -6 20 22 137 "R"
6 -12 20 23 1 "R"
6 2 20 23 2 "R"
6 -6 20 23 3 "R"
6 -12 20 23 4 "R"
6 -6 20 23 5 "R"
6 -6 20 23 6 "R"
6 -15 20 23 7 "R"
6 1 50 23 8 "A"
6 3 50 23 9 "A"
6 2 20 23 10 "R"
6 -12 20 23 11 "R"
6 4 20 23 12 "R"
6 4 20 23 13 "R"
6 2 20 23 14 "R"
6 2 20 23 15 "R"
6 4 20 23 16 "R"
6 -12 20 23 17 "R"
6 -6 20 23 18 "R"
6 12 50 23 19 "A"
6 -12 50 23 20 "A"
6 2 20 23 21 "R"
6 2 20 23 22 "R"
6 -6 20 23 23 "R"
6 4 20 23 24 "R"
6 4 20 23 25 "R"
6 2 20 23 26 "R"
6 -15 20 23 27 "R"
6 -6 20 23 28 "R"
6 -12 20 23 29 "R"
6 -6 20 23 30 "R"
6 -12 20 23 31 "R"
6 1 50 23 32 "A"
6 -12 20 23 33 "R"
6 2 20 23 34 "R"
6 -6 20 23 35 "R"
6 2 20 23 36 "R"
6 -12 20 23 37 "R"
6 -12 20 23 38 "R"
6 2 20 23 39 "R"
6 2 20 23 40 "R"
6 -12 20 23 41 "R"
6 -6 20 23 42 "R"
6 -12 20 23 43 "R"
6 -12 20 23 44 "R"
6 -12 20 23 45 "R"
6 2 20 23 46 "R"
6 4 20 23 47 "R"
6 4 20 23 48 "R"
6 2 20 23 49 "R"
6 2 20 23 50 "R"
6 -12 20 23 51 "R"
6 -6 20 23 52 "R"
6 2 20 23 53 "R"
6 -6 20 23 54 "R"
6 -6 20 23 55 "R"
6 1 50 23 56 "A"
6 -12 20 23 57 "R"
6 2 20 23 58 "R"
6 -12 20 23 59 "R"
6 1 50 23 60 "A"
6 -12 20 23 61 "R"
6 4 20 23 62 "R"
6 4 20 23 63 "R"
6 2 20 23 64 "R"
6 2 20 23 65 "R"
6 2 20 23 66 "R"
6 2 20 23 67 "R"
6 -6 20 23 68 "R"
6 -6 20 23 69 "R"
6 2 20 23 70 "R"
6 -6 20 23 71 "R"
6 2 20 23 72 "R"
6 -12 20 23 73 "R"
6 4 20 23 74 "R"
6 -15 20 23 75 "R"
6 -12 20 23 76 "R"
6 -36 40 23 77 "F"
6 -6 20 23 78 "R"
6 2 20 23 79 "R"
6 2 20 23 80 "R"
6 -12 20 23 81 "R"
6 -6 20 23 82 "R"
6 2 20 23 83 "R"
6 -6 20 23 84 "R"
6 -12 20 23 85 "R"
6 2 20 23 86 "R"
6 -15 20 23 87 "R"
6 2 20 23 88 "R"
6 -6 20 23 89 "R"
6 2 20 23 90 "R"
6 -6 20 23 91 "R"
6 -6 20 23 92 "R"
6 -12 20 23 93 "R"
6 -6 20 23 94 "R"
6 5 20 23 95 "R"
6 -12 20 23 96 "R"
6 -6 20 23 97 "R"
6 2 20 23 98 "R"
6 4 20 23 99 "R"
6 -6 20 23 100 "R"
6 3 50 23 101 "A"
6 2 20 23 102 "R"
6 2 20 23 103 "R"
6 2 20 23 104 "R"
6 5 20 23 105 "R"
6 -6 20 23 106 "R"
6 4 20 23 107 "R"
6 -12 20 24 1 "R"
6 2 20 24 2 "R"
6 -6 20 24 3 "R"
6 -12 20 24 4 "R"
6 -6 20 24 5 "R"
6 -6 20 24 6 "R"
6 -15 20 24 7 "R"
6 1 50 24 8 "A"
6 4 20 24 9 "R"
6 2 20 24 10 "R"
6 -12 20 24 11 "R"
6 4 10 24 12 "V"
6 3 50 24 13 "A"
6 2 20 24 14 "R"
6 2 20 24 15 "R"
6 4 20 24 16 "R"
6 -12 20 24 17 "R"
6 -6 20 24 18 "R"
6 5 20 24 19 "R"
6 -12 20 24 20 "R"
6 2 20 24 21 "R"
6 2 20 24 22 "R"
6 -6 20 24 23 "R"
6 4 20 24 24 "R"
6 4 10 24 25 "V"
6 2 20 24 26 "R"
6 -15 20 24 27 "R"
6 -6 20 24 28 "R"
6 -12 20 24 29 "R"
6 -6 20 24 30 "R"
6 -12 20 24 31 "R"
6 2 20 24 32 "R"
6 -12 20 24 33 "R"
6 1 50 24 34 "A"
6 -6 20 24 35 "R"
6 2 20 24 36 "R"
6 -9 10 24 37 "V"
6 -12 20 24 38 "R"
6 2 20 24 39 "R"
6 2 20 24 40 "R"
6 -12 20 24 41 "R"
6 -6 20 24 42 "R"
6 -12 20 24 43 "R"
6 -12 50 24 44 "A"
6 -12 20 24 45 "R"
6 2 20 24 46 "R"
6 4 20 24 47 "R"
6 4 20 24 48 "R"
6 2 20 24 49 "R"
6 2 20 24 50 "R"
6 -12 20 24 51 "R"
6 -6 20 24 52 "R"
6 2 10 24 53 "V"
6 -6 20 24 54 "R"
6 -6 20 24 55 "R"
6 2 20 24 56 "R"
6 -12 20 24 57 "R"
6 2 20 24 58 "R"
6 -12 20 24 59 "R"
6 2 20 24 60 "R"
6 -12 20 24 61 "R"
6 4 10 24 62 "V"
6 4 20 24 63 "R"
6 2 20 24 64 "R"
6 2 20 24 65 "R"
6 2 10 24 66 "V"
6 2 10 24 67 "V"
6 -6 20 24 68 "R"
6 -6 20 24 69 "R"
6 2 20 24 70 "R"
6 -6 20 24 71 "R"
6 2 20 24 72 "R"
6 -12 20 24 73 "R"
6 4 20 24 74 "R"
6 -36 10 24 75 "V"
6 -12 20 24 76 "R"
6 -36 10 24 77 "V"
6 -6 20 24 78 "R"
6 2 10 24 79 "V"
6 2 20 24 80 "R"
6 -12 20 24 81 "R"
6 -6 20 24 82 "R"
6 2 20 24 83 "R"
6 -6 20 24 84 "R"
6 -12 20 24 85 "R"
6 2 20 24 86 "R"
6 -15 20 24 87 "R"
6 2 20 24 88 "R"
6 -6 20 24 89 "R"
6 2 20 24 90 "R"
6 -6 20 24 91 "R"
6 -6 20 24 92 "R"
6 -12 20 24 93 "R"
6 -3 10 24 94 "V"
6 12 50 24 95 "A"
6 -12 20 24 96 "R"
6 -3 10 24 97 "V"
6 2 20 24 98 "R"
6 4 20 24 99 "R"
6 -6 20 24 100 "R"
6 3 50 24 101 "A"
6 2 20 24 102 "R"
6 2 20 24 103 "R"
6 1 50 24 104 "A"
6 5 20 24 105 "R"
6 -6 20 24 106 "R"
6 4 20 24 107 "R"
6 -6 20 24 108 "R"
6 4 20 24 109 "R"
6 -6 20 24 110 "R"
6 -6 50 24 111 "A"
6 -6 20 24 112 "R"
6 5 20 24 113 "R"
6 2 20 24 114 "R"
6 -15 20 24 115 "R"
6 2 10 24 116 "V"
6 4 20 24 117 "R"
6 -6 20 24 118 "R"
6 4 20 24 119 "R"
6 -6 50 24 120 "A"
6 2 20 25 1 "R"
6 -6 20 25 2 "R"
6 -12 20 25 3 "R"
6 4 20 25 4 "R"
6 -6 20 25 5 "R"
6 2 20 25 6 "R"
6 -12 20 25 7 "R"
6 2 20 25 8 "R"
6 -12 20 25 9 "R"
6 80 40 25 10 "F"
6 -15 20 25 11 "R"
6 -6 20 25 12 "R"
6 -12 20 25 13 "R"
6 4 20 25 14 "R"
6 -6 20 25 15 "R"
6 2 20 25 16 "R"
6 3 50 25 17 "A"
6 1 40 25 18 "F"
6 4 20 25 19 "R"
6 -9 10 25 20 "V"
6 -12 20 25 21 "R"
6 2 20 25 22 "R"
6 -12 50 25 23 "A"
6 -9 10 25 24 "V"
6 4 20 25 25 "R"
6 2 20 25 26 "R"
6 -6 20 25 27 "R"
6 -6 20 25 28 "R"
6 -12 20 25 29 "R"
6 -6 20 25 30 "R"
6 -6 20 25 31 "R"
6 -6 50 25 32 "A"
6 -6 20 25 33 "R"
6 4 20 25 34 "R"
6 -6 20 25 35 "R"
6 -6 20 25 36 "R"
6 -12 20 25 37 "R"
6 4 20 25 38 "R"
6 5 20 25 39 "R"
6 -6 20 25 40 "R"
6 -6 20 25 41 "R"
6 2 20 25 42 "R"
6 -12 20 25 43 "R"
6 -6 20 25 44 "R"
6 4 20 25 45 "R"
6 -3 10 25 46 "V"
6 2 20 25 47 "R"
6 -3 10 25 48 "V"
6 -12 20 25 49 "R"
6 2 20 25 50 "R"
6 -12 20 25 51 "R"
6 -6 20 25 52 "R"
6 2 20 25 53 "R"
6 -6 20 25 54 "R"
6 4 20 25 55 "R"
6 2 20 25 56 "R"
6 4 20 25 57 "R"
6 2 10 25 58 "V"
6 4 20 25 59 "R"
6 -6 20 25 60 "R"
6 -36 10 25 61 "V"
6 2 10 25 62 "V"
6 -3 10 25 63 "V"
6 2 20 25 64 "R"
6 -12 20 25 65 "R"
6 -6 20 25 66 "R"
6 -15 20 25 67 "R"
6 -6 20 25 68 "R"
6 2 20 25 69 "R"
6 -6 20 25 70 "R"
6 4 20 25 71 "R"
6 4 20 25 72 "R"
6 -15 20 25 73 "R"
6 -3 10 25 74 "V"
6 2 20 25 75 "R"
6 -12 20 25 76 "R"
6 -6 20 25 77 "R"
6 -6 20 25 78 "R"
6 -3 10 25 79 "V"
6 2 20 25 80 "R"
6 3 40 25 81 "F"
6 -6 20 25 82 "R"
6 4 20 25 83 "R"
6 -6 50 25 84 "A"
6 -15 20 25 85 "R"
6 -6 20 25 86 "R"
6 -3 10 25 87 "V"
6 -6 20 25 88 "R"
6 -12 20 25 89 "R"
6 2 20 25 90 "R"
6 5 20 25 91 "R"
6 2 10 25 92 "V"
6 -12 20 25 93 "R"
6 -12 20 25 94 "R"
6 2 20 25 95 "R"
6 -9 10 25 96 "V"
6 4 20 25 97 "R"
6 2 20 25 98 "R"
6 -15 20 25 99 "R"
6 -6 20 25 100 "R"
6 2 20 25 101 "R"
6 -6 20 25 102 "R"
6 -15 20 25 103 "R"
6 2 20 25 104 "R"
6 -9 40 25 105 "F"
6 2 20 25 106 "R"
6 4 20 25 107 "R"
6 -3 10 25 108 "V"
6 -6 20 25 109 "R"
6 -6 20 25 110 "R"
6 2 20 25 111 "R"
6 -6 20 25 112 "R"
6 -15 20 25 113 "R"
6 2 20 25 114 "R"
6 -12 20 25 115 "R"
6 -12 20 25 116 "R"
6 -15 50 25 117 "A"
6 -12 20 25 118 "R"
6 -12 20 25 119 "R"
6 2 20 25 120 "R"
6 -12 20 25 121 "R"
6 -6 20 25 122 "R"
6 -12 20 25 123 "R"
6 2 20 26 1 "R"
6 2 20 26 2 "R"
6 4 20 26 3 "R"
6 -6 20 26 4 "R"
6 -12 20 26 5 "R"
6 2 20 26 6 "R"
6 2 20 26 7 "R"
6 -6 20 26 8 "R"
6 -12 20 26 9 "R"
6 2 20 26 10 "R"
6 2 20 26 11 "R"
6 2 20 26 12 "R"
6 2 20 26 13 "R"
6 -6 20 26 14 "R"
6 -6 20 26 15 "R"
6 -3 40 26 16 "F"
6 -12 20 26 17 "R"
6 -3 40 26 18 "F"
6 -12 20 26 19 "R"
6 2 20 26 20 "R"
6 3 50 26 21 "A"
6 -9 40 26 22 "F"
6 -12 20 26 23 "R"
6 2 20 26 24 "R"
6 2 20 26 25 "R"
6 -12 20 26 26 "R"
6 2 10 26 27 "V"
6 -6 20 26 28 "R"
6 -15 20 26 29 "R"
6 4 20 26 30 "R"
6 -6 20 26 31 "R"
6 2 20 26 32 "R"
6 12 40 26 33 "F"
6 -12 20 26 34 "R"
6 -15 20 26 35 "R"
6 -6 20 26 36 "R"
6 4 20 26 37 "R"
6 2 20 26 38 "R"
6 -12 50 26 39 "A"
6 2 20 26 40 "R"
6 5 20 26 41 "R"
6 4 20 26 42 "R"
6 -12 20 26 43 "R"
6 2 20 26 44 "R"
6 -12 20 26 45 "R"
6 2 10 26 46 "V"
6 -36 10 26 47 "V"
6 2 20 26 48 "R"
6 4 20 26 49 "R"
6 2 20 26 50 "R"
6 -6 20 26 51 "R"
6 2 20 26 52 "R"
6 4 20 26 53 "R"
6 -6 20 26 54 "R"
6 5 20 26 55 "R"
6 -6 20 26 56 "R"
6 -9 10 26 57 "V"
6 2 20 26 58 "R"
6 4 20 26 59 "R"
6 -12 20 26 60 "R"
6 -6 20 26 61 "R"
6 -3 10 26 62 "V"
6 5 20 26 63 "R"
6 2 20 26 64 "R"
6 4 20 26 65 "R"
6 -6 20 26 66 "R"
6 2 20 26 67 "R"
6 2 20 26 68 "R"
6 -6 20 26 69 "R"
6 -6 20 26 70 "R"
6 2 20 26 71 "R"
6 -6 20 26 72 "R"
6 -12 20 26 73 "R"
6 4 20 26 74 "R"
6 12 50 26 75 "A"
6 2 20 26 76 "R"
6 -9 10 26 77 "V"
6 -3 40 26 78 "F"
6 4 20 26 79 "R"
6 -9 10 26 80 "V"
6 4 20 26 81 "R"
6 2 20 26 82 "R"
6 -6 20 26 83 "R"
6 -6 20 26 84 "R"
6 4 20 26 85 "R"
6 -6 20 26 86 "R"
6 4 20 26 87 "R"
6 -6 20 26 88 "R"
6 4 20 26 89 "R"
6 2 20 26 90 "R"
6 -12 20 26 91 "R"
6 -6 20 26 92 "R"
6 5 20 26 93 "R"
6 -6 20 26 94 "R"
6 -12 20 26 95 "R"
6 4 20 26 96 "R"
6 4 20 26 97 "R"
6 4 20 26 98 "R"
6 2 20 26 99 "R"
6 2 20 26 100 "R"
6 2 20 26 101 "R"
6 4 20 26 102 "R"
6 5 20 26 103 "R"
6 -9 10 26 104 "V"
6 5 20 26 105 "R"
6 -6 20 26 106 "R"
6 -6 20 26 107 "R"
6 -6 20 26 108 "R"
6 4 20 26 109 "R"
6 -6 20 26 110 "R"
6 2 20 26 111 "R"
6 -6 50 26 112 "A"
6 2 20 26 113 "R"
6 2 20 26 114 "R"
6 -6 20 26 115 "R"
6 -3 10 26 116 "V"
6 -15 20 26 117 "R"
6 2 20 26 118 "R"
6 -6 20 26 119 "R"
6 4 20 26 120 "R"
6 -6 20 26 121 "R"
6 -6 20 26 122 "R"
6 -15 20 26 123 "R"
6 2 20 26 124 "R"
6 -12 20 26 125 "R"
6 -6 20 26 126 "R"
6 -6 20 26 127 "R"
6 2 10 26 128 "V"
6 -12 20 26 129 "R"
6 -12 50 26 130 "A"
6 4 20 26 131 "R"
6 2 10 26 132 "V"
6 -12 20 26 133 "R"
6 -6 20 26 134 "R"
6 -6 20 27 1 "R"
6 2 20 27 2 "R"
6 5 20 27 3 "R"
6 -6 20 27 4 "R"
6 -12 20 27 5 "R"
6 -6 20 27 6 "R"
6 -12 50 27 7 "A"
6 -6 20 27 8 "R"
6 5 10 27 9 "V"
6 2 20 27 10 "R"
6 4 20 27 11 "R"
6 2 20 27 12 "R"
6 4 20 27 13 "R"
6 -6 20 27 14 "R"
6 -12 20 27 15 "R"
6 2 10 27 16 "V"
6 -15 20 27 17 "R"
6 2 10 27 18 "V"
6 4 20 27 19 "R"
6 -6 20 27 20 "R"
6 -15 20 27 21 "R"
6 -12 20 27 22 "R"
6 4 20 27 23 "R"
6 -6 20 27 24 "R"
6 5 20 27 25 "R"
6 -12 20 27 26 "R"
6 4 20 27 27 "R"
6 -6 20 27 28 "R"
6 4 10 27 29 "V"
6 2 20 27 30 "R"
6 -12 20 27 31 "R"
6 -3 10 27 32 "V"
6 -12 20 27 33 "R"
6 2 20 27 34 "R"
6 5 20 27 35 "R"
6 4 20 27 36 "R"
6 4 20 27 37 "R"
6 -6 20 27 38 "R"
6 4 20 27 39 "R"
6 2 20 27 40 "R"
6 5 20 27 41 "R"
6 2 20 27 42 "R"
6 2 20 27 43 "R"
6 2 20 27 44 "R"
6 -6 20 27 45 "R"
6 -3 10 27 46 "V"
6 -6 20 27 47 "R"
6 2 20 27 48 "R"
6 -15 20 27 49 "R"
6 2 10 27 50 "V"
6 2 20 27 51 "R"
6 2 20 27 52 "R"
6 4 20 27 53 "R"
6 2 20 27 54 "R"
6 2 20 27 55 "R"
6 -12 20 27 56 "R"
6 2 10 27 57 "V"
6 4 20 27 58 "R"
6 -6 20 27 59 "R"
6 -240 10 27 60 "V"
6 -12 20 27 61 "R"
6 -6 20 27 62 "R"
6 2 20 27 63 "R"
6 -6 20 27 64 "R"
6 4 20 27 65 "R"
6 2 20 27 66 "R"
6 -12 20 27 67 "R"
6 2 20 27 68 "R"
6 -12 20 27 69 "R"
6 2 10 27 70 "V"
6 -6 20 27 71 "R"
6 2 10 27 72 "V"
6 4 20 27 73 "R"
6 -12 20 27 74 "R"
6 -9 10 27 75 "V"
6 -3 10 27 76 "V"
6 -12 20 27 77 "R"
6 -3 10 27 78 "V"
6 -12 20 27 79 "R"
6 -6 20 27 80 "R"
6 -12 20 27 81 "R"
6 -3 10 27 82 "V"
6 4 20 27 83 "R"
6 -6 20 27 84 "R"
6 -3 10 27 85 "V"
6 -9 10 27 86 "V"
6 -6 20 27 87 "R"
6 -6 20 27 88 "R"
6 -15 20 27 89 "R"
6 2 20 27 90 "R"
6 -15 20 27 91 "R"
6 1 40 27 92 "F"
6 -6 20 27 93 "R"
6 4 20 27 94 "R"
6 -12 20 27 95 "R"
6 2 20 27 96 "R"
6 4 20 27 97 "R"
6 -6 20 27 98 "R"
6 -6 20 27 99 "R"
6 -6 20 27 100 "R"
6 2 20 27 101 "R"
6 2 20 27 102 "R"
6 -12 20 27 103 "R"
6 4 10 27 104 "V"
6 5 20 27 105 "R"
6 2 20 27 106 "R"
6 -15 20 27 107 "R"
6 2 10 27 108 "V"
6 4 20 27 109 "R"
6 2 20 27 110 "R"
6 -6 20 27 111 "R"
6 -6 20 28 1 "R"
6 2 20 28 2 "R"
6 5 20 28 3 "R"
6 -6 20 28 4 "R"
6 -12 50 28 5 "A"
6 -6 20 28 6 "R"
6 -12 50 28 7 "A"
6 -6 20 28 8 "R"
6 12 50 28 9 "A"
6 2 20 28 10 "R"
6 4 20 28 11 "R"
6 2 20 28 12 "R"
6 4 20 28 13 "R"
6 -6 20 28 14 "R"
6 -12 20 28 15 "R"
6 2 20 28 16 "R"
6 -15 20 28 17 "R"
6 2 20 28 18 "R"
6 4 20 28 19 "R"
6 -6 20 28 20 "R"
6 -15 20 28 21 "R"
6 -9 10 28 22 "V"
6 3 50 28 23 "A"
6 -6 20 28 24 "R"
6 5 20 28 25 "R"
6 -12 20 28 26 "R"
6 4 10 28 27 "V"
6 -6 20 28 28 "R"
6 4 20 28 29 "R"
6 2 20 28 30 "R"
6 -12 20 28 31 "R"
6 -3 10 28 32 "V"
6 -9 10 28 33 "V"
6 1 50 28 34 "A"
6 5 20 28 35 "R"
6 4 20 28 36 "R"
6 4 20 28 37 "R"
6 -6 20 28 38 "R"
6 4 20 28 39 "R"
6 2 20 28 40 "R"
6 5 20 28 41 "R"
6 2 20 28 42 "R"
6 2 20 28 43 "R"
6 2 20 28 44 "R"
6 -6 20 28 45 "R"
6 -6 20 28 46 "R"
6 -6 20 28 47 "R"
6 1 50 28 48 "A"
6 -15 20 28 49 "R"
6 2 10 28 50 "V"
6 2 20 28 51 "R"
6 2 20 28 52 "R"
6 4 20 28 53 "R"
6 2 20 28 54 "R"
6 2 20 28 55 "R"
6 -12 20 28 56 "R"
6 2 10 28 57 "V"
6 4 20 28 58 "R"
6 -6 20 28 59 "R"
6 -240 10 28 60 "V"
6 -12 20 28 61 "R"
6 -6 50 28 62 "A"
6 2 20 28 63 "R"
6 -6 20 28 64 "R"
6 4 10 28 65 "V"
6 2 20 28 66 "R"
6 -12 20 28 67 "R"
6 2 20 28 68 "R"
6 -12 20 28 69 "R"
6 2 20 28 70 "R"
6 -6 20 28 71 "R"
6 1 50 28 72 "A"
6 4 20 28 73 "R"
6 -12 20 28 74 "R"
6 -12 50 28 75 "A"
6 -3 10 28 76 "V"
6 -9 10 28 77 "V"
6 -6 20 28 78 "R"
6 -12 20 28 79 "R"
6 -6 20 28 80 "R"
6 -12 20 28 81 "R"
6 -3 10 28 82 "V"
6 4 10 28 83 "V"
6 -6 20 28 84 "R"
6 -6 20 28 85 "R"
6 -12 20 28 86 "R"
6 -3 10 28 87 "V"
6 -3 10 28 88 "V"
6 -36 10 28 89 "V"
6 1 40 28 90 "F"
6 -15 20 28 91 "R"
6 2 20 28 92 "R"
6 -6 20 28 93 "R"
6 4 20 28 94 "R"
6 -12 20 28 95 "R"
6 2 10 28 96 "V"
6 4 20 28 97 "R"
6 -6 20 28 98 "R"
6 -6 20 28 99 "R"
6 -3 10 28 100 "V"
6 2 20 28 101 "R"
6 2 20 28 102 "R"
6 -12 20 28 103 "R"
6 4 10 28 104 "V"
6 5 20 28 105 "R"
6 2 20 28 106 "R"
6 -15 20 28 107 "R"
6 2 10 28 108 "V"
6 4 20 28 109 "R"
6 2 20 28 110 "R"
6 -6 20 28 111 "R"
6 1 50 28 112 "A"
6 4 20 28 113 "R"
6 -12 20 28 114 "R"
6 -6 20 28 115 "R"
6 -3 10 28 116 "V"
6 -9 10 28 117 "V"
6 2 20 28 118 "R"
6 2 20 28 119 "R"
6 -6 20 28 120 "R"
6 -6 20 28 121 "R"
6 2 20 28 122 "R"
6 -15 20 28 123 "R"
6 2 10 28 124 "V"
6 -15 20 28 125 "R"
6 4 20 28 126 "R"
6 -15 20 28 127 "R"
6 2 10 28 128 "V"
6 -6 20 28 129 "R"
6 -6 50 29 1 "A"
6 1 50 29 2 "A"
6 5 20 29 3 "R"
6 -6 20 29 4 "R"
6 -9 40 29 5 "F"
6 -6 20 29 6 "R"
6 -12 20 29 7 "R"
6 -6 50 29 8 "A"
6 5 20 29 9 "R"
6 2 20 29 10 "R"
6 4 20 29 11 "R"
6 2 20 29 12 "R"
6 4 20 29 13 "R"
6 -6 20 29 14 "R"
6 -12 20 29 15 "R"
6 2 20 29 16 "R"
6 -15 20 29 17 "R"
6 2 20 29 18 "R"
6 4 20 29 19 "R"
6 -6 50 29 20 "A"
6 -15 20 29 21 "R"
6 -12 20 29 22 "R"
6 4 10 29 23 "V"
6 -6 20 29 24 "R"
6 5 20 29 25 "R"
6 -12 20 29 26 "R"
6 4 20 29 27 "R"
6 -6 50 29 28 "A"
6 4 10 29 29 "V"
6 2 20 29 30 "R"
6 -12 20 29 31 "R"
6 -6 50 29 32 "A"
6 -12 50 29 33 "A"
6 2 20 29 34 "R"
6 5 20 29 35 "R"
6 4 20 29 36 "R"
6 4 20 29 37 "R"
6 -6 20 29 38 "R"
6 4 20 29 39 "R"
6 2 20 29 40 "R"
6 5 20 29 41 "R"
6 2 20 29 42 "R"
6 1 40 29 43 "F"
6 2 10 29 44 "V"
6 -6 20 29 45 "R"
6 -6 20 29 46 "R"
6 -3 10 29 47 "V"
6 2 20 29 48 "R"
6 -36 10 29 49 "V"
6 2 10 29 50 "V"
6 2 20 29 51 "R"
6 2 20 29 52 "R"
6 4 20 29 53 "R"
6 2 20 29 54 "R"
6 2 20 29 55 "R"
6 -12 20 29 56 "R"
6 2 20 29 57 "R"
6 4 10 29 58 "V"
6 -6 20 29 59 "R"
6 -6 50 29 60 "A"
6 -12 20 29 61 "R"
6 -3 10 29 62 "V"
6 2 20 29 63 "R"
6 -6 20 29 64 "R"
6 4 20 29 65 "R"
6 2 20 29 66 "R"
6 -12 20 29 67 "R"
6 2 20 29 68 "R"
6 -12 20 29 69 "R"
6 2 20 29 70 "R"
6 -6 20 29 71 "R"
6 2 20 29 72 "R"
6 3 50 29 73 "A"
6 -12 20 29 74 "R"
6 -12 20 29 75 "R"
6 -3 10 29 76 "V"
6 -12 20 29 77 "R"
6 -3 10 29 78 "V"
6 -12 20 29 79 "R"
6 -3 10 29 80 "V"
6 -12 20 29 81 "R"
6 -6 20 29 82 "R"
6 4 20 29 83 "R"
6 -6 20 29 84 "R"
6 -6 20 29 85 "R"
6 -12 20 29 86 "R"
6 -6 20 29 87 "R"
6 -6 50 29 88 "A"
6 -15 20 29 89 "R"
6 2 20 29 90 "R"
6 -36 10 29 91 "V"
6 2 20 29 92 "R"
6 -6 50 29 93 "A"
6 4 20 29 94 "R"
6 -12 20 29 95 "R"
6 2 20 29 96 "R"
6 3 50 29 97 "A"
6 -6 20 29 98 "R"
6 -6 50 29 99 "A"
6 -6 20 29 100 "R"
6 2 20 29 101 "R"
6 2 10 29 102 "V"
6 -9 10 29 103 "V"
6 4 20 29 104 "R"
6 5 20 29 105 "R"
6 2 20 29 106 "R"
6 -15 20 29 107 "R"
6 2 20 29 108 "R"
6 4 20 29 109 "R"
6 2 20 29 110 "R"
6 -6 50 29 111 "A"
6 2 10 29 112 "V"
6 4 20 29 113 "R"
6 -12 20 29 114 "R"
6 -3 10 29 115 "V"
6 -3 10 29 116 "V"
6 -12 20 29 117 "R"
6 2 20 29 118 "R"
6 2 20 29 119 "R"
6 -6 20 29 120 "R"
6 -6 20 29 121 "R"
6 2 20 29 122 "R"
6 -36 10 29 123 "V"
6 2 20 29 124 "R"
6 -15 20 29 125 "R"
6 4 10 29 126 "V"
6 -12 20 30 1 "R"
6 2 20 30 2 "R"
6 -12 20 30 3 "R"
6 -6 20 30 4 "R"
6 -12 20 30 5 "R"
6 -6 50 30 6 "A"
6 -12 20 30 7 "R"
6 -6 20 30 8 "R"
6 -15 20 30 9 "R"
6 -6 20 30 10 "R"
6 2 20 30 11 "R"
6 2 20 30 12 "R"
6 4 20 30 13 "R"
6 -6 20 30 14 "R"
6 4 20 30 15 "R"
6 2 20 30 16 "R"
6 3 50 30 17 "A"
6 2 20 30 18 "R"
6 -15 20 30 19 "R"
6 -6 20 30 20 "R"
6 -12 20 30 21 "R"
6 -6 20 30 22 "R"
6 2 20 30 23 "R"
6 2 20 30 24 "R"
6 4 20 30 25 "R"
6 -9 10 30 26 "V"
6 -12 20 30 27 "R"
6 -6 20 30 28 "R"
6 4 20 30 29 "R"
6 -6 50 30 30 "A"
6 -12 20 30 31 "R"
6 -15 20 30 32 "R"
6 5 20 30 33 "R"
6 -6 20 30 34 "R"
6 1 50 30 35 "A"
6 -6 20 30 36 "R"
6 2 20 30 37 "R"
6 4 20 30 38 "R"
6 2 20 30 39 "R"
6 2 10 30 40 "V"
6 -6 20 30 41 "R"
6 -6 20 30 42 "R"
6 -6 20 30 43 "R"
6 2 20 30 44 "R"
6 -6 50 30 45 "A"
6 -6 20 30 46 "R"
6 -12 20 30 47 "R"
6 -12 20 30 48 "R"
6 -6 20 30 49 "R"
6 -6 20 30 50 "R"
6 4 10 30 51 "V"
6 2 20 30 52 "R"
6 5 20 30 53 "R"
6 -3 10 30 54 "V"
6 -9 10 30 55 "V"
6 2 20 30 56 "R"
6 -12 20 30 57 "R"
6 2 20 30 58 "R"
6 -6 20 30 59 "R"
6 2 20 30 60 "R"
6 -12 20 30 61 "R"
6 2 20 30 62 "R"
6 4 20 30 63 "R"
6 -6 20 30 64 "R"
6 3 50 30 65 "A"
6 2 10 30 66 "V"
6 -9 10 30 67 "V"
6 2 20 30 68 "R"
6 4 20 30 69 "R"
6 -6 20 30 70 "R"
6 2 20 30 71 "R"
6 -6 20 30 72 "R"
6 -12 50 30 73 "A"
6 -6 20 30 74 "R"
6 -15 20 30 75 "R"
6 2 20 30 76 "R"
6 -9 10 30 77 "V"
6 2 10 30 78 "V"
6 -12 20 30 79 "R"
6 2 20 30 80 "R"
6 -12 20 30 81 "R"
6 -6 20 30 82 "R"
6 4 10 30 83 "V"
6 2 20 30 84 "R"
6 4 10 30 85 "V"
6 -6 20 30 86 "R"
6 -12 20 30 87 "R"
6 2 20 30 88 "R"
6 -3 10 30 89 "V"
6 -6 20 30 90 "R"
6 -12 20 30 91 "R"
6 -6 20 30 92 "R"
6 5 20 30 93 "R"
6 2 20 30 94 "R"
6 -12 20 30 95 "R"
6 -3 10 30 96 "V"
6 5 20 30 97 "R"
6 -6 20 30 98 "R"
6 -6 20 30 99 "R"
6 -6 20 30 100 "R"
6 -15 20 30 101 "R"
6 -6 20 30 102 "R"
6 -12 20 30 103 "R"
6 4 20 30 104 "R"
6 2 20 30 105 "R"
6 4 20 30 106 "R"
6 1 50 30 107 "A"
6 -6 20 30 108 "R"
6 2 20 30 109 "R"
6 -6 20 30 110 "R"
6 -12 20 30 111 "R"
6 -3 10 30 112 "V"
6 4 20 30 113 "R"
6 -12 20 30 114 "R"
6 -6 20 30 115 "R"
6 2 20 30 116 "R"
6 1 50 30 117 "A"
6 2 20 30 118 "R"
6 -6 20 30 119 "R"
6 -3 10 30 120 "V"
6 -9 10 30 121 "V"
6 -9 10 30 122 "V"
6 5 20 30 123 "R"
6 -6 20 31 1 "R"
6 1 40 31 2 "F"
6 -12 20 31 3 "R"
6 -6 20 31 4 "R"
6 -9 10 31 5 "V"
6 -6 50 31 6 "A"
6 -6 20 31 7 "R"
6 1 50 31 8 "A"
6 -12 20 31 9 "R"
6 -3 40 31 10 "F"
6 4 20 31 11 "R"
6 -6 20 31 12 "R"
6 5 20 31 13 "R"
6 2 20 31 14 "R"
6 -12 20 31 15 "R"
6 -6 20 31 16 "R"
6 -12 20 31 17 "R"
6 2 20 31 18 "R"
6 -15 20 31 19 "R"
6 -3 40 31 20 "F"
6 4 20 31 21 "R"
6 -3 40 31 22 "F"
6 5 20 31 23 "R"
6 2 20 31 24 "R"
6 -12 20 31 25 "R"
6 2 20 31 26 "R"
6 -3 40 31 27 "F"
6 2 20 31 28 "R"
6 -12 50 31 29 "A"
6 -6 20 31 30 "R"
6 4 20 31 31 "R"
6 4 20 31 32 "R"
6 -6 20 31 33 "R"
6 -6 20 31 34 "R"
6 -9 10 31 35 "V"
6 2 10 31 36 "V"
6 4 10 31 37 "V"
6 -6 20 31 38 "R"
6 -15 20 31 39 "R"
6 2 20 31 40 "R"
6 -12 20 31 41 "R"
6 2 20 31 42 "R"
6 1 40 31 43 "F"
6 -6 20 31 44 "R"
6 4 20 31 45 "R"
6 2 20 31 46 "R"
6 1 50 31 47 "A"
6 3 50 31 48 "A"
6 -15 50 31 49 "A"
6 -12 20 31 50 "R"
6 3 50 31 51 "A"
6 2 20 31 52 "R"
6 -15 20 31 53 "R"
6 -6 20 31 54 "R"
6 -3 10 31 55 "V"
6 1 50 31 56 "A"
6 2 20 31 57 "R"
6 2 10 31 58 "V"
6 4 20 31 59 "R"
6 -240 10 31 60 "V"
6 -6 20 31 61 "R"
6 1 50 31 62 "A"
6 4 20 31 63 "R"
6 -6 20 31 64 "R"
6 -6 20 31 65 "R"
6 2 20 31 66 "R"
6 4 20 31 67 "R"
6 -3 10 31 68 "V"
6 5 20 31 69 "R"
6 4 20 31 70 "R"
6 -6 20 31 71 "R"
6 -6 20 31 72 "R"
6 -3 10 31 73 "V"
6 1 50 31 74 "A"
6 12 40 31 75 "F"
6 -3 10 31 76 "V"
6 -12 20 31 77 "R"
6 1 40 31 78 "F"
6 -12 20 31 79 "R"
6 -6 20 31 80 "R"
6 -6 20 31 81 "R"
6 -12 20 31 82 "R"
6 4 20 31 83 "R"
6 -6 20 31 84 "R"
6 2 20 31 85 "R"
6 -6 20 31 86 "R"
6 2 10 31 87 "V"
6 -36 40 31 88 "F"
6 -6 20 31 89 "R"
6 3 50 31 90 "A"
6 4 20 31 91 "R"
6 2 20 31 92 "R"
6 4 10 31 93 "V"
6 2 20 31 94 "R"
6 -12 20 31 95 "R"
6 2 20 31 96 "R"
6 -6 20 31 97 "R"
6 2 20 31 98 "R"
6 -3 10 31 99 "V"
6 2 10 31 100 "V"
6 4 10 31 101 "V"
6 2 20 31 102 "R"
6 5 10 31 103 "V"
6 -12 20 32 1 "R"
6 2 20 32 2 "R"
6 -12 20 32 3 "R"
6 -6 20 32 4 "R"
6 -12 20 32 5 "R"
6 -6 20 32 6 "R"
6 -12 20 32 7 "R"
6 -6 50 32 8 "A"
6 -15 20 32 9 "R"
6 -6 20 32 10 "R"
6 1 50 32 11 "A"
6 2 20 32 12 "R"
6 4 20 32 13 "R"
6 -6 20 32 14 "R"
6 4 20 32 15 "R"
6 2 20 32 16 "R"
6 4 20 32 17 "R"
6 2 20 32 18 "R"
6 -15 20 32 19 "R"
6 -6 20 32 20 "R"
6 -12 20 32 21 "R"
6 -6 20 32 22 "R"
6 1 50 32 23 "A"
6 2 20 32 24 "R"
6 4 20 32 25 "R"
6 -12 20 32 26 "R"
6 -12 20 32 27 "R"
6 -6 20 32 28 "R"
6 4 20 32 29 "R"
6 -6 20 32 30 "R"
6 -12 20 32 31 "R"
6 -15 20 32 32 "R"
6 12 50 32 33 "A"
6 -6 20 32 34 "R"
6 2 20 32 35 "R"
6 -6 20 32 36 "R"
6 2 20 32 37 "R"
6 4 20 32 38 "R"
6 2 20 32 39 "R"
6 2 20 32 40 "R"
6 -6 20 32 41 "R"
6 -6 20 32 42 "R"
6 -6 20 32 43 "R"
6 2 20 32 44 "R"
6 -6 20 32 45 "R"
6 -6 20 32 46 "R"
6 -12 20 32 47 "R"
6 -12 50 32 48 "A"
6 -6 20 32 49 "R"
6 -6 20 32 50 "R"
6 3 40 32 51 "F"
6 2 20 32 52 "R"
6 5 20 32 53 "R"
6 -6 20 32 54 "R"
6 -12 50 32 55 "A"
6 1 50 32 56 "A"
6 -12 20 32 57 "R"
6 2 20 32 58 "R"
6 -6 20 32 59 "R"
6 2 20 32 60 "R"
6 -12 20 32 61 "R"
6 2 20 32 62 "R"
6 4 20 32 63 "R"
6 -6 20 32 64 "R"
6 4 20 32 65 "R"
6 2 20 32 66 "R"
6 -12 20 32 67 "R"
6 2 20 32 68 "R"
6 4 20 32 69 "R"
6 -6 20 32 70 "R"
6 2 20 32 71 "R"
6 -6 20 32 72 "R"
6 -12 50 32 73 "A"
6 -6 20 32 74 "R"
6 -15 50 32 75 "A"
6 2 20 32 76 "R"
6 -12 20 32 77 "R"
6 2 10 32 78 "V"
6 -12 20 32 79 "R"
6 2 10 32 80 "V"
6 -12 20 32 81 "R"
6 -6 20 32 82 "R"
6 4 20 32 83 "R"
6 2 20 32 84 "R"
6 4 20 32 85 "R"
6 -6 20 32 86 "R"
6 -12 20 32 87 "R"
6 2 20 32 88 "R"
6 -6 20 32 89 "R"
6 -6 20 32 90 "R"
6 -12 20 32 91 "R"
6 -6 20 32 92 "R"
6 12 50 32 93 "A"
6 2 20 32 94 "R"
6 -12 20 32 95 "R"
6 -3 10 32 96 "V"
6 5 20 32 97 "R"
6 -6 20 32 98 "R"
6 -6 20 32 99 "R"
6 -6 20 32 100 "R"
6 -15 20 32 101 "R"
6 -6 20 32 102 "R"
6 -12 20 32 103 "R"
6 4 20 32 104 "R"
6 2 20 32 105 "R"
6 4 20 32 106 "R"
6 2 20 32 107 "R"
6 -6 20 32 108 "R"
6 2 20 32 109 "R"
6 -6 20 32 110 "R"
6 -12 20 32 111 "R"
6 -6 20 32 112 "R"
6 4 20 32 113 "R"
6 -12 20 32 114 "R"
6 -3 10 32 115 "V"
6 2 10 32 116 "V"
6 2 20 32 117 "R"
6 2 20 32 118 "R"
6 -6 20 32 119 "R"
6 -6 20 32 120 "R"
6 -12 50 32 121 "A"
6 -9 10 32 122 "V"
6 5 20 32 123 "R"
6 2 20 32 124 "R"
6 -15 20 32 125 "R"
6 -6 20 33 1 "R"
6 1 50 33 2 "A"
6 1 50 33 3 "A"
6 -6 50 33 4 "A"
6 -12 50 33 5 "A"
6 2 20 33 6 "R"
6 -12 20 33 7 "R"
6 -6 20 33 8 "R"
6 -12 20 33 9 "R"
6 4 20 33 10 "R"
6 -6 20 33 11 "R"
6 2 20 33 12 "R"
6 -12 20 33 13 "R"
6 -6 50 33 14 "A"
6 4 20 33 15 "R"
6 2 20 33 16 "R"
6 2 20 33 17 "R"
6 2 20 33 18 "R"
6 -12 20 33 19 "R"
6 -6 50 33 20 "A"
6 2 20 33 21 "R"
6 2 20 33 22 "R"
6 4 20 33 23 "R"
6 -12 20 33 24 "R"
6 4 20 33 25 "R"
6 2 20 33 26 "R"
6 5 20 33 27 "R"
6 -6 20 33 28 "R"
6 4 20 33 29 "R"
6 -6 20 33 30 "R"
6 -15 20 33 31 "R"
6 -6 20 33 32 "R"
6 -12 20 33 33 "R"
6 2 10 33 34 "V"
6 -12 20 33 35 "R"
6 -3 10 33 36 "V"
6 -12 20 33 37 "R"
6 -6 20 33 38 "R"
6 -6 20 33 39 "R"
6 2 20 33 40 "R"
6 -6 20 33 41 "R"
6 1 50 33 42 "A"
6 -15 20 33 43 "R"
6 3 50 33 44 "A"
6 -6 20 33 45 "R"
6 -12 20 33 46 "R"
6 2 20 33 47 "R"
6 2 20 33 48 "R"
6 -6 20 33 49 "R"
6 1 50 33 50 "A"
6 -12 20 33 51 "R"
6 2 20 33 52 "R"
6 2 20 33 53 "R"
6 2 20 33 54 "R"
6 2 20 33 55 "R"
6 2 20 33 56 "R"
6 2 20 33 57 "R"
6 4 20 33 58 "R"
6 -12 20 33 59 "R"
6 2 10 33 60 "V"
6 -12 20 33 61 "R"
6 4 20 33 62 "R"
6 -12 20 33 63 "R"
6 -3 10 33 64 "V"
6 2 20 33 65 "R"
6 2 20 33 66 "R"
6 -6 20 33 67 "R"
6 -6 50 33 68 "A"
6 -6 20 33 69 "R"
6 2 20 33 70 "R"
6 5 20 33 71 "R"
6 4 20 33 72 "R"
6 -12 20 33 73 "R"
6 -6 20 33 74 "R"
6 5 20 33 75 "R"
6 -6 20 33 76 "R"
6 -6 20 33 77 "R"
6 -6 20 33 78 "R"
6 1 50 33 79 "A"
6 2 20 33 80 "R"
6 -6 20 33 81 "R"
6 -12 20 33 82 "R"
6 4 20 33 83 "R"
6 2 20 33 84 "R"
6 -6 20 33 85 "R"
6 -6 20 33 86 "R"
6 -36 40 33 87 "F"
6 -6 50 33 88 "A"
6 -12 20 33 89 "R"
6 -3 10 33 90 "V"
6 -12 20 33 91 "R"
6 2 20 33 92 "R"
6 2 20 33 93 "R"
6 -12 20 33 94 "R"
6 -12 20 33 95 "R"
6 2 20 33 96 "R"
6 -12 20 33 97 "R"
6 2 20 33 98 "R"
6 4 20 33 99 "R"
6 2 20 33 100 "R"
6 5 20 33 101 "R"
6 2 20 33 102 "R"
6 2 20 33 103 "R"
6 -6 20 33 104 "R"
6 1 50 33 105 "A"
6 -6 20 33 106 "R"
6 -6 20 33 107 "R"
6 -6 50 33 108 "A"
6 4 20 33 109 "R"
6 -12 20 33 110 "R"
6 5 20 33 111 "R"
6 -12 20 33 112 "R"
6 4 10 33 113 "V"
6 -15 20 33 114 "R"
6 4 20 33 115 "R"
6 2 20 33 116 "R"
6 -6 20 33 117 "R"
6 3 50 33 118 "A"
6 -15 20 33 119 "R"
6 2 10 33 120 "V"
6 5 20 33 121 "R"
6 2 20 33 122 "R"
6 -6 20 33 123 "R"
6 1 50 33 124 "A"
6 -12 20 33 125 "R"
6 -3 10 33 126 "V"
6 2 10 33 127 "V"
6 -6 20 33 128 "R"
6 -6 20 33 129 "R"
6 -6 50 33 130 "A"
6 3 50 33 131 "A"
6 4 20 33 132 "R"
6 -12 20 33 133 "R"
6 -12 20 33 134 "R"
6 1 50 34 1 "A"
6 1 40 34 2 "F"
6 4 20 34 3 "R"
6 -3 40 34 4 "F"
6 -12 20 34 5 "R"
6 1 50 34 6 "A"
6 2 20 34 7 "R"
6 -6 50 34 8 "A"
6 -12 50 34 9 "A"
6 1 50 34 10 "A"
6 2 20 34 11 "R"
6 2 20 34 12 "R"
6 2 20 34 13 "R"
6 -6 20 34 14 "R"
6 -6 20 34 15 "R"
6 -6 20 34 16 "R"
6 -12 50 34 17 "A"
6 -6 20 34 18 "R"
6 -12 50 34 19 "A"
6 2 20 34 20 "R"
6 4 20 34 21 "R"
6 -12 20 34 22 "R"
6 -12 20 34 23 "R"
6 2 20 34 24 "R"
6 2 20 34 25 "R"
6 -12 20 34 26 "R"
6 2 20 34 27 "R"
6 -6 20 34 28 "R"
6 -15 20 34 29 "R"
6 4 20 34 30 "R"
6 -6 20 34 31 "R"
6 2 20 34 32 "R"
6 5 20 34 33 "R"
6 -12 20 34 34 "R"
6 -15 50 34 35 "A"
6 -6 20 34 36 "R"
6 3 40 34 37 "F"
6 2 20 34 38 "R"
6 -12 20 34 39 "R"
6 2 20 34 40 "R"
6 5 20 34 41 "R"
6 4 20 34 42 "R"
6 -12 20 34 43 "R"
6 1 50 34 44 "A"
6 -12 20 34 45 "R"
6 2 10 34 46 "V"
6 -15 20 34 47 "R"
6 2 20 34 48 "R"
6 4 20 34 49 "R"
6 2 20 34 50 "R"
6 -6 20 34 51 "R"
6 2 20 34 52 "R"
6 4 20 34 53 "R"
6 -6 20 34 54 "R"
6 12 40 34 55 "F"
6 -6 20 34 56 "R"
6 -12 20 34 57 "R"
6 1 50 34 58 "A"
6 4 20 34 59 "R"
6 -12 20 34 60 "R"
6 -6 20 34 61 "R"
6 -6 20 34 62 "R"
6 5 20 34 63 "R"
6 2 20 34 64 "R"
6 4 20 34 65 "R"
6 -6 20 34 66 "R"
6 2 20 34 67 "R"
6 2 20 34 68 "R"
6 -6 20 34 69 "R"
6 -6 20 34 70 "R"
6 2 20 34 71 "R"
6 -6 20 34 72 "R"
6 -12 50 34 73 "A"
6 3 50 34 74 "A"
6 5 20 34 75 "R"
6 2 20 34 76 "R"
6 -12 20 34 77 "R"
6 -6 20 34 78 "R"
6 4 20 34 79 "R"
6 -12 20 34 80 "R"
6 3 50 34 81 "A"
6 2 20 34 82 "R"
6 -6 20 34 83 "R"
6 -6 20 34 84 "R"
6 4 10 34 85 "V"
6 -6 20 34 86 "R"
6 3 50 34 87 "A"
6 -6 20 34 88 "R"
6 4 20 34 89 "R"
6 2 20 34 90 "R"
6 -12 20 34 91 "R"
6 -3 10 34 92 "V"
6 5 10 34 93 "V"
6 -6 20 34 94 "R"
6 -12 20 34 95 "R"
6 4 20 34 96 "R"
6 4 20 34 97 "R"
6 4 20 34 98 "R"
6 2 20 34 99 "R"
6 2 20 34 100 "R"
6 2 20 34 101 "R"
6 4 20 34 102 "R"
6 5 20 34 103 "R"
6 -12 20 34 104 "R"
6 5 10 34 105 "V"
6 -6 20 34 106 "R"
6 -6 20 34 107 "R"
6 -6 50 34 108 "A"
6 4 20 34 109 "R"
6 -6 20 34 110 "R"
6 2 20 34 111 "R"
6 -6 20 34 112 "R"
6 2 20 34 113 "R"
6 2 20 34 114 "R"
6 -6 20 34 115 "R"
6 -6 20 34 116 "R"
6 -15 50 34 117 "A"
6 2 10 34 118 "V"
6 -6 20 34 119 "R"
6 4 20 34 120 "R"
6 -6 20 34 121 "R"
6 -6 50 34 122 "A"
6 -15 20 34 123 "R"
6 1 50 34 124 "A"
6 -12 20 34 125 "R"
6 -6 20 34 126 "R"
6 -6 20 34 127 "R"
6 2 20 34 128 "R"
6 2 20 35 1 "R"
6 2 20 35 2 "R"
6 3 50 35 3 "A"
6 -6 20 35 4 "R"
6 -12 20 35 5 "R"
6 2 20 35 6 "R"
6 1 50 35 7 "A"
6 -6 20 35 8 "R"
6 -9 10 35 9 "V"
6 2 20 35 10 "R"
6 1 40 35 11 "F"
6 2 20 35 12 "R"
6 2 20 35 13 "R"
6 -6 20 35 14 "R"
6 -6 20 35 15 "R"
6 -6 50 35 16 "A"
6 -12 20 35 17 "R"
6 -6 20 35 18 "R"
6 -12 20 35 19 "R"
6 1 50 35 20 "A"
6 4 20 35 21 "R"
6 -12 20 35 22 "R"
6 -12 50 35 23 "A"
6 2 20 35 24 "R"
6 2 20 35 25 "R"
6 -12 20 35 26 "R"
6 2 20 35 27 "R"
6 -6 20 35 28 "R"
6 -15 50 35 29 "A"
6 4 20 35 30 "R"
6 -6 20 35 31 "R"
6 2 20 35 32 "R"
6 5 20 35 33 "R"
6 -12 20 35 34 "R"
6 -15 20 35 35 "R"
6 -6 20 35 36 "R"
6 3 50 35 37 "A"
6 2 20 35 38 "R"
6 -12 20 35 39 "R"
6 1 40 35 40 "F"
6 5 20 35 41 "R"
6 4 20 35 42 "R"
6 -12 20 35 43 "R"
6 2 10 35 44 "V"
6 -12 20 35 45 "R"
6 1 50 35 46 "A"
6 -15 20 35 47 "R"
6 2 20 35 48 "R"
6 4 20 35 49 "R"
6 2 20 35 50 "R"
6 -6 20 35 51 "R"
6 2 20 35 52 "R"
6 4 20 35 53 "R"
6 -6 20 35 54 "R"
6 5 20 35 55 "R"
6 -6 20 35 56 "R"
6 -12 50 35 57 "A"
6 2 20 35 58 "R"
6 4 20 35 59 "R"
6 -12 20 35 60 "R"
6 -6 20 35 61 "R"
6 -6 20 35 62 "R"
6 5 20 35 63 "R"
6 2 20 35 64 "R"
6 4 20 35 65 "R"
6 -6 20 35 66 "R"
6 2 20 35 67 "R"
6 2 20 35 68 "R"
6 -6 20 35 69 "R"
6 -6 20 35 70 "R"
6 2 20 35 71 "R"
6 -6 20 35 72 "R"
6 -12 20 35 73 "R"
6 4 20 35 74 "R"
6 5 20 35 75 "R"
6 2 20 35 76 "R"
6 -12 20 35 77 "R"
6 -6 20 35 78 "R"
6 3 50 35 79 "A"
6 -12 20 35 80 "R"
6 4 20 35 81 "R"
6 2 20 35 82 "R"
6 -6 20 35 83 "R"
6 -3 10 35 84 "V"
6 4 20 35 85 "R"
6 -6 20 35 86 "R"
6 3 50 35 87 "A"
6 -6 20 35 88 "R"
6 4 20 35 89 "R"
6 2 20 35 90 "R"
6 -12 20 35 91 "R"
6 -3 40 35 92 "F"
6 5 20 35 93 "R"
6 -6 20 35 94 "R"
6 -12 50 35 95 "A"
6 4 20 35 96 "R"
6 4 20 35 97 "R"
6 4 20 35 98 "R"
6 2 20 35 99 "R"
6 2 20 35 100 "R"
6 2 20 35 101 "R"
6 4 20 35 102 "R"
6 5 20 35 103 "R"
6 -12 20 35 104 "R"
6 5 20 35 105 "R"
6 -6 20 35 106 "R"
6 -6 50 35 107 "A"
6 -6 20 35 108 "R"
6 4 20 35 109 "R"
6 -6 20 35 110 "R"
6 1 50 35 111 "A"
6 -6 20 35 112 "R"
6 2 20 35 113 "R"
6 2 20 35 114 "R"
6 -6 20 35 115 "R"
6 -6 20 35 116 "R"
6 -3 40 36 1 "F"
6 2 10 36 2 "V"
6 1 50 36 3 "A"
6 -6 20 36 4 "R"
6 -9 10 36 5 "V"
6 1 50 36 6 "A"
6 -12 50 36 7 "A"
6 -6 50 36 8 "A"
6 -12 20 36 9 "R"
6 3 40 36 10 "F"
6 -6 20 36 11 "R"
6 2 20 36 12 "R"
6 -12 20 36 13 "R"
6 -6 20 36 14 "R"
6 4 20 36 15 "R"
6 2 20 36 16 "R"
6 2 20 36 17 "R"
6 2 20 36 18 "R"
6 -12 20 36 19 "R"
6 -6 50 36 20 "A"
6 2 20 36 21 "R"
6 2 20 36 22 "R"
6 4 20 36 23 "R"
6 -12 20 36 24 "R"
6 3 50 36 25 "A"
6 2 20 36 26 "R"
6 5 20 36 27 "R"
6 -6 20 36 28 "R"
6 3 50 36 29 "A"
6 -6 20 36 30 "R"
6 -15 20 36 31 "R"
6 -6 20 36 32 "R"
6 -12 20 36 33 "R"
6 1 40 36 34 "F"
6 -12 20 36 35 "R"
6 -6 50 36 36 "A"
6 -9 10 36 37 "V"
6 -6 50 36 38 "A"
6 -6 20 36 39 "R"
6 2 20 36 40 "R"
6 -6 20 36 41 "R"
6 2 20 36 42 "R"
6 -15 20 36 43 "R"
6 3 50 36 44 "A"
6 -6 20 36 45 "R"
6 -12 20 36 46 "R"
6 2 10 36 47 "V"
6 2 20 36 48 "R"
6 -6 20 36 49 "R"
6 2 20 36 50 "R"
6 -12 20 36 51 "R"
6 2 20 36 52 "R"
6 2 20 36 53 "R"
6 2 20 36 54 "R"
6 2 20 36 55 "R"
6 2 20 36 56 "R"
6 2 20 36 57 "R"
6 4 20 36 58 "R"
6 -12 20 36 59 "R"
6 -240 10 36 60 "V"
6 -12 20 36 61 "R"
6 4 20 36 62 "R"
6 -12 20 36 63 "R"
6 -3 10 36 64 "V"
6 1 50 36 65 "A"
6 2 20 36 66 "R"
6 -6 20 36 67 "R"
6 -6 50 36 68 "A"
6 -6 20 36 69 "R"
6 2 10 36 70 "V"
6 5 20 36 71 "R"
6 4 20 36 72 "R"
6 -12 20 36 73 "R"
6 -3 40 36 74 "F"
6 5 20 36 75 "R"
6 -6 20 36 76 "R"
6 -3 10 36 77 "V"
6 -3 10 36 78 "V"
6 2 20 36 79 "R"
6 2 20 36 80 "R"
6 -6 20 36 81 "R"
6 -12 20 36 82 "R"
6 4 10 36 83 "V"
6 2 20 36 84 "R"
6 -6 20 36 85 "R"
6 -6 20 36 86 "R"
6 -15 20 36 87 "R"
6 -6 20 36 88 "R"
6 -12 20 36 89 "R"
6 -6 20 36 90 "R"
6 -12 20 36 91 "R"
6 2 20 36 92 "R"
6 2 20 36 93 "R"
6 -12 20 36 94 "R"
6 -9 10 36 95 "V"
6 2 20 36 96 "R"
6 -12 20 36 97 "R"
6 4 20 37 1 "R"
6 -3 40 37 2 "F"
6 -9 40 37 3 "F"
6 -12 20 37 4 "R"
6 3 50 37 5 "A"
6 1 40 37 6 "F"
6 3 50 37 7 "A"
6 -6 20 37 8 "R"
6 4 20 37 9 "R"
6 2 20 37 10 "R"
6 -12 20 37 11 "R"
6 2 20 37 12 "R"
6 3 40 37 13 "F"
6 -6 20 37 14 "R"
6 -15 20 37 15 "R"
6 2 10 37 16 "V"
6 -6 20 37 17 "R"
6 -12 20 37 18 "R"
6 -9 10 37 19 "V"
6 -6 20 37 20 "R"
6 2 20 37 21 "R"
6 2 20 37 22 "R"
6 5 20 37 23 "R"
6 2 20 37 24 "R"
6 2 20 37 25 "R"
6 2 20 37 26 "R"
6 2 20 37 27 "R"
6 -6 20 37 28 "R"
6 2 20 37 29 "R"
6 -12 20 37 30 "R"
6 4 20 37 31 "R"
6 -6 20 37 32 "R"
6 -12 20 37 33 "R"
6 1 50 37 34 "A"
6 -15 20 37 35 "R"
6 -6 20 37 36 "R"
6 4 20 37 37 "R"
6 -6 20 37 38 "R"
6 -12 20 37 39 "R"
6 -6 20 37 40 "R"
6 -6 20 37 41 "R"
6 2 20 37 42 "R"
6 4 20 37 43 "R"
6 -6 20 37 44 "R"
6 -15 20 37 45 "R"
6 1 40 37 46 "F"
6 -15 20 37 47 "R"
6 -6 20 37 48 "R"
6 -12 20 37 49 "R"
6 -6 20 37 50 "R"
6 -9 40 37 51 "F"
6 1 50 37 52 "A"
6 4 20 37 53 "R"
6 4 20 37 54 "R"
6 -6 20 37 55 "R"
6 -6 20 37 56 "R"
6 -12 50 37 57 "A"
6 1 50 37 58 "A"
6 4 20 37 59 "R"
6 2 20 37 60 "R"
6 -6 20 37 61 "R"
6 1 50 37 62 "A"
6 4 20 37 63 "R"
6 -15 20 37 64 "R"
6 -12 20 37 65 "R"
6 -6 50 37 66 "A"
6 -6 20 37 67 "R"
6 -6 20 37 68 "R"
6 -6 20 37 69 "R"
6 -3 10 37 70 "V"
6 -15 20 37 71 "R"
6 -6 20 37 72 "R"
6 -12 20 37 73 "R"
6 -6 20 37 74 "R"
6 -12 20 37 75 "R"
6 -6 50 37 76 "A"
6 -12 20 37 77 "R"
6 -6 20 37 78 "R"
6 5 20 37 79 "R"
6 -12 20 37 80 "R"
6 4 20 37 81 "R"
6 4 20 37 82 "R"
6 -6 20 37 83 "R"
6 2 20 37 84 "R"
6 -6 20 37 85 "R"
6 2 20 37 86 "R"
6 -12 20 37 87 "R"
6 2 10 37 88 "V"
6 -12 20 37 89 "R"
6 1 50 37 90 "A"
6 -12 20 37 91 "R"
6 2 10 37 92 "V"
6 4 20 37 93 "R"
6 2 20 37 94 "R"
6 -6 20 37 95 "R"
6 -12 20 37 96 "R"
6 1 50 37 97 "A"
6 2 20 37 98 "R"
6 2 20 37 99 "R"
6 -6 20 37 100 "R"
6 2 20 37 101 "R"
6 4 20 37 102 "R"
6 4 20 37 103 "R"
6 -6 20 37 104 "R"
6 2 20 37 105 "R"
6 -6 20 37 106 "R"
6 3 50 37 107 "A"
6 -6 20 37 108 "R"
6 2 20 37 109 "R"
6 -6 20 37 110 "R"
6 -12 50 37 111 "A"
6 4 20 37 112 "R"
6 4 20 37 113 "R"
6 2 20 37 114 "R"
6 2 20 37 115 "R"
6 -6 20 37 116 "R"
6 2 20 37 117 "R"
6 2 20 37 118 "R"
6 -12 20 37 119 "R"
6 2 20 37 120 "R"
6 5 20 37 121 "R"
6 2 20 37 122 "R"
6 -6 20 37 123 "R"
6 1 50 37 124 "A"
6 2 20 37 125 "R"
6 2 20 37 126 "R"
6 -12 20 37 127 "R"
6 -6 20 38 1 "R"
6 2 20 38 2 "R"
6 -12 20 38 3 "R"
6 -6 20 38 4 "R"
6 -12 20 38 5 "R"
6 -6 20 38 6 "R"
6 -6 20 38 7 "R"
6 2 20 38 8 "R"
6 -12 20 38 9 "R"
6 -6 50 38 10 "A"
6 4 20 38 11 "R"
6 -6 20 38 12 "R"
6 5 20 38 13 "R"
6 2 20 38 14 "R"
6 -12 20 38 15 "R"
6 -6 20 38 16 "R"
6 -12 50 38 17 "A"
6 1 40 38 18 "F"
6 -15 20 38 19 "R"
6 -6 20 38 20 "R"
6 4 20 38 21 "R"
6 -6 20 38 22 "R"
6 12 40 38 23 "F"
6 2 20 38 24 "R"
6 -12 20 38 25 "R"
6 2 20 38 26 "R"
6 -6 20 38 27 "R"
6 2 20 38 28 "R"
6 -12 20 38 29 "R"
6 -6 20 38 30 "R"
6 3 50 38 31 "A"
6 4 20 38 32 "R"
6 -6 20 38 33 "R"
6 -6 20 38 34 "R"
6 -9 40 38 35 "F"
6 2 20 38 36 "R"
6 4 20 38 37 "R"
6 -6 20 38 38 "R"
6 -15 20 38 39 "R"
6 2 20 38 40 "R"
6 -12 20 38 41 "R"
6 1 50 38 42 "A"
6 2 20 38 43 "R"
6 -6 20 38 44 "R"
6 3 50 38 45 "A"
6 2 20 38 46 "R"
6 2 20 38 47 "R"
6 4 20 38 48 "R"
6 -15 20 38 49 "R"
6 -12 20 38 50 "R"
6 4 10 38 51 "V"
6 2 20 38 52 "R"
6 -15 20 38 53 "R"
6 -3 10 38 54 "V"
6 -6 20 38 55 "R"
6 2 20 38 56 "R"
6 2 20 38 57 "R"
6 2 20 38 58 "R"
6 4 20 38 59 "R"
6 2 20 38 60 "R"
6 -6 20 38 61 "R"
6 2 20 38 62 "R"
6 4 20 38 63 "R"
6 -6 20 38 64 "R"
6 -6 20 38 65 "R"
6 1 50 38 66 "A"
6 4 20 38 67 "R"
6 -6 20 38 68 "R"
6 5 20 38 69 "R"
6 4 20 38 70 "R"
6 -6 20 38 71 "R"
6 -6 20 38 72 "R"
6 -6 50 38 73 "A"
6 2 20 38 74 "R"
6 5 20 38 75 "R"
6 -6 20 38 76 "R"
6 -12 20 38 77 "R"
6 2 10 38 78 "V"
6 -12 20 38 79 "R"
6 -6 20 38 80 "R"
6 -6 20 38 81 "R"
6 -12 20 38 82 "R"
6 3 50 38 83 "A"
6 -6 20 38 84 "R"
6 2 20 38 85 "R"
6 -6 20 38 86 "R"
6 2 20 38 87 "R"
6 -15 20 38 88 "R"
6 -6 20 38 89 "R"
6 4 20 38 90 "R"
6 4 20 38 91 "R"
6 2 20 38 92 "R"
6 4 20 38 93 "R"
6 2 20 38 94 "R"
6 -12 20 38 95 "R"
6 1 50 38 96 "A"
6 -6 20 38 97 "R"
6 1 50 38 98 "A"
6 -6 20 38 99 "R"
6 2 20 38 100 "R"
6 4 20 38 101 "R"
6 2 20 38 102 "R"
6 5 20 38 103 "R"
6 2 20 38 104 "R"
6 5 20 38 105 "R"
6 -6 20 38 106 "R"
6 -6 20 38 107 "R"
6 -6 20 38 108 "R"
6 -15 50 38 109 "A"
6 1 50 38 110 "A"
6 -12 20 38 111 "R"
6 -3 10 38 112 "V"
6 -6 50 38 113 "A"
6 2 20 38 114 "R"
6 2 20 38 115 "R"
6 -6 20 38 116 "R"
6 3 50 38 117 "A"
6 2 20 38 118 "R"
6 -12 20 38 119 "R"
6 -3 10 38 120 "V"
6 -6 20 38 121 "R"
6 2 20 38 122 "R"
6 -12 20 38 123 "R"
6 2 10 38 124 "V"
6 -6 20 38 125 "R"
6 2 20 38 126 "R"
6 4 20 38 127 "R"
6 2 20 38 128 "R"
6 -12 20 38 129 "R"
6 -3 10 38 130 "V"
6 -12 20 38 131 "R"
6 2 20 38 132 "R"
6 -12 20 38 133 "R"
6 -6 50 38 134 "A"
6 -6 20 38 135 "R"
6 -6 20 38 136 "R"
6 1 50 39 1 "A"
6 -3 40 39 2 "F"
6 4 20 39 3 "R"
6 3 40 39 4 "F"
6 5 20 39 5 "R"
6 -6 20 39 6 "R"
6 3 50 39 7 "A"
6 -6 50 39 8 "A"
6 4 20 39 9 "R"
6 2 20 39 10 "R"
6 -12 20 39 11 "R"
6 1 50 39 12 "A"
6 4 20 39 13 "R"
6 -6 20 39 14 "R"
6 -6 50 39 15 "A"
6 -6 20 39 16 "R"
6 -12 50 39 17 "A"
6 -6 20 39 18 "R"
6 -6 20 39 19 "R"
6 4 20 39 20 "R"
6 -15 20 39 21 "R"
6 -6 20 39 22 "R"
6 -6 50 39 23 "A"
6 5 20 39 24 "R"
6 4 20 39 25 "R"
6 2 20 39 26 "R"
6 4 20 39 27 "R"
6 -6 20 39 28 "R"
6 1 50 39 29 "A"
6 2 20 39 30 "R"
6 -12 20 39 31 "R"
6 -6 20 39 32 "R"
6 3 50 39 33 "A"
6 -12 20 39 34 "R"
6 2 20 39 35 "R"
6 2 20 39 36 "R"
6 -12 20 39 37 "R"
6 -6 20 39 38 "R"
6 -12 50 39 39 "A"
6 2 20 39 40 "R"
6 -12 20 39 41 "R"
6 -6 20 39 42 "R"
6 -12 50 39 43 "A"
6 2 20 39 44 "R"
6 2 20 39 45 "R"
6 -6 20 39 46 "R"
6 -15 20 39 47 "R"
6 1 50 39 48 "A"
6 2 20 39 49 "R"
6 -6 20 39 50 "R"
6 -6 20 39 51 "R"
6 -12 20 39 52 "R"
6 4 20 39 53 "R"
6 -6 20 39 54 "R"
6 -12 20 39 55 "R"
6 -9 10 39 56 "V"
6 -12 20 39 57 "R"
6 2 20 39 58 "R"
6 -6 20 39 59 "R"
6 80 50 39 60 "A"
6 -6 20 39 61 "R"
6 -6 20 39 62 "R"
6 4 20 39 63 "R"
6 -6 20 39 64 "R"
6 3 50 39 65 "A"
6 2 20 39 66 "R"
6 -6 20 39 67 "R"
6 4 20 39 68 "R"
6 -12 20 39 69 "R"
6 2 20 39 70 "R"
6 4 20 39 71 "R"
6 -6 20 39 72 "R"
6 4 20 39 73 "R"
6 2 20 39 74 "R"
6 4 20 39 75 "R"
6 -12 20 39 76 "R"
6 -12 20 39 77 "R"
6 2 20 39 78 "R"
6 2 20 39 79 "R"
6 2 20 39 80 "R"
6 -12 20 39 81 "R"
6 -6 20 39 82 "R"
6 -12 20 39 83 "R"
6 -6 20 39 84 "R"
6 -12 20 39 85 "R"
6 -12 20 39 86 "R"
6 -6 20 39 87 "R"
6 4 20 39 88 "R"
6 5 20 39 89 "R"
6 2 20 39 90 "R"
6 2 20 39 91 "R"
6 -6 20 39 92 "R"
6 -12 20 39 93 "R"
6 2 20 39 94 "R"
6 2 20 39 95 "R"
6 -6 20 39 96 "R"
6 4 20 39 97 "R"
6 2 20 39 98 "R"
6 4 20 39 99 "R"
6 2 20 39 100 "R"
6 -15 20 39 101 "R"
6 2 20 39 102 "R"
6 4 20 39 103 "R"
6 -6 20 39 104 "R"
6 4 20 39 105 "R"
6 -6 20 39 106 "R"
6 -12 20 39 107 "R"
6 1 50 39 108 "A"
6 4 20 39 109 "R"
6 2 20 39 110 "R"
6 -6 20 39 111 "R"
6 -12 20 39 112 "R"
6 -6 20 39 113 "R"
6 -6 50 39 114 "A"
6 4 20 39 115 "R"
6 2 20 39 116 "R"
6 4 20 39 117 "R"
6 4 20 39 118 "R"
6 -12 20 39 119 "R"
6 2 20 39 120 "R"
6 4 20 39 121 "R"
6 -6 20 39 122 "R"
6 -9 10 39 123 "V"
6 -6 20 39 124 "R"
6 -15 20 39 125 "R"
6 -3 40 40 1 "F"
6 2 20 40 2 "R"
6 -12 20 40 3 "R"
6 -6 20 40 4 "R"
6 -12 50 40 5 "A"
6 -6 20 40 6 "R"
6 -6 20 40 7 "R"
6 1 50 40 8 "A"
6 -12 20 40 9 "R"
6 -6 20 40 10 "R"
6 3 50 40 11 "A"
6 -6 20 40 12 "R"
6 12 50 40 13 "A"
6 1 50 40 14 "A"
6 -12 20 40 15 "R"
6 -6 50 40 16 "A"
6 -9 10 40 17 "V"
6 2 20 40 18 "R"
6 -15 20 40 19 "R"
6 -3 40 40 20 "F"
6 4 20 40 21 "R"
6 -6 20 40 22 "R"
6 12 50 40 23 "A"
6 2 20 40 24 "R"
6 -12 20 40 25 "R"
6 2 20 40 26 "R"
6 -6 20 40 27 "R"
6 2 20 40 28 "R"
6 -12 20 40 29 "R"
6 -6 50 40 30 "A"
6 4 20 40 31 "R"
6 4 20 40 32 "R"
6 -6 20 40 33 "R"
6 -6 20 40 34 "R"
6 -12 50 40 35 "A"
6 1 50 40 36 "A"
6 4 20 40 37 "R"
6 -6 20 40 38 "R"
6 -15 20 40 39 "R"
6 2 10 40 40 "V"
6 -12 20 40 41 "R"
6 2 20 40 42 "R"
6 2 20 40 43 "R"
6 -6 20 40 44 "R"
6 4 20 40 45 "R"
6 2 20 40 46 "R"
6 2 20 40 47 "R"
6 4 20 40 48 "R"
6 -15 20 40 49 "R"
6 -9 10 40 50 "V"
6 4 20 40 51 "R"
6 2 20 40 52 "R"
6 -15 20 40 53 "R"
6 -3 10 40 54 "V"
6 -6 20 40 55 "R"
6 2 20 40 56 "R"
6 2 20 40 57 "R"
6 2 20 40 58 "R"
6 4 20 40 59 "R"
6 2 20 40 60 "R"
6 -6 20 40 61 "R"
6 2 20 40 62 "R"
6 4 20 40 63 "R"
6 -6 20 40 64 "R"
6 -6 50 40 65 "A"
6 2 20 40 66 "R"
6 4 20 40 67 "R"
6 -6 20 40 68 "R"
6 5 20 40 69 "R"
6 4 20 40 70 "R"
6 -6 20 40 71 "R"
6 -3 10 40 72 "V"
6 -6 20 40 73 "R"
6 2 20 40 74 "R"
6 5 20 40 75 "R"
6 -6 20 40 76 "R"
6 -12 20 40 77 "R"
6 1 50 40 78 "A"
6 -12 20 40 79 "R"
6 -6 20 40 80 "R"
6 -6 50 40 81 "A"
6 -12 20 40 82 "R"
6 4 20 40 83 "R"
6 -6 20 40 84 "R"
6 2 20 40 85 "R"
6 -6 20 40 86 "R"
6 2 20 40 87 "R"
6 -15 20 40 88 "R"
6 -6 20 40 89 "R"
6 4 20 40 90 "R"
6 4 20 40 91 "R"
6 2 20 40 92 "R"
6 4 20 40 93 "R"
6 2 20 40 94 "R"
6 -12 20 40 95 "R"
6 1 50 40 96 "A"
6 -6 20 40 97 "R"
6 2 20 40 98 "R"
6 -6 20 40 99 "R"
6 1 50 40 100 "A"
6 4 20 40 101 "R"
6 2 20 40 102 "R"
6 5 20 40 103 "R"
6 2 20 40 104 "R"
6 5 20 40 105 "R"
6 -6 20 40 106 "R"
6 -6 20 40 107 "R"
6 -6 50 40 108 "A"
6 -15 20 40 109 "R"
6 2 10 40 110 "V"
6 -12 20 40 111 "R"
6 -6 20 40 112 "R"
6 -6 20 40 113 "R"
6 2 20 40 114 "R"
6 2 20 40 115 "R"
6 -6 20 40 116 "R"
6 4 20 40 117 "R"
6 2 20 40 118 "R"
6 -12 20 40 119 "R"
6 -6 20 40 120 "R"
6 -6 20 40 121 "R"
6 1 50 40 122 "A"
6 -12 20 40 123 "R"
6 2 10 40 124 "V"
6 -6 20 40 125 "R"
6 2 20 40 126 "R"
6 4 20 40 127 "R"
6 2 20 40 128 "R"
6 -12 20 40 129 "R"
6 -3 10 40 130 "V"
6 -12 20 40 131 "R"
6 2 20 40 132 "R"
6 -12 20 40 133 "R"
6 -3 10 40 134 "V"
6 -6 50 40 135 "A"
6 -6 20 40 136 "R"
6 4 10 40 137 "V"
6 2 20 40 138 "R"
6 -6 20 40 139 "R"
6 -6 20 40 140 "R"
6 4 20 40 141 "R"
6 4 20 40 142 "R"
6 4 20 40 143 "R"
6 2 20 40 144 "R"
6 -12 20 41 1 "R"
6 2 20 41 2 "R"
6 -6 20 41 3 "R"
6 -12 20 41 4 "R"
6 -6 20 41 5 "R"
6 -6 20 41 6 "R"
6 -15 20 41 7 "R"
6 1 50 41 8 "A"
6 4 20 41 9 "R"
6 2 20 41 10 "R"
6 -12 20 41 11 "R"
6 4 10 41 12 "V"
6 4 20 41 13 "R"
6 2 20 41 14 "R"
6 2 20 41 15 "R"
6 4 20 41 16 "R"
6 -12 20 41 17 "R"
6 -6 20 41 18 "R"
6 5 20 41 19 "R"
6 -12 20 41 20 "R"
6 2 10 41 21 "V"
6 2 20 41 22 "R"
6 -6 20 41 23 "R"
6 4 20 41 24 "R"
6 4 20 41 25 "R"
6 2 20 41 26 "R"
6 -15 20 41 27 "R"
6 -3 10 41 28 "V"
6 -12 20 41 29 "R"
6 -6 20 41 30 "R"
6 -12 20 41 31 "R"
6 1 50 41 32 "A"
6 -12 20 41 33 "R"
6 2 20 41 34 "R"
6 -6 20 41 35 "R"
6 2 20 41 36 "R"
6 -12 20 41 37 "R"
6 -12 50 41 38 "A"
6 2 20 41 39 "R"
6 2 20 41 40 "R"
6 -12 20 41 41 "R"
6 -6 20 41 42 "R"
6 -12 20 41 43 "R"
6 -9 10 41 44 "V"
6 -12 20 41 45 "R"
6 2 20 41 46 "R"
6 4 20 41 47 "R"
6 4 20 41 48 "R"
6 2 20 41 49 "R"
6 2 20 41 50 "R"
6 -12 20 41 51 "R"
6 -6 20 41 52 "R"
6 1 50 41 53 "A"
6 -6 20 41 54 "R"
6 -6 20 41 55 "R"
6 1 50 41 56 "A"
6 -12 20 41 57 "R"
6 2 20 41 58 "R"
6 -12 20 41 59 "R"
6 -240 10 41 60 "V"
6 -12 20 41 61 "R"
6 3 50 41 62 "A"
6 4 20 41 63 "R"
6 2 20 41 64 "R"
6 2 20 41 65 "R"
6 2 20 41 66 "R"
6 2 20 41 67 "R"
6 -6 20 41 68 "R"
6 -6 20 41 69 "R"
6 2 20 41 70 "R"
6 -6 20 41 71 "R"
6 1 50 41 72 "A"
6 -12 20 41 73 "R"
6 4 10 41 74 "V"
6 -15 20 41 75 "R"
6 -9 10 41 76 "V"
6 -15 50 41 77 "A"
6 -6 50 41 78 "A"
6 2 10 41 79 "V"
6 2 20 41 80 "R"
6 -12 20 41 81 "R"
6 -6 50 41 82 "A"
6 2 20 41 83 "R"
6 -6 20 41 84 "R"
6 -12 20 41 85 "R"
6 2 20 41 86 "R"
6 -15 20 41 87 "R"
6 2 10 41 88 "V"
6 -6 20 41 89 "R"
6 2 10 41 90 "V"
6 -6 20 41 91 "R"
6 -3 10 41 92 "V"
6 -9 10 41 93 "V"
6 -6 20 41 94 "R"
6 5 20 41 95 "R"
6 -12 20 41 96 "R"
6 -6 20 41 97 "R"
6 2 20 41 98 "R"
6 4 20 41 99 "R"
6 -6 20 41 100 "R"
6 4 20 41 101 "R"
