"rat" "reward" "trou" "session" "round" "choice"
7 -12 40 1 1 "R"
7 1 20 1 2 "V"
7 -6 40 1 3 "R"
7 -9 20 1 4 "V"
7 -6 50 1 5 "A"
7 -3 20 1 6 "V"
7 -36 20 1 7 "V"
7 1 20 1 8 "V"
7 4 40 1 9 "R"
7 2 40 1 10 "R"
7 -12 40 1 11 "R"
7 3 20 1 12 "V"
7 4 40 1 13 "R"
7 1 50 1 14 "A"
7 1 50 1 15 "A"
7 3 50 1 16 "A"
7 -12 50 1 17 "A"
7 -3 10 1 18 "F"
7 12 50 1 19 "A"
7 -9 20 1 20 "V"
7 1 20 1 21 "V"
7 1 50 1 22 "A"
7 -6 50 1 23 "A"
7 3 20 1 24 "V"
7 3 20 1 25 "V"
7 1 20 1 26 "V"
7 -36 20 1 27 "V"
7 -3 10 1 28 "F"
7 -12 40 1 29 "R"
7 -6 40 1 30 "R"
7 -9 20 1 31 "V"
7 2 10 1 32 "F"
7 -9 20 1 33 "V"
7 1 50 1 34 "A"
7 -6 50 1 35 "A"
7 1 20 1 36 "V"
7 -12 50 1 37 "A"
7 -9 10 1 38 "F"
7 1 20 1 39 "V"
7 1 50 1 40 "A"
7 -12 50 1 41 "A"
7 -3 20 1 42 "V"
7 -9 20 1 43 "V"
7 -9 20 1 44 "V"
7 -9 10 1 45 "F"
7 1 50 1 46 "A"
7 3 50 1 47 "A"
7 3 50 1 48 "A"
7 1 50 1 49 "A"
7 1 50 1 50 "A"
7 -9 20 1 51 "V"
7 -6 50 1 52 "A"
7 2 10 1 53 "F"
7 -3 20 1 54 "V"
7 -3 10 1 55 "F"
7 1 50 1 56 "A"
7 -12 50 1 57 "A"
7 2 10 1 58 "F"
7 -9 20 1 59 "V"
7 1 50 1 60 "A"
7 -9 20 1 61 "V"
7 4 10 1 62 "F"
7 3 20 1 63 "V"
7 1 20 1 64 "V"
7 1 20 1 65 "V"
7 1 50 1 66 "A"
7 1 50 1 67 "A"
7 -6 50 1 68 "A"
7 -3 20 1 69 "V"
7 1 50 1 70 "A"
7 -6 50 1 71 "A"
7 1 20 1 72 "V"
7 -9 20 1 73 "V"
7 3 50 1 74 "A"
7 -36 20 1 75 "V"
7 -12 50 1 76 "A"
7 -15 40 1 77 "R"
7 -3 10 1 78 "F"
7 1 50 1 79 "A"
7 1 50 1 80 "A"
7 -12 50 1 81 "A"
7 -3 10 1 82 "F"
7 1 50 1 83 "A"
7 -6 50 1 84 "A"
7 -9 20 1 85 "V"
7 2 10 1 86 "F"
7 -15 50 1 87 "A"
7 1 50 1 88 "A"
7 -6 50 1 89 "A"
7 1 20 1 90 "V"
7 -3 20 1 91 "V"
7 -3 10 1 92 "F"
7 -12 50 1 93 "A"
7 -6 50 1 94 "A"
7 12 50 1 95 "A"
7 -12 50 1 96 "A"
7 -6 50 1 97 "A"
7 2 10 1 98 "F"
7 3 20 1 99 "V"
7 -6 50 1 100 "A"
7 3 50 1 101 "A"
7 1 20 1 102 "V"
7 1 20 1 103 "V"
7 1 20 1 104 "V"
7 12 20 1 105 "V"
7 -6 50 1 106 "A"
7 3 50 1 107 "A"
7 -6 50 1 108 "A"
7 3 50 1 109 "A"
7 -6 50 1 110 "A"
7 -6 50 1 111 "A"
7 -6 50 1 112 "A"
7 12 20 1 113 "V"
7 1 20 1 114 "V"
7 -36 20 1 115 "V"
7 2 40 1 116 "R"
7 3 50 1 117 "A"
7 -6 50 1 118 "A"
7 3 20 1 119 "V"
7 -3 20 1 120 "V"
7 1 50 1 121 "A"
7 1 50 1 122 "A"
7 -6 50 1 123 "A"
7 -3 20 1 124 "V"
7 -12 50 1 125 "A"
7 -6 50 1 126 "A"
7 -36 20 1 127 "V"
7 -6 50 2 1 "A"
7 1 20 2 2 "V"
7 12 50 2 3 "A"
7 -3 20 2 4 "V"
7 -9 20 2 5 "V"
7 -3 10 2 6 "F"
7 -12 50 2 7 "A"
7 -6 50 2 8 "A"
7 5 10 2 9 "F"
7 80 20 2 10 "V"
7 3 50 2 11 "A"
7 1 50 2 12 "A"
7 3 50 2 13 "A"
7 -6 50 2 14 "A"
7 -9 10 2 15 "F"
7 2 40 2 16 "R"
7 -36 20 2 17 "V"
7 2 10 2 18 "F"
7 4 10 2 19 "F"
7 -3 10 2 20 "F"
7 -15 50 2 21 "A"
7 -9 10 2 22 "F"
7 3 20 2 23 "V"
7 -6 50 2 24 "A"
7 12 50 2 25 "A"
7 -9 10 2 26 "F"
7 3 50 2 27 "A"
7 -3 10 2 28 "F"
7 3 50 2 29 "A"
7 1 50 2 30 "A"
7 -9 10 2 31 "F"
7 -6 50 2 32 "A"
7 -12 50 2 33 "A"
7 2 10 2 34 "F"
7 12 20 2 35 "V"
7 3 20 2 36 "V"
7 3 50 2 37 "A"
7 -6 50 2 38 "A"
7 3 50 2 39 "A"
7 1 20 2 40 "V"
7 12 20 2 41 "V"
7 1 50 2 42 "A"
7 1 50 2 43 "A"
7 1 50 2 44 "A"
7 -6 50 2 45 "A"
7 -3 20 2 46 "V"
7 -6 50 2 47 "A"
7 2 10 2 48 "F"
7 -36 10 2 49 "F"
7 1 50 2 50 "A"
7 1 50 2 51 "A"
7 1 50 2 52 "A"
7 3 50 2 53 "A"
7 1 20 2 54 "V"
7 1 20 2 55 "V"
7 -12 50 2 56 "A"
7 2 10 2 57 "F"
7 3 20 2 58 "V"
7 -3 10 2 59 "F"
7 -6 50 2 60 "A"
7 -9 10 2 61 "F"
7 -6 40 2 62 "R"
7 2 10 2 63 "F"
7 -3 10 2 64 "F"
7 3 50 2 65 "A"
7 1 50 2 66 "A"
7 -12 50 2 67 "A"
7 2 10 2 68 "F"
7 -9 20 2 69 "V"
7 2 40 2 70 "R"
7 -3 20 2 71 "V"
7 1 50 2 72 "A"
7 3 50 2 73 "A"
7 -9 20 2 74 "V"
7 -9 10 2 75 "F"
7 -6 40 2 76 "R"
7 -12 40 2 77 "R"
7 -6 40 2 78 "R"
7 -9 10 2 79 "F"
7 -3 20 2 80 "V"
7 -12 50 2 81 "A"
7 -6 50 2 82 "A"
7 3 50 2 83 "A"
7 -6 50 2 84 "A"
7 -6 50 2 85 "A"
7 -9 10 2 86 "F"
7 -6 40 2 87 "R"
7 -6 50 2 88 "A"
7 -15 50 2 89 "A"
7 1 50 2 90 "A"
7 -15 50 2 91 "A"
7 2 10 2 92 "F"
7 -3 10 2 93 "F"
7 3 50 2 94 "A"
7 -12 50 2 95 "A"
7 2 10 2 96 "F"
7 4 10 2 97 "F"
7 -3 10 2 98 "F"
7 -6 50 2 99 "A"
7 -3 10 2 100 "F"
7 1 50 2 101 "A"
7 1 50 2 102 "A"
7 -12 50 2 103 "A"
7 3 50 2 104 "A"
7 12 50 2 105 "A"
7 1 50 2 106 "A"
7 -15 50 2 107 "A"
7 1 50 2 108 "A"
7 3 50 2 109 "A"
7 1 50 2 110 "A"
7 -6 50 2 111 "A"
7 2 10 2 112 "F"
7 3 20 2 113 "V"
7 -9 10 2 114 "F"
7 -3 10 2 115 "F"
7 -6 50 2 116 "A"
7 -9 10 2 117 "F"
7 1 20 2 118 "V"
7 2 10 2 119 "F"
7 -3 10 2 120 "F"
7 -6 50 2 121 "A"
7 1 50 2 122 "A"
7 -15 50 2 123 "A"
7 1 20 2 124 "V"
7 -36 10 2 125 "F"
7 3 50 2 126 "A"
7 -15 50 2 127 "A"
7 1 50 2 128 "A"
7 -6 50 2 129 "A"
7 1 50 2 130 "A"
7 -12 50 2 131 "A"
7 1 50 2 132 "A"
7 -12 50 2 133 "A"
7 2 10 2 134 "F"
7 4 10 2 135 "F"
7 -3 10 2 136 "F"
7 12 20 2 137 "V"
7 2 40 3 1 "R"
7 -6 50 3 2 "A"
7 3 50 3 3 "A"
7 3 20 3 4 "V"
7 5 10 3 5 "F"
7 -3 10 3 6 "F"
7 3 50 3 7 "A"
7 -6 50 3 8 "A"
7 3 50 3 9 "A"
7 1 50 3 10 "A"
7 -12 50 3 11 "A"
7 1 50 3 12 "A"
7 3 50 3 13 "A"
7 -6 50 3 14 "A"
7 -3 10 3 15 "F"
7 -6 50 3 16 "A"
7 -12 50 3 17 "A"
7 -6 50 3 18 "A"
7 -3 10 3 19 "F"
7 4 10 3 20 "F"
7 -36 10 3 21 "F"
7 -6 50 3 22 "A"
7 -3 10 3 23 "F"
7 12 50 3 24 "A"
7 4 10 3 25 "F"
7 2 10 3 26 "F"
7 4 10 3 27 "F"
7 -3 10 3 28 "F"
7 2 40 3 29 "R"
7 1 50 3 30 "A"
7 -12 50 3 31 "A"
7 -3 20 3 32 "V"
7 3 50 3 33 "A"
7 -12 50 3 34 "A"
7 1 20 3 35 "V"
7 2 10 3 36 "F"
7 -9 10 3 37 "F"
7 -3 10 3 38 "F"
7 -12 50 3 39 "A"
7 1 50 3 40 "A"
7 -9 10 3 41 "F"
7 -6 50 3 42 "A"
7 -9 10 3 43 "F"
7 2 10 3 44 "F"
7 1 50 3 45 "A"
7 -3 10 3 46 "F"
7 -15 50 3 47 "A"
7 1 50 3 48 "A"
7 2 10 3 49 "F"
7 -6 50 3 50 "A"
7 -6 50 3 51 "A"
7 -9 10 3 52 "F"
7 4 40 3 53 "R"
7 -3 10 3 54 "F"
7 -12 50 3 55 "A"
7 -9 10 3 56 "F"
7 -9 20 3 57 "V"
7 2 10 3 58 "F"
7 -6 50 3 59 "A"
7 2 10 3 60 "F"
7 -3 10 3 61 "F"
7 -3 10 3 62 "F"
7 3 50 3 63 "A"
7 -3 10 3 64 "F"
7 3 50 3 65 "A"
7 2 10 3 66 "F"
7 -3 10 3 67 "F"
7 4 40 3 68 "R"
7 -9 10 3 69 "F"
7 2 10 3 70 "F"
7 3 20 3 71 "V"
7 -3 20 3 72 "V"
7 4 10 3 73 "F"
7 1 50 3 74 "A"
7 3 50 3 75 "A"
7 -9 10 3 76 "F"
7 -9 20 3 77 "V"
7 2 10 3 78 "F"
7 2 10 3 79 "F"
7 1 50 3 80 "A"
7 -12 50 3 81 "A"
7 -3 20 3 82 "V"
7 -12 50 3 83 "A"
7 -3 10 3 84 "F"
7 -12 40 3 85 "R"
7 -12 50 3 86 "A"
7 -3 10 3 87 "F"
7 3 50 3 88 "A"
7 5 10 3 89 "F"
7 2 10 3 90 "F"
7 2 10 3 91 "F"
7 -3 20 3 92 "V"
7 -12 50 3 93 "A"
7 1 50 3 94 "A"
7 1 50 3 95 "A"
7 -6 50 3 96 "A"
7 4 10 3 97 "F"
7 1 50 3 98 "A"
7 3 50 3 99 "A"
7 2 10 3 100 "F"
7 -36 10 3 101 "F"
7 2 10 3 102 "F"
7 4 10 3 103 "F"
7 -6 50 3 104 "A"
7 4 10 3 105 "F"
7 -3 10 3 106 "F"
7 -9 10 3 107 "F"
7 1 50 3 108 "A"
7 3 50 3 109 "A"
7 1 50 3 110 "A"
7 -6 50 3 111 "A"
7 -12 50 3 112 "A"
7 -3 10 3 113 "F"
7 -6 50 3 114 "A"
7 3 50 3 115 "A"
7 2 10 3 116 "F"
7 4 10 3 117 "F"
7 4 10 3 118 "F"
7 -9 10 3 119 "F"
7 1 50 3 120 "A"
7 3 50 3 121 "A"
7 -3 10 3 122 "F"
7 -12 50 3 123 "A"
7 -6 50 3 124 "A"
7 -15 50 3 125 "A"
7 -6 50 3 126 "A"
7 -3 10 3 127 "F"
7 -6 50 3 128 "A"
7 -9 20 4 1 "V"
7 1 50 4 2 "A"
7 -9 20 4 3 "V"
7 -6 50 4 4 "A"
7 -12 50 4 5 "A"
7 -3 10 4 6 "F"
7 -12 50 4 7 "A"
7 -6 50 4 8 "A"
7 -36 10 4 9 "F"
7 -240 10 4 10 "F"
7 1 20 4 11 "V"
7 1 20 4 12 "V"
7 3 50 4 13 "A"
7 -3 10 4 14 "F"
7 3 50 4 15 "A"
7 1 50 4 16 "A"
7 4 10 4 17 "F"
7 2 10 4 18 "F"
7 -36 10 4 19 "F"
7 -6 40 4 20 "R"
7 -12 50 4 21 "A"
7 -3 20 4 22 "V"
7 1 50 4 23 "A"
7 1 50 4 24 "A"
7 3 50 4 25 "A"
7 -9 20 4 26 "V"
7 -12 50 4 27 "A"
7 -3 20 4 28 "V"
7 4 10 4 29 "F"
7 -3 10 4 30 "F"
7 -12 50 4 31 "A"
7 -36 10 4 32 "F"
7 12 50 4 33 "A"
7 -3 10 4 34 "F"
7 1 50 4 35 "A"
7 -6 50 4 36 "A"
7 1 50 4 37 "A"
7 3 50 4 38 "A"
7 1 50 4 39 "A"
7 1 50 4 40 "A"
7 -6 50 4 41 "A"
7 -6 50 4 42 "A"
7 -3 10 4 43 "F"
7 1 50 4 44 "A"
7 -6 50 4 45 "A"
7 -3 10 4 46 "F"
7 -9 10 4 47 "F"
7 -9 20 4 48 "V"
7 -6 50 4 49 "A"
7 -3 10 4 50 "F"
7 3 50 4 51 "A"
7 2 10 4 52 "F"
7 5 10 4 53 "F"
7 -3 10 4 54 "F"
7 -12 50 4 55 "A"
7 2 10 4 56 "F"
7 -9 10 4 57 "F"
7 2 10 4 58 "F"
7 -3 10 4 59 "F"
7 2 40 4 60 "R"
7 -12 50 4 61 "A"
7 2 10 4 62 "F"
7 4 10 4 63 "F"
7 -3 10 4 64 "F"
7 4 10 4 65 "F"
7 2 10 4 66 "F"
7 -9 10 4 67 "F"
7 1 20 4 68 "V"
7 4 10 4 69 "F"
7 -3 10 4 70 "F"
7 1 50 4 71 "A"
7 -6 50 4 72 "A"
7 -12 50 4 73 "A"
7 -6 50 4 74 "A"
7 -36 10 4 75 "F"
7 1 50 4 76 "A"
7 -12 50 4 77 "A"
7 1 50 4 78 "A"
7 -12 50 4 79 "A"
7 1 50 4 80 "A"
7 -9 10 4 81 "F"
7 -6 50 4 82 "A"
7 3 20 4 83 "V"
7 2 10 4 84 "F"
7 4 10 4 85 "F"
7 -3 10 4 86 "F"
7 -12 50 4 87 "A"
7 1 50 4 88 "A"
7 -6 50 4 89 "A"
7 -6 50 4 90 "A"
7 -9 10 4 91 "F"
7 -3 10 4 92 "F"
7 12 50 4 93 "A"
7 2 10 4 94 "F"
7 -9 10 4 95 "F"
7 -3 20 4 96 "V"
7 12 50 4 97 "A"
7 -3 10 4 98 "F"
7 -6 50 4 99 "A"
7 -3 10 4 100 "F"
7 -15 50 4 101 "A"
7 -6 50 4 102 "A"
7 -9 10 4 103 "F"
7 4 10 4 104 "F"
7 2 10 4 105 "F"
7 4 10 4 106 "F"
7 2 10 4 107 "F"
7 -3 10 4 108 "F"
7 1 50 4 109 "A"
7 -6 50 4 110 "A"
7 -12 50 4 111 "A"
7 1 20 5 1 "V"
7 -3 20 5 2 "V"
7 -9 20 5 3 "V"
7 3 20 5 4 "V"
7 -6 40 5 5 "R"
7 1 20 5 6 "V"
7 -12 50 5 7 "A"
7 1 50 5 8 "A"
7 -9 20 5 9 "V"
7 2 10 5 10 "F"
7 -15 50 5 11 "A"
7 -6 40 5 12 "R"
7 -12 40 5 13 "R"
7 3 20 5 14 "V"
7 -3 20 5 15 "V"
7 2 10 5 16 "F"
7 4 40 5 17 "R"
7 1 20 5 18 "V"
7 4 10 5 19 "F"
7 -9 10 5 20 "F"
7 -12 40 5 21 "R"
7 1 50 5 22 "A"
7 -12 40 5 23 "R"
7 -12 40 5 24 "R"
7 4 40 5 25 "R"
7 1 20 5 26 "V"
7 -3 10 5 27 "F"
7 -3 20 5 28 "V"
7 -12 50 5 29 "A"
7 -3 20 5 30 "V"
7 -3 10 5 31 "F"
7 -6 50 5 32 "A"
7 -3 20 5 33 "V"
7 3 50 5 34 "A"
7 -3 10 5 35 "F"
7 -6 50 5 36 "A"
7 -9 20 5 37 "V"
7 3 50 5 38 "A"
7 5 10 5 39 "F"
7 -3 10 5 40 "F"
7 -6 50 5 41 "A"
7 2 10 5 42 "F"
7 -9 10 5 43 "F"
7 -3 20 5 44 "V"
7 3 50 5 45 "A"
7 -3 20 5 46 "V"
7 1 50 5 47 "A"
7 -6 40 5 48 "R"
7 -9 10 5 49 "F"
7 1 50 5 50 "A"
7 -12 50 5 51 "A"
7 -3 10 5 52 "F"
7 1 50 5 53 "A"
7 -6 50 5 54 "A"
7 3 50 5 55 "A"
7 2 10 5 56 "F"
7 4 10 5 57 "F"
7 2 10 5 58 "F"
7 4 10 5 59 "F"
7 -3 10 5 60 "F"
7 -15 50 5 61 "A"
7 2 10 5 62 "F"
7 -3 10 5 63 "F"
7 2 10 5 64 "F"
7 -9 10 5 65 "F"
7 -3 10 5 66 "F"
7 -15 50 5 67 "A"
7 -6 50 5 68 "A"
7 2 10 5 69 "F"
7 -3 10 5 70 "F"
7 3 50 5 71 "A"
7 4 10 5 72 "F"
7 -36 10 5 73 "F"
7 -6 50 5 74 "A"
7 1 50 5 75 "A"
7 -12 50 5 76 "A"
7 -6 40 5 77 "R"
7 -3 10 5 78 "F"
7 -6 50 5 79 "A"
7 2 10 5 80 "F"
7 4 10 5 81 "F"
7 -3 10 5 82 "F"
7 3 50 5 83 "A"
7 -3 10 5 84 "F"
7 -15 50 5 85 "A"
7 -6 50 5 86 "A"
7 -6 50 5 87 "A"
7 -3 10 5 88 "F"
7 -12 50 5 89 "A"
7 2 10 5 90 "F"
7 5 40 5 91 "R"
7 2 10 5 92 "F"
7 -9 10 5 93 "F"
7 -12 50 5 94 "A"
7 2 10 5 95 "F"
7 -9 10 5 96 "F"
7 3 50 5 97 "A"
7 2 40 5 98 "R"
7 -15 50 5 99 "A"
7 -6 40 5 100 "R"
7 2 10 5 101 "F"
7 -3 10 5 102 "F"
7 -36 10 5 103 "F"
7 2 10 5 104 "F"
7 -9 10 5 105 "F"
7 2 40 5 106 "R"
7 3 50 5 107 "A"
7 -3 20 5 108 "V"
7 -6 50 5 109 "A"
7 -3 10 5 110 "F"
7 1 50 5 111 "A"
7 -6 50 5 112 "A"
7 -36 10 5 113 "F"
7 1 50 5 114 "A"
7 -12 50 5 115 "A"
7 -12 50 5 116 "A"
7 -15 40 5 117 "R"
7 -9 10 5 118 "F"
7 -12 40 5 119 "R"
7 2 40 5 120 "R"
7 -12 50 5 121 "A"
7 -6 50 5 122 "A"
7 -12 50 5 123 "A"
7 -6 50 5 124 "A"
7 -9 20 5 125 "V"
7 2 40 5 126 "R"
7 1 50 5 127 "A"
7 1 50 5 128 "A"
7 -12 50 5 129 "A"
7 1 50 5 130 "A"
7 3 50 5 131 "A"
7 1 50 5 132 "A"
7 -12 50 5 133 "A"
7 1 50 5 134 "A"
7 4 40 5 135 "R"
7 4 10 6 1 "F"
7 -3 10 6 2 "F"
7 -12 50 6 3 "A"
7 -12 50 6 4 "A"
7 4 10 6 5 "F"
7 1 50 6 6 "A"
7 3 50 6 7 "A"
7 -6 50 6 8 "A"
7 3 50 6 9 "A"
7 -240 10 6 10 "F"
7 -9 20 6 11 "V"
7 2 10 6 12 "F"
7 4 10 6 13 "F"
7 -3 10 6 14 "F"
7 -15 50 6 15 "A"
7 1 50 6 16 "A"
7 -6 50 6 17 "A"
7 -12 50 6 18 "A"
7 -12 50 6 19 "A"
7 -6 50 6 20 "A"
7 1 50 6 21 "A"
7 1 50 6 22 "A"
7 12 50 6 23 "A"
7 2 10 6 24 "F"
7 2 10 6 25 "F"
7 2 10 6 26 "F"
7 2 10 6 27 "F"
7 -3 10 6 28 "F"
7 2 40 6 29 "R"
7 -12 50 6 30 "A"
7 4 10 6 31 "F"
7 -3 10 6 32 "F"
7 -12 50 6 33 "A"
7 1 50 6 34 "A"
7 -15 50 6 35 "A"
7 -6 50 6 36 "A"
7 4 10 6 37 "F"
7 -3 10 6 38 "F"
7 -9 10 6 39 "F"
7 -6 40 6 40 "R"
7 -6 50 6 41 "A"
7 2 10 6 42 "F"
7 4 10 6 43 "F"
7 -3 10 6 44 "F"
7 -15 50 6 45 "A"
7 2 10 6 46 "F"
7 -36 10 6 47 "F"
7 -3 20 6 48 "V"
7 -12 50 6 49 "A"
7 -3 20 6 50 "V"
7 -12 50 6 51 "A"
7 1 50 6 52 "A"
7 4 10 6 53 "F"
7 4 10 6 54 "F"
7 -3 10 6 55 "F"
7 -6 50 6 56 "A"
7 -9 10 6 57 "F"
7 1 50 6 58 "A"
7 4 10 6 59 "F"
7 2 10 6 60 "F"
7 -6 50 6 61 "A"
7 1 50 6 62 "A"
7 3 50 6 63 "A"
7 -36 10 6 64 "F"
7 -12 50 6 65 "A"
7 -6 50 6 66 "A"
7 -3 10 6 67 "F"
7 -6 50 6 68 "A"
7 -3 10 6 69 "F"
7 -6 50 6 70 "A"
7 -36 10 6 71 "F"
7 -6 50 6 72 "A"
7 -9 10 6 73 "F"
7 -6 50 6 74 "A"
7 -9 10 6 75 "F"
7 -6 50 6 76 "A"
7 -9 10 6 77 "F"
7 -6 50 6 78 "A"
7 5 10 6 79 "F"
7 -9 10 6 80 "F"
7 4 10 6 81 "F"
7 4 10 6 82 "F"
7 -3 10 6 83 "F"
7 1 50 6 84 "A"
7 -6 50 6 85 "A"
7 1 50 6 86 "A"
7 -12 50 6 87 "A"
7 1 50 6 88 "A"
7 -9 10 6 89 "F"
7 2 10 6 90 "F"
7 -9 10 6 91 "F"
7 1 50 6 92 "A"
7 3 50 6 93 "A"
7 1 50 6 94 "A"
7 -6 50 6 95 "A"
7 -12 50 6 96 "A"
7 2 10 6 97 "F"
7 2 10 6 98 "F"
7 2 10 6 99 "F"
7 -6 50 6 100 "A"
7 1 50 6 101 "A"
7 3 50 6 102 "A"
7 4 10 6 103 "F"
7 -3 10 6 104 "F"
7 1 50 6 105 "A"
7 -6 50 6 106 "A"
7 3 50 6 107 "A"
7 -3 10 6 108 "F"
7 1 50 6 109 "A"
7 -6 50 6 110 "A"
7 -9 10 6 111 "F"
7 -6 50 7 1 "A"
7 1 50 7 2 "A"
7 2 10 7 3 "F"
7 -3 10 7 4 "F"
7 -9 10 7 5 "F"
7 1 50 7 6 "A"
7 -12 50 7 7 "A"
7 -6 50 7 8 "A"
7 -12 50 7 9 "A"
7 4 10 7 10 "F"
7 -3 10 7 11 "F"
7 1 50 7 12 "A"
7 -12 50 7 13 "A"
7 -6 50 7 14 "A"
7 4 10 7 15 "F"
7 1 50 7 16 "A"
7 1 50 7 17 "A"
7 1 50 7 18 "A"
7 -9 10 7 19 "F"
7 -6 50 7 20 "A"
7 2 10 7 21 "F"
7 2 10 7 22 "F"
7 4 10 7 23 "F"
7 -9 10 7 24 "F"
7 4 10 7 25 "F"
7 1 50 7 26 "A"
7 12 50 7 27 "A"
7 -3 10 7 28 "F"
7 3 50 7 29 "A"
7 -6 50 7 30 "A"
7 -15 50 7 31 "A"
7 -3 10 7 32 "F"
7 -9 10 7 33 "F"
7 1 50 7 34 "A"
7 -12 50 7 35 "A"
7 -3 10 7 36 "F"
7 -12 50 7 37 "A"
7 -6 50 7 38 "A"
7 -6 50 7 39 "A"
7 1 50 7 40 "A"
7 -6 40 7 41 "R"
7 1 50 7 42 "A"
7 -15 50 7 43 "A"
7 4 10 7 44 "F"
7 -3 10 7 45 "F"
7 -12 50 7 46 "A"
7 2 10 7 47 "F"
7 2 10 7 48 "F"
7 -3 10 7 49 "F"
7 1 50 7 50 "A"
7 -12 50 7 51 "A"
7 1 50 7 52 "A"
7 1 50 7 53 "A"
7 2 10 7 54 "F"
7 2 10 7 55 "F"
7 2 10 7 56 "F"
7 1 50 7 57 "A"
7 3 50 7 58 "A"
7 -12 50 7 59 "A"
7 2 10 7 60 "F"
7 -12 50 7 61 "A"
7 3 50 7 62 "A"
7 -12 50 7 63 "A"
7 -6 50 7 64 "A"
7 2 40 7 65 "R"
7 1 50 7 66 "A"
7 -6 50 7 67 "A"
7 -3 10 7 68 "F"
7 -6 50 7 69 "A"
7 1 20 7 70 "V"
7 5 10 7 71 "F"
7 4 10 7 72 "F"
7 -9 10 7 73 "F"
7 -3 20 7 74 "V"
7 5 10 7 75 "F"
7 -3 10 7 76 "F"
7 -6 50 7 77 "A"
7 -3 10 7 78 "F"
7 1 50 7 79 "A"
7 1 50 7 80 "A"
7 -6 50 7 81 "A"
7 -12 50 7 82 "A"
7 4 40 7 83 "R"
7 2 10 7 84 "F"
7 -3 10 7 85 "F"
7 -3 10 7 86 "F"
7 -15 50 7 87 "A"
7 -3 10 7 88 "F"
7 -12 50 7 89 "A"
7 -3 10 7 90 "F"
7 -12 50 7 91 "A"
7 2 10 7 92 "F"
7 1 50 7 93 "A"
7 -12 50 7 94 "A"
7 -9 10 7 95 "F"
7 1 20 7 96 "V"
7 -9 10 7 97 "F"
7 2 10 7 98 "F"
7 4 10 7 99 "F"
7 2 10 7 100 "F"
7 5 10 7 101 "F"
7 2 10 7 102 "F"
7 2 10 7 103 "F"
7 -3 10 7 104 "F"
7 2 40 7 105 "R"
7 -6 50 7 106 "A"
7 -6 50 7 107 "A"
7 -3 10 7 108 "F"
7 3 50 7 109 "A"
7 -12 50 7 110 "A"
7 5 10 7 111 "F"
7 -9 10 7 112 "F"
7 3 50 7 113 "A"
7 -36 10 7 114 "F"
7 4 10 7 115 "F"
7 2 10 7 116 "F"
7 -3 10 7 117 "F"
7 3 50 7 118 "A"
7 -36 10 7 119 "F"
7 2 10 7 120 "F"
7 5 10 7 121 "F"
7 2 10 7 122 "F"
7 -3 10 7 123 "F"
7 1 20 7 124 "V"
7 -9 10 7 125 "F"
7 -3 10 7 126 "F"
7 1 50 7 127 "A"
7 -6 50 7 128 "A"
7 -3 10 7 129 "F"
7 -6 50 7 130 "A"
7 3 50 7 131 "A"
7 4 10 7 132 "F"
7 -9 10 7 133 "F"
7 -9 10 7 134 "F"
7 1 50 7 135 "A"
7 -6 50 7 136 "A"
7 2 10 7 137 "F"
7 2 10 7 138 "F"
7 1 50 7 139 "A"
7 -6 50 7 140 "A"
7 4 10 7 141 "F"
7 4 10 7 142 "F"
7 2 10 7 143 "F"
7 -3 10 7 144 "F"
7 2 40 7 145 "R"
7 1 50 7 146 "A"
7 -12 50 7 147 "A"
7 2 10 7 148 "F"
7 5 10 7 149 "F"
7 -9 10 7 150 "F"
7 2 10 7 151 "F"
7 2 10 7 152 "F"
7 -6 40 8 1 "R"
7 1 50 8 2 "A"
7 1 50 8 3 "A"
7 -6 50 8 4 "A"
7 -9 20 8 5 "V"
7 1 50 8 6 "A"
7 -12 50 8 7 "A"
7 -6 50 8 8 "A"
7 -12 40 8 9 "R"
7 80 50 8 10 "A"
7 -3 20 8 11 "V"
7 1 50 8 12 "A"
7 -12 50 8 13 "A"
7 -6 50 8 14 "A"
7 3 20 8 15 "V"
7 1 20 8 16 "V"
7 1 20 8 17 "V"
7 1 20 8 18 "V"
7 -12 50 8 19 "A"
7 -6 50 8 20 "A"
7 2 40 8 21 "R"
7 1 50 8 22 "A"
7 3 50 8 23 "A"
7 -12 50 8 24 "A"
7 4 10 8 25 "F"
7 1 20 8 26 "V"
7 12 20 8 27 "V"
7 -3 20 8 28 "V"
7 4 10 8 29 "F"
7 -3 20 8 30 "V"
7 -36 20 8 31 "V"
7 -3 10 8 32 "F"
7 -12 50 8 33 "A"
7 1 50 8 34 "A"
7 -9 20 8 35 "V"
7 -3 10 8 36 "F"
7 -12 50 8 37 "A"
7 -3 10 8 38 "F"
7 -6 50 8 39 "A"
7 1 50 8 40 "A"
7 -6 50 8 41 "A"
7 2 10 8 42 "F"
7 -36 10 8 43 "F"
7 3 50 8 44 "A"
7 -3 20 8 45 "V"
7 -12 50 8 46 "A"
7 2 10 8 47 "F"
7 1 50 8 48 "A"
7 -6 50 8 49 "A"
7 2 10 8 50 "F"
7 -9 20 8 51 "V"
7 1 50 8 52 "A"
7 1 50 8 53 "A"
7 1 50 8 54 "A"
7 1 50 8 55 "A"
7 1 50 8 56 "A"
7 1 50 8 57 "A"
7 3 50 8 58 "A"
7 -12 50 8 59 "A"
7 -240 10 8 60 "F"
7 -12 40 8 61 "R"
7 4 10 8 62 "F"
7 -9 20 8 63 "V"
7 -3 10 8 64 "F"
7 1 20 8 65 "V"
7 1 20 8 66 "V"
7 -3 10 8 67 "F"
7 -3 10 8 68 "F"
7 -6 40 8 69 "R"
7 2 10 8 70 "F"
7 5 10 8 71 "F"
7 4 10 8 72 "F"
7 -9 10 8 73 "F"
7 -3 10 8 74 "F"
7 12 20 8 75 "V"
7 -3 10 8 76 "F"
7 -6 40 8 77 "R"
7 -3 10 8 78 "F"
7 2 10 8 79 "F"
7 2 10 8 80 "F"
7 -3 10 8 81 "F"
7 -9 10 8 82 "F"
7 3 50 8 83 "A"
7 1 50 8 84 "A"
7 -6 50 8 85 "A"
7 -3 10 8 86 "F"
7 -15 50 8 87 "A"
7 -6 40 8 88 "R"
7 -9 10 8 89 "F"
7 -6 50 8 90 "A"
7 -12 40 8 91 "R"
7 2 10 8 92 "F"
7 1 20 8 93 "V"
7 -9 10 8 94 "F"
7 -9 20 8 95 "V"
7 1 50 8 96 "A"
7 -12 50 8 97 "A"
7 1 50 8 98 "A"
7 3 50 8 99 "A"
7 1 50 8 100 "A"
7 12 50 8 101 "A"
7 2 10 8 102 "F"
7 2 10 8 103 "F"
7 -3 10 8 104 "F"
7 2 10 8 105 "F"
7 -3 10 8 106 "F"
7 -6 50 8 107 "A"
7 -3 10 8 108 "F"
7 4 10 8 109 "F"
7 -9 10 8 110 "F"
7 12 50 8 111 "A"
7 -9 20 8 112 "V"
7 3 50 8 113 "A"
7 -36 10 8 114 "F"
7 1 20 9 1 "V"
7 -6 50 9 2 "A"
7 -9 10 9 3 "F"
7 3 50 9 4 "A"
7 -3 20 9 5 "V"
7 1 50 9 6 "A"
7 -12 50 9 7 "A"
7 2 10 9 8 "F"
7 -9 20 9 9 "V"
7 2 10 9 10 "F"
7 -36 10 9 11 "F"
7 -6 50 9 12 "A"
7 -12 50 9 13 "A"
7 4 10 9 14 "F"
7 -3 10 9 15 "F"
7 2 10 9 16 "F"
7 4 10 9 17 "F"
7 2 10 9 18 "F"
7 4 10 9 19 "F"
7 -9 10 9 20 "F"
7 -9 10 9 21 "F"
7 2 10 9 22 "F"
7 -9 10 9 23 "F"
7 -12 40 9 24 "R"
7 3 50 9 25 "A"
7 2 10 9 26 "F"
7 -3 10 9 27 "F"
7 -6 50 9 28 "A"
7 -9 10 9 29 "F"
7 -6 50 9 30 "A"
7 -6 50 9 31 "A"
7 -3 10 9 32 "F"
7 -6 50 9 33 "A"
7 4 10 9 34 "F"
7 -3 10 9 35 "F"
7 -6 50 9 36 "A"
7 -9 10 9 37 "F"
7 3 50 9 38 "A"
7 12 50 9 39 "A"
7 -3 10 9 40 "F"
7 -6 50 9 41 "A"
7 2 10 9 42 "F"
7 -9 10 9 43 "F"
7 -6 50 9 44 "A"
7 4 10 9 45 "F"
7 -3 10 9 46 "F"
7 2 10 9 47 "F"
7 -3 10 9 48 "F"
7 -9 10 9 49 "F"
7 2 10 9 50 "F"
7 -9 10 9 51 "F"
7 -3 10 9 52 "F"
7 2 10 9 53 "F"
7 -3 10 9 54 "F"
7 4 40 9 55 "R"
7 2 10 9 56 "F"
7 4 10 9 57 "F"
7 2 10 9 58 "F"
7 4 10 9 59 "F"
7 -3 10 9 60 "F"
7 -15 50 9 61 "A"
7 2 10 9 62 "F"
7 -3 10 9 63 "F"
7 2 10 9 64 "F"
7 -9 10 9 65 "F"
7 -6 50 9 66 "A"
7 -36 10 9 67 "F"
7 -3 10 9 68 "F"
7 2 10 9 69 "F"
7 -3 10 9 70 "F"
7 4 10 9 71 "F"
7 4 10 9 72 "F"
7 -36 10 9 73 "F"
7 -3 10 9 74 "F"
7 1 50 9 75 "A"
7 -12 50 9 76 "A"
7 -3 10 9 77 "F"
7 -6 50 9 78 "A"
7 -3 10 9 79 "F"
7 2 10 9 80 "F"
7 4 10 9 81 "F"
7 -3 10 9 82 "F"
7 3 50 9 83 "A"
7 -3 10 9 84 "F"
7 -15 50 9 85 "A"
7 -3 10 9 86 "F"
7 -6 50 9 87 "A"
7 -3 10 9 88 "F"
7 -9 10 9 89 "F"
7 2 40 9 90 "R"
7 12 50 9 91 "A"
7 2 10 9 92 "F"
7 -12 50 9 93 "A"
7 -9 10 9 94 "F"
7 2 10 9 95 "F"
7 -9 10 9 96 "F"
7 3 20 9 97 "V"
7 2 10 9 98 "F"
7 -36 10 9 99 "F"
7 -3 10 9 100 "F"
7 1 50 9 101 "A"
7 -6 50 9 102 "A"
7 -15 50 9 103 "A"
7 1 50 9 104 "A"
7 -12 50 9 105 "A"
7 1 50 9 106 "A"
7 3 50 9 107 "A"
7 -6 50 9 108 "A"
7 -3 10 9 109 "F"
7 -6 50 9 110 "A"
7 2 10 9 111 "F"
7 -3 10 9 112 "F"
7 -36 10 9 113 "F"
7 1 50 9 114 "A"
7 -12 50 9 115 "A"
7 -9 10 9 116 "F"
7 -15 50 9 117 "A"
7 -12 50 9 118 "A"
7 -12 50 9 119 "A"
7 2 10 9 120 "F"
7 -9 10 9 121 "F"
7 -3 10 9 122 "F"
7 -12 50 9 123 "A"
7 -6 50 9 124 "A"
7 -9 10 9 125 "F"
7 1 50 9 126 "A"
7 1 50 9 127 "A"
7 1 50 9 128 "A"
7 -12 50 9 129 "A"
7 2 10 9 130 "F"
7 4 10 9 131 "F"
7 2 10 9 132 "F"
7 -9 10 9 133 "F"
7 1 20 9 134 "V"
7 4 10 9 135 "F"
7 -3 10 9 136 "F"
7 4 10 10 1 "F"
7 -3 20 10 2 "V"
7 -9 10 10 3 "F"
7 -9 10 10 4 "F"
7 4 10 10 5 "F"
7 2 10 10 6 "F"
7 4 10 10 7 "F"
7 -3 10 10 8 "F"
7 4 10 10 9 "F"
7 2 10 10 10 "F"
7 -9 10 10 11 "F"
7 1 50 10 12 "A"
7 3 50 10 13 "A"
7 -6 50 10 14 "A"
7 -36 10 10 15 "F"
7 2 10 10 16 "F"
7 -3 10 10 17 "F"
7 -12 50 10 18 "A"
7 -12 50 10 19 "A"
7 -3 10 10 20 "F"
7 1 50 10 21 "A"
7 1 50 10 22 "A"
7 12 50 10 23 "A"
7 2 10 10 24 "F"
7 2 10 10 25 "F"
7 1 50 10 26 "A"
7 1 50 10 27 "A"
7 -6 50 10 28 "A"
7 2 10 10 29 "F"
7 -9 10 10 30 "F"
7 4 10 10 31 "F"
7 -3 10 10 32 "F"
7 -9 10 10 33 "F"
7 1 50 10 34 "A"
7 -15 50 10 35 "A"
7 -6 50 10 36 "A"
7 4 10 10 37 "F"
7 -3 10 10 38 "F"
7 -9 10 10 39 "F"
7 -6 50 10 40 "A"
7 -3 20 10 41 "V"
7 2 10 10 42 "F"
7 4 10 10 43 "F"
7 -3 10 10 44 "F"
7 -15 50 10 45 "A"
7 1 50 10 46 "A"
7 -15 50 10 47 "A"
7 -3 10 10 48 "F"
7 -12 50 10 49 "A"
7 -3 10 10 50 "F"
7 -9 10 10 51 "F"
7 2 10 10 52 "F"
7 4 10 10 53 "F"
7 4 10 10 54 "F"
7 -3 10 10 55 "F"
7 -6 50 10 56 "A"
7 -9 10 10 57 "F"
7 1 50 10 58 "A"
7 3 50 10 59 "A"
7 1 50 10 60 "A"
7 -6 50 10 61 "A"
7 1 50 10 62 "A"
7 3 50 10 63 "A"
7 -36 10 10 64 "F"
7 -9 10 10 65 "F"
7 -3 10 10 66 "F"
7 -6 50 10 67 "A"
7 -6 50 10 68 "A"
7 -6 50 10 69 "A"
7 -3 10 10 70 "F"
7 -15 50 10 71 "A"
7 -3 10 10 72 "F"
7 -12 50 10 73 "A"
7 -3 10 10 74 "F"
7 -9 10 10 75 "F"
7 -6 50 10 76 "A"
7 -12 50 10 77 "A"
7 -3 10 10 78 "F"
7 12 50 10 79 "A"
7 -9 10 10 80 "F"
7 4 10 10 81 "F"
7 4 10 10 82 "F"
7 -3 10 10 83 "F"
7 1 50 10 84 "A"
7 -6 50 10 85 "A"
7 2 10 10 86 "F"
7 -9 10 10 87 "F"
7 2 10 10 88 "F"
7 -9 10 10 89 "F"
7 2 10 10 90 "F"
7 -9 10 10 91 "F"
7 1 50 10 92 "A"
7 3 50 10 93 "A"
7 1 50 10 94 "A"
7 -6 50 10 95 "A"
7 -9 10 10 96 "F"
7 2 10 10 97 "F"
7 2 10 10 98 "F"
7 2 10 10 99 "F"
7 -3 10 10 100 "F"
7 2 40 10 101 "R"
7 3 50 10 102 "A"
7 3 50 10 103 "A"
7 -6 50 10 104 "A"
7 2 10 10 105 "F"
7 -3 10 10 106 "F"
7 4 40 10 107 "R"
7 -3 10 10 108 "F"
7 1 50 10 109 "A"
7 -6 50 10 110 "A"
7 -9 10 10 111 "F"
7 4 10 10 112 "F"
7 4 10 10 113 "F"
7 2 10 10 114 "F"
7 2 10 10 115 "F"
7 -3 10 10 116 "F"
7 2 10 10 117 "F"
7 2 10 10 118 "F"
7 -9 10 10 119 "F"
7 2 10 10 120 "F"
7 5 10 10 121 "F"
7 2 10 10 122 "F"
7 -3 10 10 123 "F"
7 2 10 10 124 "F"
7 2 10 10 125 "F"
7 2 10 10 126 "F"
7 -9 10 10 127 "F"
7 2 10 10 128 "F"
7 -9 10 10 129 "F"
7 1 20 10 130 "V"
7 -9 10 10 131 "F"
7 -3 20 10 132 "V"
7 4 10 10 133 "F"
7 -3 10 10 134 "F"
7 3 50 10 135 "A"
7 -3 10 10 136 "F"
7 -3 10 10 137 "F"
7 -3 10 10 138 "F"
7 2 10 10 139 "F"
7 -3 10 10 140 "F"
7 1 50 10 141 "A"
7 -6 50 10 142 "A"
7 4 40 10 143 "R"
7 2 10 10 144 "F"
7 -9 10 10 145 "F"
7 1 20 10 146 "V"
7 -9 10 10 147 "F"
7 -3 10 10 148 "F"
7 4 10 10 149 "F"
7 -3 10 10 150 "F"
7 -3 10 10 151 "F"
7 -3 10 10 152 "F"
7 -6 50 10 153 "A"
7 2 10 10 154 "F"
7 -9 10 10 155 "F"
7 1 50 10 156 "A"
7 -6 50 10 157 "A"
7 -3 10 10 158 "F"
7 -36 10 10 159 "F"
7 -9 10 11 1 "F"
7 -6 40 11 2 "R"
7 -9 10 11 3 "F"
7 1 50 11 4 "A"
7 3 50 11 5 "A"
7 1 50 11 6 "A"
7 -12 50 11 7 "A"
7 -9 10 11 8 "F"
7 2 10 11 9 "F"
7 -240 10 11 10 "F"
7 -3 10 11 11 "F"
7 -6 50 11 12 "A"
7 -36 10 11 13 "F"
7 1 50 11 14 "A"
7 -6 50 11 15 "A"
7 -3 10 11 16 "F"
7 -6 50 11 17 "A"
7 2 10 11 18 "F"
7 3 50 11 19 "A"
7 1 50 11 20 "A"
7 3 50 11 21 "A"
7 -6 50 11 22 "A"
7 -9 10 11 23 "F"
7 -3 10 11 24 "F"
7 -3 10 11 25 "F"
7 1 50 11 26 "A"
7 -12 50 11 27 "A"
7 2 10 11 28 "F"
7 4 10 11 29 "F"
7 2 10 11 30 "F"
7 -9 10 11 31 "F"
7 -6 50 11 32 "A"
7 5 10 11 33 "F"
7 -3 10 11 34 "F"
7 3 50 11 35 "A"
7 -6 50 11 36 "A"
7 -36 10 11 37 "F"
7 2 10 11 38 "F"
7 -9 10 11 39 "F"
7 -3 10 11 40 "F"
7 -9 10 11 41 "F"
7 3 50 11 42 "A"
7 12 50 11 43 "A"
7 -3 10 11 44 "F"
7 -15 50 11 45 "A"
7 2 10 11 46 "F"
7 -9 10 11 47 "F"
7 4 10 11 48 "F"
7 1 50 11 49 "A"
7 1 50 11 50 "A"
7 3 50 11 51 "A"
7 1 50 11 52 "A"
7 -12 50 11 53 "A"
7 -3 10 11 54 "F"
7 -9 10 11 55 "F"
7 1 50 11 56 "A"
7 12 50 11 57 "A"
7 -6 50 11 58 "A"
7 -3 10 11 59 "F"
7 2 10 11 60 "F"
7 -3 10 11 61 "F"
7 1 50 11 62 "A"
7 12 50 11 63 "A"
7 -36 10 11 64 "F"
7 -36 10 11 65 "F"
7 -6 50 11 66 "A"
7 4 10 11 67 "F"
7 -3 10 11 68 "F"
7 -6 50 11 69 "A"
7 -9 10 11 70 "F"
7 3 50 11 71 "A"
7 1 50 11 72 "A"
7 1 50 11 73 "A"
7 -6 50 11 74 "A"
7 -9 10 11 75 "F"
7 -6 40 11 76 "R"
7 1 20 11 77 "V"
7 2 10 11 78 "F"
7 -9 10 11 79 "F"
7 -3 10 11 80 "F"
7 -9 10 11 81 "F"
7 -6 50 11 82 "A"
7 4 10 11 83 "F"
7 -9 10 11 84 "F"
7 -3 10 11 85 "F"
7 -6 50 11 86 "A"
7 4 10 11 87 "F"
7 -3 10 11 88 "F"
7 3 50 11 89 "A"
7 1 50 11 90 "A"
7 -6 50 11 91 "A"
7 2 10 11 92 "F"
7 4 10 11 93 "F"
7 2 10 11 94 "F"
7 4 10 11 95 "F"
7 2 10 11 96 "F"
7 -9 10 11 97 "F"
7 -9 10 11 98 "F"
7 -6 50 11 99 "A"
7 -3 10 11 100 "F"
7 -3 10 11 101 "F"
7 4 40 12 1 "R"
7 -3 20 12 2 "V"
7 -12 50 12 3 "A"
7 -12 50 12 4 "A"
7 3 50 12 5 "A"
7 1 50 12 6 "A"
7 3 50 12 7 "A"
7 -6 50 12 8 "A"
7 4 10 12 9 "F"
7 2 10 12 10 "F"
7 -9 10 12 11 "F"
7 1 50 12 12 "A"
7 3 50 12 13 "A"
7 -6 50 12 14 "A"
7 -36 10 12 15 "F"
7 2 10 12 16 "F"
7 -3 10 12 17 "F"
7 -9 10 12 18 "F"
7 -9 10 12 19 "F"
7 -3 10 12 20 "F"
7 2 10 12 21 "F"
7 2 10 12 22 "F"
7 5 10 12 23 "F"
7 2 10 12 24 "F"
7 2 10 12 25 "F"
7 2 10 12 26 "F"
7 2 10 12 27 "F"
7 -3 10 12 28 "F"
7 1 50 12 29 "A"
7 -12 50 12 30 "A"
7 4 10 12 31 "F"
7 -3 10 12 32 "F"
7 -12 50 12 33 "A"
7 2 10 12 34 "F"
7 -36 10 12 35 "F"
7 -6 50 12 36 "A"
7 4 10 12 37 "F"
7 -3 10 12 38 "F"
7 -9 20 12 39 "V"
7 -6 50 12 40 "A"
7 -3 10 12 41 "F"
7 2 10 12 42 "F"
7 4 10 12 43 "F"
7 -3 10 12 44 "F"
7 -15 50 12 45 "A"
7 1 50 12 46 "A"
7 -15 50 12 47 "A"
7 -6 50 12 48 "A"
7 -9 20 12 49 "V"
7 -3 10 12 50 "F"
7 -9 10 12 51 "F"
7 1 50 12 52 "A"
7 3 50 12 53 "A"
7 3 50 12 54 "A"
7 -3 10 12 55 "F"
7 -6 50 12 56 "A"
7 -9 10 12 57 "F"
7 1 50 12 58 "A"
7 3 50 12 59 "A"
7 80 50 12 60 "A"
7 -3 10 12 61 "F"
7 1 50 12 62 "A"
7 3 50 12 63 "A"
7 -15 50 12 64 "A"
7 -12 50 12 65 "A"
7 -3 10 12 66 "F"
7 -3 10 12 67 "F"
7 -3 10 12 68 "F"
7 -6 50 12 69 "A"
7 -3 10 12 70 "F"
7 -15 50 12 71 "A"
7 -3 10 12 72 "F"
7 -12 50 12 73 "A"
7 -6 50 12 74 "A"
7 -9 10 12 75 "F"
7 -6 50 12 76 "A"
7 -9 10 12 77 "F"
7 -6 50 12 78 "A"
7 5 10 12 79 "F"
7 -9 10 12 80 "F"
7 4 10 12 81 "F"
7 4 10 12 82 "F"
7 -3 10 12 83 "F"
7 1 50 12 84 "A"
7 -6 50 12 85 "A"
7 2 10 12 86 "F"
7 -9 10 12 87 "F"
7 2 10 12 88 "F"
7 -9 10 12 89 "F"
7 2 10 12 90 "F"
7 -9 10 12 91 "F"
7 2 10 12 92 "F"
7 4 10 12 93 "F"
7 2 10 12 94 "F"
7 -3 10 12 95 "F"
7 -12 50 12 96 "A"
7 2 10 12 97 "F"
7 2 10 12 98 "F"
7 2 10 12 99 "F"
7 -3 10 12 100 "F"
7 2 10 12 101 "F"
7 4 10 12 102 "F"
7 4 10 12 103 "F"
7 -3 10 12 104 "F"
7 1 50 12 105 "A"
7 -6 50 12 106 "A"
7 4 10 12 107 "F"
7 -3 10 12 108 "F"
7 2 10 12 109 "F"
7 -3 10 12 110 "F"
7 -9 10 12 111 "F"
7 4 10 12 112 "F"
7 4 10 12 113 "F"
7 2 10 12 114 "F"
7 2 10 12 115 "F"
7 -3 10 12 116 "F"
7 1 50 12 117 "A"
7 1 50 12 118 "A"
7 -12 50 12 119 "A"
7 2 10 12 120 "F"
7 5 10 12 121 "F"
7 2 10 12 122 "F"
7 -3 10 12 123 "F"
7 2 10 12 124 "F"
7 2 10 12 125 "F"
7 2 10 12 126 "F"
7 -9 10 12 127 "F"
7 2 10 12 128 "F"
7 -9 10 12 129 "F"
7 2 10 12 130 "F"
7 -9 10 12 131 "F"
7 -3 10 12 132 "F"
7 4 10 12 133 "F"
7 -3 10 12 134 "F"
7 4 10 12 135 "F"
7 -6 50 12 136 "A"
7 -3 10 12 137 "F"
7 -3 10 12 138 "F"
7 2 10 12 139 "F"
7 -3 10 12 140 "F"
7 2 10 12 141 "F"
7 -3 10 12 142 "F"
7 4 10 12 143 "F"
7 2 10 12 144 "F"
7 -9 10 12 145 "F"
7 2 10 12 146 "F"
7 -9 10 13 1 "F"
7 -3 10 13 2 "F"
7 -12 40 13 3 "R"
7 1 20 13 4 "V"
7 4 10 13 5 "F"
7 2 10 13 6 "F"
7 -9 10 13 7 "F"
7 -9 10 13 8 "F"
7 1 50 13 9 "A"
7 -6 50 13 10 "A"
7 -3 10 13 11 "F"
7 -3 10 13 12 "F"
7 -36 10 13 13 "F"
7 1 50 13 14 "A"
7 -6 50 13 15 "A"
7 -3 10 13 16 "F"
7 -3 10 13 17 "F"
7 2 10 13 18 "F"
7 4 10 13 19 "F"
7 2 10 13 20 "F"
7 4 10 13 21 "F"
7 -3 10 13 22 "F"
7 -12 50 13 23 "A"
7 -3 20 13 24 "V"
7 -3 10 13 25 "F"
7 2 10 13 26 "F"
7 -9 10 13 27 "F"
7 2 10 13 28 "F"
7 4 10 13 29 "F"
7 2 10 13 30 "F"
7 -9 10 13 31 "F"
7 -3 10 13 32 "F"
7 5 10 13 33 "F"
7 -3 10 13 34 "F"
7 4 10 13 35 "F"
7 -3 10 13 36 "F"
7 -15 50 13 37 "A"
7 1 50 13 38 "A"
7 -12 50 13 39 "A"
7 -6 50 13 40 "A"
7 -9 10 13 41 "F"
7 3 50 13 42 "A"
7 12 50 13 43 "A"
7 -6 50 13 44 "A"
7 -36 10 13 45 "F"
7 1 50 13 46 "A"
7 -9 10 13 47 "F"
7 3 20 13 48 "V"
7 2 10 13 49 "F"
7 2 10 13 50 "F"
7 4 10 13 51 "F"
7 2 10 13 52 "F"
7 -9 10 13 53 "F"
7 -3 10 13 54 "F"
7 -9 10 13 55 "F"
7 1 50 13 56 "A"
7 12 50 13 57 "A"
7 -3 10 13 58 "F"
7 -6 50 13 59 "A"
7 2 10 13 60 "F"
7 -3 10 13 61 "F"
7 2 10 13 62 "F"
7 5 10 13 63 "F"
7 -36 10 13 64 "F"
7 -36 10 13 65 "F"
7 -6 50 13 66 "A"
7 4 10 13 67 "F"
7 -3 10 13 68 "F"
7 -6 50 13 69 "A"
7 -9 10 13 70 "F"
7 3 20 13 71 "V"
7 2 10 13 72 "F"
7 2 10 13 73 "F"
7 -3 10 13 74 "F"
7 -12 50 13 75 "A"
7 -3 10 13 76 "F"
7 2 10 13 77 "F"
7 2 10 13 78 "F"
7 -9 10 13 79 "F"
7 -6 50 13 80 "A"
7 -9 10 13 81 "F"
7 -3 20 13 82 "V"
7 4 10 13 83 "F"
7 -9 10 13 84 "F"
7 -6 50 13 85 "A"
7 -3 10 13 86 "F"
7 4 10 13 87 "F"
7 -3 10 13 88 "F"
7 3 50 13 89 "A"
7 1 50 13 90 "A"
7 -6 50 13 91 "A"
7 2 10 13 92 "F"
7 4 10 13 93 "F"
7 2 10 13 94 "F"
7 4 10 13 95 "F"
7 2 10 13 96 "F"
7 -9 10 13 97 "F"
7 -9 10 13 98 "F"
7 -3 10 13 99 "F"
7 -3 10 13 100 "F"
7 -3 10 13 101 "F"
7 2 10 13 102 "F"
7 -9 10 13 103 "F"
7 -3 10 13 104 "F"
7 4 10 13 105 "F"
7 2 10 13 106 "F"
7 -9 10 13 107 "F"
7 -9 10 13 108 "F"
7 -3 10 13 109 "F"
7 2 10 13 110 "F"
7 4 10 13 111 "F"
7 4 10 13 112 "F"
7 -9 10 13 113 "F"
7 -3 10 13 114 "F"
7 4 10 13 115 "F"
7 2 10 13 116 "F"
7 4 10 13 117 "F"
7 2 10 13 118 "F"
7 4 10 13 119 "F"
7 2 10 13 120 "F"
7 -12 50 13 121 "A"
7 2 10 13 122 "F"
7 -3 10 13 123 "F"
7 1 50 13 124 "A"
7 3 50 13 125 "A"
7 -6 50 13 126 "A"
7 4 10 13 127 "F"
7 -3 10 13 128 "F"
7 5 10 13 129 "F"
7 2 10 13 130 "F"
7 -9 10 13 131 "F"
7 2 10 13 132 "F"
7 4 10 13 133 "F"
7 2 10 13 134 "F"
7 -9 10 13 135 "F"
7 -3 10 13 136 "F"
7 -9 10 13 137 "F"
7 2 10 13 138 "F"
7 -36 10 13 139 "F"
7 -12 50 13 140 "A"
7 -15 50 13 141 "A"
7 2 10 13 142 "F"
7 2 10 13 143 "F"
7 -3 10 13 144 "F"
7 -12 50 13 145 "A"
7 2 10 13 146 "F"
7 -9 10 13 147 "F"
7 -3 10 14 1 "F"
7 2 10 14 2 "F"
7 -9 10 14 3 "F"
7 -6 50 14 4 "A"
7 -9 10 14 5 "F"
7 -3 10 14 6 "F"
7 -3 10 14 7 "F"
7 2 10 14 8 "F"
7 -9 10 14 9 "F"
7 -3 10 14 10 "F"
7 4 10 14 11 "F"
7 -3 10 14 12 "F"
7 12 50 14 13 "A"
7 1 50 14 14 "A"
7 -12 50 14 15 "A"
7 -3 10 14 16 "F"
7 -9 10 14 17 "F"
7 2 10 14 18 "F"
7 -36 10 14 19 "F"
7 -3 10 14 20 "F"
7 3 50 14 21 "A"
7 -6 50 14 22 "A"
7 5 10 14 23 "F"
7 2 10 14 24 "F"
7 -9 10 14 25 "F"
7 1 50 14 26 "A"
7 -6 50 14 27 "A"
7 2 10 14 28 "F"
7 -9 10 14 29 "F"
7 -3 10 14 30 "F"
7 3 50 14 31 "A"
7 3 50 14 32 "A"
7 -6 50 14 33 "A"
7 -3 10 14 34 "F"
7 -9 10 14 35 "F"
7 1 50 14 36 "A"
7 3 50 14 37 "A"
7 -6 50 14 38 "A"
7 -36 10 14 39 "F"
7 2 10 14 40 "F"
7 -9 10 14 41 "F"
7 1 50 14 42 "A"
7 2 10 14 43 "F"
7 -3 10 14 44 "F"
7 3 50 14 45 "A"
7 1 50 14 46 "A"
7 1 50 14 47 "A"
7 3 50 14 48 "A"
7 -15 50 14 49 "A"
7 -9 10 14 50 "F"
7 4 10 14 51 "F"
7 2 10 14 52 "F"
7 -36 10 14 53 "F"
7 -3 10 14 54 "F"
7 -6 50 14 55 "A"
7 2 10 14 56 "F"
7 2 10 14 57 "F"
7 2 10 14 58 "F"
7 4 10 14 59 "F"
7 2 10 14 60 "F"
7 -3 10 14 61 "F"
7 1 50 14 62 "A"
7 3 50 14 63 "A"
7 -6 50 14 64 "A"
7 -3 10 14 65 "F"
7 2 10 14 66 "F"
7 4 10 14 67 "F"
7 -3 10 14 68 "F"
7 12 50 14 69 "A"
7 3 50 14 70 "A"
7 -6 50 14 71 "A"
7 -3 10 14 72 "F"
7 -3 10 14 73 "F"
7 1 50 14 74 "A"
7 12 50 14 75 "A"
7 -3 10 14 76 "F"
7 -12 50 14 77 "A"
7 2 10 14 78 "F"
7 -9 10 14 79 "F"
7 -6 50 14 80 "A"
7 -3 10 14 81 "F"
7 -12 50 14 82 "A"
7 3 50 14 83 "A"
7 -6 50 14 84 "A"
7 2 10 14 85 "F"
7 -3 10 14 86 "F"
7 1 50 14 87 "A"
7 -15 50 14 88 "A"
7 -3 10 14 89 "F"
7 4 10 14 90 "F"
7 4 10 14 91 "F"
7 2 10 14 92 "F"
7 4 10 14 93 "F"
7 2 10 14 94 "F"
7 -9 10 14 95 "F"
7 2 10 14 96 "F"
7 -3 10 14 97 "F"
7 1 50 14 98 "A"
7 -6 50 14 99 "A"
7 2 10 14 100 "F"
7 4 10 14 101 "F"
7 2 10 14 102 "F"
7 5 10 14 103 "F"
7 2 10 14 104 "F"
7 5 10 14 105 "F"
7 -6 50 14 106 "A"
7 -3 10 14 107 "F"
7 -3 10 14 108 "F"
7 -36 10 14 109 "F"
7 1 50 14 110 "A"
7 -12 50 14 111 "A"
7 -6 50 14 112 "A"
7 -3 10 14 113 "F"
7 2 10 14 114 "F"
7 2 10 14 115 "F"
7 -3 10 14 116 "F"
7 3 50 14 117 "A"
7 1 50 14 118 "A"
7 -12 50 14 119 "A"
7 -3 10 14 120 "F"
7 -3 10 14 121 "F"
7 2 10 14 122 "F"
7 -9 10 14 123 "F"
7 1 50 14 124 "A"
7 -3 10 14 125 "F"
7 1 50 14 126 "A"
7 3 50 14 127 "A"
7 1 50 14 128 "A"
7 -12 50 14 129 "A"
7 -6 50 14 130 "A"
7 -9 10 14 131 "F"
7 1 50 14 132 "A"
7 -12 50 14 133 "A"
7 -3 10 14 134 "F"
7 -3 10 14 135 "F"
7 -6 50 14 136 "A"
7 4 10 14 137 "F"
7 2 10 14 138 "F"
7 -3 10 14 139 "F"
7 -6 50 14 140 "A"
7 4 10 14 141 "F"
7 4 10 14 142 "F"
7 4 10 14 143 "F"
7 2 10 14 144 "F"
7 -9 10 14 145 "F"
7 4 10 14 146 "F"
7 2 10 14 147 "F"
7 2 10 14 148 "F"
7 -36 10 14 149 "F"
7 -3 10 14 150 "F"
7 2 10 14 151 "F"
7 -3 10 14 152 "F"
7 -3 10 14 153 "F"
7 -6 50 14 154 "A"
7 2 10 14 155 "F"
7 -3 10 14 156 "F"
7 2 10 15 1 "F"
7 -6 50 15 2 "A"
7 4 10 15 3 "F"
7 4 10 15 4 "F"
7 5 10 15 5 "F"
7 -3 10 15 6 "F"
7 3 50 15 7 "A"
7 -6 50 15 8 "A"
7 4 10 15 9 "F"
7 2 10 15 10 "F"
7 -9 10 15 11 "F"
7 2 10 15 12 "F"
7 4 10 15 13 "F"
7 -3 10 15 14 "F"
7 -6 50 15 15 "A"
7 -3 10 15 16 "F"
7 -9 10 15 17 "F"
7 -3 10 15 18 "F"
7 -6 50 15 19 "A"
7 4 10 15 20 "F"
7 -36 10 15 21 "F"
7 -6 50 15 22 "A"
7 -3 10 15 23 "F"
7 5 10 15 24 "F"
7 4 10 15 25 "F"
7 2 10 15 26 "F"
7 4 10 15 27 "F"
7 -3 10 15 28 "F"
7 2 10 15 29 "F"
7 2 10 15 30 "F"
7 -9 10 15 31 "F"
7 -3 10 15 32 "F"
7 4 10 15 33 "F"
7 -9 10 15 34 "F"
7 2 10 15 35 "F"
7 2 10 15 36 "F"
7 -9 10 15 37 "F"
7 -3 10 15 38 "F"
7 -9 10 15 39 "F"
7 2 10 15 40 "F"
7 -9 10 15 41 "F"
7 -3 10 15 42 "F"
7 -9 10 15 43 "F"
7 1 50 15 44 "A"
7 1 50 15 45 "A"
7 -6 50 15 46 "A"
7 -36 10 15 47 "F"
7 2 10 15 48 "F"
7 2 10 15 49 "F"
7 -3 10 15 50 "F"
7 -6 50 15 51 "A"
7 -9 10 15 52 "F"
7 3 50 15 53 "A"
7 -3 10 15 54 "F"
7 -12 50 15 55 "A"
7 -12 50 15 56 "A"
7 -12 50 15 57 "A"
7 2 10 15 58 "F"
7 -3 10 15 59 "F"
7 1 50 15 60 "A"
7 -6 50 15 61 "A"
7 -3 10 15 62 "F"
7 4 10 15 63 "F"
7 -3 10 15 64 "F"
7 3 50 15 65 "A"
7 1 50 15 66 "A"
7 -6 50 15 67 "A"
7 4 10 15 68 "F"
7 -9 10 15 69 "F"
7 1 50 15 70 "A"
7 3 50 15 71 "A"
7 -3 10 15 72 "F"
7 3 50 15 73 "A"
7 1 50 15 74 "A"
7 3 50 15 75 "A"
7 -12 50 15 76 "A"
7 -9 10 15 77 "F"
7 1 50 15 78 "A"
7 1 50 15 79 "A"
7 1 50 15 80 "A"
7 -12 50 15 81 "A"
7 -3 10 15 82 "F"
7 -9 10 15 83 "F"
7 -3 10 15 84 "F"
7 -12 50 15 85 "A"
7 -9 10 15 86 "F"
7 -6 50 15 87 "A"
7 4 10 15 88 "F"
7 5 10 15 89 "F"
7 2 10 15 90 "F"
7 2 10 15 91 "F"
7 -3 10 15 92 "F"
7 -12 50 15 93 "A"
7 2 10 15 94 "F"
7 2 10 15 95 "F"
7 -3 10 15 96 "F"
7 3 50 15 97 "A"
7 1 50 15 98 "A"
7 3 50 15 99 "A"
7 2 10 15 100 "F"
7 -36 10 15 101 "F"
7 2 10 15 102 "F"
7 4 10 15 103 "F"
7 -3 10 15 104 "F"
7 3 50 15 105 "A"
7 -6 50 15 106 "A"
7 -9 10 15 107 "F"
7 1 50 15 108 "A"
7 3 50 15 109 "A"
7 1 50 15 110 "A"
7 -6 50 15 111 "A"
7 -9 10 15 112 "F"
7 -3 10 15 113 "F"
7 -3 10 15 114 "F"
7 4 10 15 115 "F"
7 2 10 15 116 "F"
7 4 10 15 117 "F"
7 4 10 15 118 "F"
7 -9 10 15 119 "F"
7 2 10 15 120 "F"
7 4 10 15 121 "F"
7 -3 10 15 122 "F"
7 -12 50 15 123 "A"
7 -3 10 15 124 "F"
7 -36 10 15 125 "F"
7 -3 10 15 126 "F"
7 -3 10 15 127 "F"
7 -3 10 15 128 "F"
7 -3 10 15 129 "F"
7 1 50 15 130 "A"
7 3 50 15 131 "A"
7 -6 50 15 132 "A"
7 -3 10 15 133 "F"
7 -15 50 15 134 "A"
7 3 50 15 135 "A"
7 1 50 15 136 "A"
7 -6 50 15 137 "A"
7 -3 10 15 138 "F"
7 5 10 15 139 "F"
7 2 10 15 140 "F"
7 -3 10 15 141 "F"
7 2 10 15 142 "F"
7 2 10 15 143 "F"
7 -3 10 15 144 "F"
7 12 50 15 145 "A"
7 -12 50 16 1 "A"
7 -3 10 16 2 "F"
7 -9 10 16 3 "F"
7 2 10 16 4 "F"
7 4 10 16 5 "F"
7 2 10 16 6 "F"
7 -9 10 16 7 "F"
7 -9 10 16 8 "F"
7 2 10 16 9 "F"
7 -3 10 16 10 "F"
7 -3 10 16 11 "F"
7 -3 10 16 12 "F"
7 -36 10 16 13 "F"
7 1 50 16 14 "A"
7 -6 50 16 15 "A"
7 -3 20 16 16 "V"
7 -3 10 16 17 "F"
7 2 10 16 18 "F"
7 4 10 16 19 "F"
7 2 10 16 20 "F"
7 4 10 16 21 "F"
7 -3 10 16 22 "F"
7 -12 50 16 23 "A"
7 -6 50 16 24 "A"
7 -3 20 16 25 "V"
7 2 10 16 26 "F"
7 -9 10 16 27 "F"
7 1 50 16 28 "A"
7 3 50 16 29 "A"
7 1 50 16 30 "A"
7 -12 50 16 31 "A"
7 -6 40 16 32 "R"
7 5 10 16 33 "F"
7 -3 10 16 34 "F"
7 3 50 16 35 "A"
7 -6 50 16 36 "A"
7 -15 40 16 37 "R"
7 1 50 16 38 "A"
7 -12 50 16 39 "A"
7 -3 10 16 40 "F"
7 -9 10 16 41 "F"
7 4 40 16 42 "R"
7 12 50 16 43 "A"
7 -6 50 16 44 "A"
7 -36 10 16 45 "F"
7 2 10 16 46 "F"
7 -9 10 16 47 "F"
7 4 10 16 48 "F"
7 2 10 16 49 "F"
7 2 10 16 50 "F"
7 4 10 16 51 "F"
7 2 10 16 52 "F"
7 -9 10 16 53 "F"
7 -3 10 16 54 "F"
7 -9 10 16 55 "F"
7 2 10 16 56 "F"
7 5 10 16 57 "F"
7 -3 10 16 58 "F"
7 -6 50 16 59 "A"
7 2 10 16 60 "F"
7 -3 10 16 61 "F"
7 1 50 16 62 "A"
7 12 50 16 63 "A"
7 -15 50 16 64 "A"
7 -15 40 16 65 "R"
7 -6 40 16 66 "R"
7 4 10 16 67 "F"
7 -3 10 16 68 "F"
7 -3 10 16 69 "F"
7 -9 10 16 70 "F"
7 4 10 16 71 "F"
7 2 10 16 72 "F"
7 2 10 16 73 "F"
7 -3 10 16 74 "F"
7 -12 50 16 75 "A"
7 -3 10 16 76 "F"
7 1 50 16 77 "A"
7 1 50 16 78 "A"
7 -12 50 16 79 "A"
7 -3 10 16 80 "F"
7 -12 50 16 81 "A"
7 -3 10 16 82 "F"
7 4 10 16 83 "F"
7 -9 10 16 84 "F"
7 -6 40 16 85 "R"
7 -3 10 16 86 "F"
7 4 10 16 87 "F"
7 -3 10 16 88 "F"
7 3 50 16 89 "A"
7 1 50 16 90 "A"
7 -6 50 16 91 "A"
7 2 10 16 92 "F"
7 4 10 16 93 "F"
7 2 10 16 94 "F"
7 4 10 16 95 "F"
7 2 10 16 96 "F"
7 -9 10 16 97 "F"
7 -9 10 16 98 "F"
7 -3 10 16 99 "F"
7 -3 10 16 100 "F"
7 -3 10 16 101 "F"
7 2 10 16 102 "F"
7 -9 10 16 103 "F"
7 -6 50 16 104 "A"
7 4 10 16 105 "F"
7 2 10 16 106 "F"
7 -9 10 16 107 "F"
7 -9 10 16 108 "F"
7 -3 10 16 109 "F"
7 2 10 16 110 "F"
7 4 10 16 111 "F"
7 3 50 16 112 "A"
7 -12 50 16 113 "A"
7 -3 10 16 114 "F"
7 4 10 16 115 "F"
7 2 10 16 116 "F"
7 4 10 16 117 "F"
7 2 10 16 118 "F"
7 4 10 16 119 "F"
7 2 10 16 120 "F"
7 -9 10 16 121 "F"
7 1 50 16 122 "A"
7 -6 50 16 123 "A"
7 2 10 16 124 "F"
7 4 10 16 125 "F"
7 -3 10 16 126 "F"
7 3 50 16 127 "A"
7 -6 50 16 128 "A"
7 5 10 16 129 "F"
7 2 10 16 130 "F"
7 -9 10 16 131 "F"
7 2 10 16 132 "F"
7 4 10 16 133 "F"
7 2 10 16 134 "F"
7 -9 10 16 135 "F"
7 -3 10 16 136 "F"
7 -12 50 16 137 "A"
7 2 10 16 138 "F"
7 -36 10 16 139 "F"
7 -9 10 16 140 "F"
7 -36 10 16 141 "F"
7 -9 20 17 1 "V"
7 1 20 17 2 "V"
7 -12 50 17 3 "A"
7 -3 10 17 4 "F"
7 -12 50 17 5 "A"
7 -3 10 17 6 "F"
7 -9 10 17 7 "F"
7 -6 40 17 8 "R"
7 -36 10 17 9 "F"
7 -3 10 17 10 "F"
7 2 10 17 11 "F"
7 2 10 17 12 "F"
7 4 10 17 13 "F"
7 -3 10 17 14 "F"
7 4 10 17 15 "F"
7 2 10 17 16 "F"
7 4 10 17 17 "F"
7 2 10 17 18 "F"
7 -15 50 17 19 "A"
7 -6 50 17 20 "A"
7 -9 20 17 21 "V"
7 -3 10 17 22 "F"
7 2 10 17 23 "F"
7 2 10 17 24 "F"
7 4 10 17 25 "F"
7 -9 10 17 26 "F"
7 -9 20 17 27 "V"
7 -6 40 17 28 "R"
7 4 10 17 29 "F"
7 -3 10 17 30 "F"
7 -9 10 17 31 "F"
7 -15 50 17 32 "A"
7 5 10 17 33 "F"
7 -3 10 17 34 "F"
7 1 50 17 35 "A"
7 -6 50 17 36 "A"
7 2 10 17 37 "F"
7 4 10 17 38 "F"
7 2 10 17 39 "F"
7 2 10 17 40 "F"
7 -3 10 17 41 "F"
7 -6 50 17 42 "A"
7 -3 10 17 43 "F"
7 2 10 17 44 "F"
7 -3 10 17 45 "F"
7 -3 10 17 46 "F"
7 -9 10 17 47 "F"
7 -12 50 17 48 "A"
7 -3 10 17 49 "F"
7 -3 10 17 50 "F"
7 4 10 17 51 "F"
7 2 10 17 52 "F"
7 5 10 17 53 "F"
7 -3 10 17 54 "F"
7 -12 50 17 55 "A"
7 2 10 17 56 "F"
7 -9 10 17 57 "F"
7 2 10 17 58 "F"
7 -3 10 17 59 "F"
7 1 50 17 60 "A"
7 -12 50 17 61 "A"
7 2 10 17 62 "F"
7 4 10 17 63 "F"
7 -3 10 17 64 "F"
7 3 50 17 65 "A"
7 1 50 17 66 "A"
7 -12 50 17 67 "A"
7 2 10 17 68 "F"
7 4 10 17 69 "F"
7 -3 10 17 70 "F"
7 1 50 17 71 "A"
7 -6 50 17 72 "A"
7 -9 10 17 73 "F"
7 -6 50 17 74 "A"
7 -36 10 17 75 "F"
7 1 50 17 76 "A"
7 -9 10 17 77 "F"
7 1 50 17 78 "A"
7 -12 50 17 79 "A"
7 2 40 17 80 "R"
7 -9 10 17 81 "F"
7 -3 10 17 82 "F"
7 4 10 17 83 "F"
7 2 10 17 84 "F"
7 4 10 17 85 "F"
7 -3 10 17 86 "F"
7 -12 50 17 87 "A"
7 2 10 17 88 "F"
7 -3 10 17 89 "F"
7 -6 50 17 90 "A"
7 -9 10 17 91 "F"
7 -3 10 17 92 "F"
7 5 10 17 93 "F"
7 2 10 17 94 "F"
7 -9 10 17 95 "F"
7 -3 10 17 96 "F"
7 5 10 17 97 "F"
7 -3 10 17 98 "F"
7 -6 50 17 99 "A"
7 -3 10 17 100 "F"
7 -36 10 17 101 "F"
7 -3 10 17 102 "F"
7 -9 10 17 103 "F"
7 4 40 17 104 "R"
7 2 10 17 105 "F"
7 4 10 17 106 "F"
7 2 10 17 107 "F"
7 -6 50 17 108 "A"
7 2 10 17 109 "F"
7 -3 10 17 110 "F"
7 -12 50 17 111 "A"
7 -3 10 17 112 "F"
7 4 10 17 113 "F"
7 -9 10 17 114 "F"
7 -3 10 17 115 "F"
7 2 10 17 116 "F"
7 2 10 17 117 "F"
7 2 10 17 118 "F"
7 -3 10 17 119 "F"
7 -6 50 17 120 "A"
7 -12 50 17 121 "A"
7 -9 10 17 122 "F"
7 5 10 17 123 "F"
7 2 10 17 124 "F"
7 -36 10 17 125 "F"
7 3 50 17 126 "A"
7 3 50 17 127 "A"
7 3 50 17 128 "A"
7 -3 10 17 129 "F"
7 -6 50 17 130 "A"
7 -9 10 17 131 "F"
7 -3 10 17 132 "F"
7 -9 10 17 133 "F"
7 1 50 17 134 "A"
7 -3 10 17 135 "F"
7 2 10 17 136 "F"
7 4 10 17 137 "F"
7 -3 10 17 138 "F"
7 -12 50 17 139 "A"
7 -3 10 17 140 "F"
7 -3 10 17 141 "F"
7 2 10 17 142 "F"
7 2 10 17 143 "F"
7 2 10 17 144 "F"
7 -3 10 17 145 "F"
7 -12 50 17 146 "A"
7 1 50 18 1 "A"
7 -3 10 18 2 "F"
7 3 20 18 3 "V"
7 3 50 18 4 "A"
7 5 10 18 5 "F"
7 -3 10 18 6 "F"
7 4 10 18 7 "F"
7 -3 10 18 8 "F"
7 4 10 18 9 "F"
7 2 10 18 10 "F"
7 -9 10 18 11 "F"
7 2 10 18 12 "F"
7 4 10 18 13 "F"
7 -3 10 18 14 "F"
7 -3 10 18 15 "F"
7 -3 10 18 16 "F"
7 -9 10 18 17 "F"
7 -6 50 18 18 "A"
7 -3 10 18 19 "F"
7 4 10 18 20 "F"
7 -36 10 18 21 "F"
7 -3 10 18 22 "F"
7 -3 10 18 23 "F"
7 5 10 18 24 "F"
7 4 10 18 25 "F"
7 2 10 18 26 "F"
7 4 10 18 27 "F"
7 -3 10 18 28 "F"
7 2 10 18 29 "F"
7 1 50 18 30 "A"
7 -12 50 18 31 "A"
7 -3 10 18 32 "F"
7 4 10 18 33 "F"
7 -9 10 18 34 "F"
7 2 10 18 35 "F"
7 2 10 18 36 "F"
7 -9 10 18 37 "F"
7 -3 10 18 38 "F"
7 -9 10 18 39 "F"
7 1 50 18 40 "A"
7 -12 50 18 41 "A"
7 -3 10 18 42 "F"
7 -9 10 18 43 "F"
7 2 10 18 44 "F"
7 2 10 18 45 "F"
7 -3 10 18 46 "F"
7 -15 50 18 47 "A"
7 2 10 18 48 "F"
7 2 10 18 49 "F"
7 -3 10 18 50 "F"
7 -6 50 18 51 "A"
7 -9 10 18 52 "F"
7 3 50 18 53 "A"
7 -3 10 18 54 "F"
7 -12 50 18 55 "A"
7 -9 10 18 56 "F"
7 -9 10 18 57 "F"
7 1 50 18 58 "A"
7 -3 10 18 59 "F"
7 1 50 18 60 "A"
7 -3 10 18 61 "F"
7 -6 50 18 62 "A"
7 4 10 18 63 "F"
7 -6 50 18 64 "A"
7 4 10 18 65 "F"
7 2 10 18 66 "F"
7 -3 10 18 67 "F"
7 4 10 18 68 "F"
7 -9 10 18 69 "F"
7 2 10 18 70 "F"
7 4 10 18 71 "F"
7 -3 10 18 72 "F"
7 3 50 18 73 "A"
7 2 10 18 74 "F"
7 4 10 18 75 "F"
7 -9 10 18 76 "F"
7 -9 10 18 77 "F"
7 1 20 18 78 "V"
7 2 10 18 79 "F"
7 2 10 18 80 "F"
7 -9 10 18 81 "F"
7 -3 10 18 82 "F"
7 -9 10 18 83 "F"
7 -3 10 18 84 "F"
7 -12 50 18 85 "A"
7 -12 50 18 86 "A"
7 -3 10 18 87 "F"
7 4 10 18 88 "F"
7 5 10 18 89 "F"
7 2 10 18 90 "F"
7 2 10 18 91 "F"
7 -3 10 18 92 "F"
7 -12 50 18 93 "A"
7 2 10 18 94 "F"
7 2 10 18 95 "F"
7 -3 10 18 96 "F"
7 3 50 18 97 "A"
7 2 10 18 98 "F"
7 4 10 18 99 "F"
7 2 10 18 100 "F"
7 -36 10 18 101 "F"
7 1 50 18 102 "A"
7 3 50 18 103 "A"
7 -6 50 18 104 "A"
7 4 10 18 105 "F"
7 -3 10 18 106 "F"
7 -12 50 18 107 "A"
7 2 10 18 108 "F"
7 4 10 18 109 "F"
7 2 10 18 110 "F"
7 -3 10 18 111 "F"
7 -12 50 18 112 "A"
7 -3 10 18 113 "F"
7 -3 10 18 114 "F"
7 3 50 18 115 "A"
7 1 50 18 116 "A"
7 3 50 18 117 "A"
7 3 50 18 118 "A"
7 -12 50 18 119 "A"
7 2 10 18 120 "F"
7 4 10 18 121 "F"
7 -3 10 18 122 "F"
7 -12 50 18 123 "A"
7 -3 10 18 124 "F"
7 -36 10 18 125 "F"
7 -6 50 18 126 "A"
7 -3 10 18 127 "F"
7 -3 10 18 128 "F"
7 -3 10 18 129 "F"
7 1 50 18 130 "A"
7 3 50 18 131 "A"
7 -6 50 18 132 "A"
7 -3 10 18 133 "F"
7 -36 10 18 134 "F"
7 3 50 18 135 "A"
7 1 50 18 136 "A"
7 -6 50 18 137 "A"
7 -3 10 18 138 "F"
7 5 10 18 139 "F"
7 2 10 18 140 "F"
7 -3 10 18 141 "F"
7 1 50 18 142 "A"
7 1 50 18 143 "A"
7 -6 50 18 144 "A"
7 5 10 18 145 "F"
7 -3 10 18 146 "F"
7 -12 50 18 147 "A"
7 2 10 18 148 "F"
7 -3 10 18 149 "F"
7 -6 50 18 150 "A"
7 5 10 18 151 "F"
7 2 10 18 152 "F"
7 4 10 18 153 "F"
7 2 10 18 154 "F"
7 -3 10 18 155 "F"
7 2 10 18 156 "F"
7 -9 10 19 1 "F"
7 2 10 19 2 "F"
7 -3 10 19 3 "F"
7 -9 10 19 4 "F"
7 -6 50 19 5 "A"
7 -3 10 19 6 "F"
7 -36 10 19 7 "F"
7 2 10 19 8 "F"
7 4 10 19 9 "F"
7 2 10 19 10 "F"
7 -9 10 19 11 "F"
7 4 10 19 12 "F"
7 4 10 19 13 "F"
7 2 10 19 14 "F"
7 2 10 19 15 "F"
7 4 10 19 16 "F"
7 -9 10 19 17 "F"
7 -6 50 19 18 "A"
7 5 10 19 19 "F"
7 -12 50 19 20 "A"
7 2 10 19 21 "F"
7 2 10 19 22 "F"
7 -3 10 19 23 "F"
7 4 10 19 24 "F"
7 4 10 19 25 "F"
7 2 10 19 26 "F"
7 -36 10 19 27 "F"
7 -3 10 19 28 "F"
7 -12 50 19 29 "A"
7 -3 10 19 30 "F"
7 -12 50 19 31 "A"
7 2 10 19 32 "F"
7 -9 10 19 33 "F"
7 2 10 19 34 "F"
7 -3 10 19 35 "F"
7 1 50 19 36 "A"
7 -12 50 19 37 "A"
7 -9 10 19 38 "F"
7 1 50 19 39 "A"
7 1 50 19 40 "A"
7 -12 50 19 41 "A"
7 -3 10 19 42 "F"
7 -12 50 19 43 "A"
7 -12 50 19 44 "A"
7 -9 10 19 45 "F"
7 2 10 19 46 "F"
7 4 10 19 47 "F"
7 4 10 19 48 "F"
7 2 10 19 49 "F"
7 2 10 19 50 "F"
7 -9 10 19 51 "F"
7 -3 10 19 52 "F"
7 1 50 19 53 "A"
7 -6 50 19 54 "A"
7 -3 10 19 55 "F"
7 2 10 19 56 "F"
7 -9 10 19 57 "F"
7 2 10 19 58 "F"
7 -9 10 19 59 "F"
7 2 10 19 60 "F"
7 -9 10 19 61 "F"
7 4 40 19 62 "R"
7 4 10 19 63 "F"
7 2 10 19 64 "F"
7 1 50 19 65 "A"
7 1 50 19 66 "A"
7 1 50 19 67 "A"
7 -6 50 19 68 "A"
7 -3 10 19 69 "F"
7 2 10 19 70 "F"
7 -3 10 19 71 "F"
7 2 10 19 72 "F"
7 -9 10 19 73 "F"
7 3 50 19 74 "A"
7 -36 10 19 75 "F"
7 -12 50 19 76 "A"
7 -36 10 19 77 "F"
7 -3 10 19 78 "F"
7 1 50 19 79 "A"
7 1 50 19 80 "A"
7 -12 50 19 81 "A"
7 -6 50 19 82 "A"
7 2 10 19 83 "F"
7 -3 10 19 84 "F"
7 -12 50 19 85 "A"
7 1 50 19 86 "A"
7 -15 50 19 87 "A"
7 1 50 19 88 "A"
7 -6 50 19 89 "A"
7 2 10 19 90 "F"
7 -3 10 19 91 "F"
7 -6 50 19 92 "A"
7 -9 10 19 93 "F"
7 -3 10 19 94 "F"
7 12 50 19 95 "A"
7 -12 50 19 96 "A"
7 -6 50 19 97 "A"
7 2 10 19 98 "F"
7 4 10 19 99 "F"
7 -3 10 19 100 "F"
7 4 10 19 101 "F"
7 2 10 19 102 "F"
7 2 10 19 103 "F"
7 2 10 19 104 "F"
7 5 10 19 105 "F"
7 -3 10 19 106 "F"
7 3 50 19 107 "A"
7 -6 50 19 108 "A"
7 4 10 19 109 "F"
7 -3 10 19 110 "F"
7 -3 10 19 111 "F"
7 -6 50 19 112 "A"
7 5 10 19 113 "F"
7 2 10 19 114 "F"
7 -36 10 19 115 "F"
7 1 50 19 116 "A"
7 3 50 19 117 "A"
7 -6 50 19 118 "A"
7 4 10 19 119 "F"
7 -3 10 19 120 "F"
7 2 10 19 121 "F"
7 2 10 19 122 "F"
7 -3 10 19 123 "F"
7 -3 10 19 124 "F"
7 -9 10 19 125 "F"
7 -6 50 19 126 "A"
7 -36 10 19 127 "F"
7 -3 10 19 128 "F"
7 -6 50 19 129 "A"
7 -3 10 19 130 "F"
7 -9 10 19 131 "F"
7 -3 10 19 132 "F"
7 -12 50 19 133 "A"
7 -3 10 19 134 "F"
7 -9 20 20 1 "V"
7 -6 50 20 2 "A"
7 -9 10 20 3 "F"
7 2 40 20 4 "R"
7 4 10 20 5 "F"
7 2 10 20 6 "F"
7 -9 10 20 7 "F"
7 -12 50 20 8 "A"
7 2 10 20 9 "F"
7 -3 10 20 10 "F"
7 -6 50 20 11 "A"
7 -6 50 20 12 "A"
7 -36 10 20 13 "F"
7 1 50 20 14 "A"
7 -6 50 20 15 "A"
7 -3 10 20 16 "F"
7 -3 10 20 17 "F"
7 2 10 20 18 "F"
7 4 10 20 19 "F"
7 2 10 20 20 "F"
7 4 10 20 21 "F"
7 -3 10 20 22 "F"
7 -9 10 20 23 "F"
7 -6 40 20 24 "R"
7 -6 40 20 25 "R"
7 2 10 20 26 "F"
7 -9 10 20 27 "F"
7 2 10 20 28 "F"
7 4 10 20 29 "F"
7 2 10 20 30 "F"
7 -9 10 20 31 "F"
7 -3 10 20 32 "F"
7 5 10 20 33 "F"
7 -3 10 20 34 "F"
7 4 10 20 35 "F"
7 -3 10 20 36 "F"
7 -36 10 20 37 "F"
7 2 10 20 38 "F"
7 -9 10 20 39 "F"
7 -6 40 20 40 "R"
7 -9 10 20 41 "F"
7 4 40 20 42 "R"
7 5 10 20 43 "F"
7 -3 10 20 44 "F"
7 -15 50 20 45 "A"
7 1 50 20 46 "A"
7 -12 50 20 47 "A"
7 4 10 20 48 "F"
7 2 10 20 49 "F"
7 2 10 20 50 "F"
7 4 10 20 51 "F"
7 2 10 20 52 "F"
7 -9 10 20 53 "F"
7 -3 10 20 54 "F"
7 -9 10 20 55 "F"
7 1 50 20 56 "A"
7 12 50 20 57 "A"
7 -6 50 20 58 "A"
7 -3 10 20 59 "F"
7 -240 10 20 60 "F"
7 -6 50 20 61 "A"
7 2 10 20 62 "F"
7 5 10 20 63 "F"
7 -36 10 20 64 "F"
7 -15 40 20 65 "R"
7 -6 50 20 66 "A"
7 4 10 20 67 "F"
7 -3 10 20 68 "F"
7 -6 50 20 69 "A"
7 -12 50 20 70 "A"
7 4 10 20 71 "F"
7 2 10 20 72 "F"
7 2 10 20 73 "F"
7 -3 10 20 74 "F"
7 -12 50 20 75 "A"
7 -3 10 20 76 "F"
7 2 10 20 77 "F"
7 2 10 20 78 "F"
7 -9 10 20 79 "F"
7 -6 50 20 80 "A"
7 -9 10 20 81 "F"
7 -6 50 20 82 "A"
7 4 10 20 83 "F"
7 -9 10 20 84 "F"
7 -3 10 20 85 "F"
7 -3 10 20 86 "F"
7 4 10 20 87 "F"
7 -3 10 20 88 "F"
7 3 50 20 89 "A"
7 1 50 20 90 "A"
7 -6 50 20 91 "A"
7 2 10 20 92 "F"
7 4 10 20 93 "F"
7 2 10 20 94 "F"
7 4 10 20 95 "F"
7 2 10 20 96 "F"
7 -9 10 20 97 "F"
7 -9 10 20 98 "F"
7 -6 40 20 99 "R"
7 -3 10 20 100 "F"
7 -6 50 20 101 "A"
7 1 20 20 102 "V"
7 -9 10 20 103 "F"
7 -6 50 20 104 "A"
7 4 10 20 105 "F"
7 2 10 20 106 "F"
7 -9 10 20 107 "F"
7 -12 50 20 108 "A"
7 -3 10 20 109 "F"
7 2 10 20 110 "F"
7 4 10 20 111 "F"
7 4 10 20 112 "F"
7 2 10 21 1 "F"
7 2 10 21 2 "F"
7 4 10 21 3 "F"
7 -6 40 21 4 "R"
7 -9 10 21 5 "F"
7 2 10 21 6 "F"
7 2 10 21 7 "F"
7 -3 10 21 8 "F"
7 -9 10 21 9 "F"
7 -240 10 21 10 "F"
7 2 10 21 11 "F"
7 2 10 21 12 "F"
7 2 10 21 13 "F"
7 -6 50 21 14 "A"
7 -6 50 21 15 "A"
7 -3 10 21 16 "F"
7 -9 10 21 17 "F"
7 -3 10 21 18 "F"
7 -9 10 21 19 "F"
7 2 10 21 20 "F"
7 3 50 21 21 "A"
7 -9 10 21 22 "F"
7 -9 10 21 23 "F"
7 2 40 21 24 "R"
7 1 50 21 25 "A"
7 -9 10 21 26 "F"
7 2 10 21 27 "F"
7 -6 50 21 28 "A"
7 -36 10 21 29 "F"
7 3 50 21 30 "A"
7 -3 10 21 31 "F"
7 2 10 21 32 "F"
7 12 50 21 33 "A"
7 -9 10 21 34 "F"
7 -36 10 21 35 "F"
7 -3 10 21 36 "F"
7 4 10 21 37 "F"
7 1 50 21 38 "A"
7 -9 10 21 39 "F"
7 1 50 21 40 "A"
7 5 10 21 41 "F"
7 4 10 21 42 "F"
7 -9 10 21 43 "F"
7 1 50 21 44 "A"
7 -9 10 21 45 "F"
7 2 10 21 46 "F"
7 -36 10 21 47 "F"
7 2 10 21 48 "F"
7 4 10 21 49 "F"
7 1 50 21 50 "A"
7 -3 10 21 51 "F"
7 2 10 21 52 "F"
7 4 10 21 53 "F"
7 -3 10 21 54 "F"
7 12 50 21 55 "A"
7 -3 10 21 56 "F"
7 -9 10 21 57 "F"
7 2 10 21 58 "F"
7 4 10 21 59 "F"
7 -9 10 21 60 "F"
7 -6 50 21 61 "A"
7 -6 40 21 62 "R"
7 5 10 21 63 "F"
7 1 50 21 64 "A"
7 4 10 21 65 "F"
7 -3 10 21 66 "F"
7 2 10 21 67 "F"
7 2 10 21 68 "F"
7 -6 50 21 69 "A"
7 -6 50 21 70 "A"
7 2 10 21 71 "F"
7 -3 10 21 72 "F"
7 -9 10 21 73 "F"
7 4 10 21 74 "F"
7 5 10 21 75 "F"
7 2 10 21 76 "F"
7 -9 10 21 77 "F"
7 -3 10 21 78 "F"
7 4 10 21 79 "F"
7 -9 10 21 80 "F"
7 4 10 21 81 "F"
7 2 10 21 82 "F"
7 -6 50 21 83 "A"
7 -6 50 21 84 "A"
7 4 10 21 85 "F"
7 -3 10 21 86 "F"
7 4 10 21 87 "F"
7 -3 10 21 88 "F"
7 4 10 21 89 "F"
7 2 10 21 90 "F"
7 -9 10 21 91 "F"
7 -3 10 21 92 "F"
7 5 10 21 93 "F"
7 -3 10 21 94 "F"
7 -9 10 21 95 "F"
7 4 10 21 96 "F"
7 4 10 21 97 "F"
7 4 10 21 98 "F"
7 2 10 21 99 "F"
7 2 10 21 100 "F"
7 2 10 21 101 "F"
7 4 10 21 102 "F"
7 12 50 21 103 "A"
7 -9 10 21 104 "F"
7 5 10 21 105 "F"
7 -6 50 21 106 "A"
7 -3 10 21 107 "F"
7 -3 10 21 108 "F"
7 3 50 21 109 "A"
7 -3 10 21 110 "F"
7 2 10 21 111 "F"
7 -3 10 21 112 "F"
7 1 50 21 113 "A"
7 2 10 21 114 "F"
7 -3 10 21 115 "F"
7 -3 10 21 116 "F"
7 -15 50 21 117 "A"
7 1 50 21 118 "A"
7 -3 10 21 119 "F"
7 3 50 21 120 "A"
7 -6 50 21 121 "A"
7 -6 50 21 122 "A"
7 -36 10 21 123 "F"
7 1 50 21 124 "A"
7 -9 10 21 125 "F"
7 -6 50 21 126 "A"
7 -3 10 21 127 "F"
7 2 10 21 128 "F"
7 -9 10 21 129 "F"
7 -9 10 21 130 "F"
7 4 10 21 131 "F"
7 2 10 21 132 "F"
7 -9 10 21 133 "F"
7 -3 10 21 134 "F"
7 -9 10 21 135 "F"
7 4 10 21 136 "F"
7 -12 50 21 137 "A"
7 2 10 21 138 "F"
7 4 10 21 139 "F"
7 -9 10 21 140 "F"
7 2 10 21 141 "F"
7 1 50 22 1 "A"
7 -3 10 22 2 "F"
7 -9 10 22 3 "F"
7 4 10 22 4 "F"
7 -3 10 22 5 "F"
7 1 50 22 6 "A"
7 -9 10 22 7 "F"
7 2 10 22 8 "F"
7 -9 10 22 9 "F"
7 2 10 22 10 "F"
7 -36 10 22 11 "F"
7 -6 50 22 12 "A"
7 -12 50 22 13 "A"
7 3 50 22 14 "A"
7 -6 50 22 15 "A"
7 1 50 22 16 "A"
7 3 50 22 17 "A"
7 2 10 22 18 "F"
7 4 10 22 19 "F"
7 -9 10 22 20 "F"
7 -12 50 22 21 "A"
7 1 50 22 22 "A"
7 -12 50 22 23 "A"
7 -9 10 22 24 "F"
7 4 10 22 25 "F"
7 2 10 22 26 "F"
7 -3 10 22 27 "F"
7 -3 10 22 28 "F"
7 -9 10 22 29 "F"
7 -3 10 22 30 "F"
7 -3 10 22 31 "F"
7 -6 40 22 32 "R"
7 -3 10 22 33 "F"
7 3 50 22 34 "A"
7 -6 50 22 35 "A"
7 -3 10 22 36 "F"
7 -9 10 22 37 "F"
7 3 50 22 38 "A"
7 12 50 22 39 "A"
7 -6 50 22 40 "A"
7 -6 50 22 41 "A"
7 2 10 22 42 "F"
7 -12 50 22 43 "A"
7 -3 10 22 44 "F"
7 3 50 22 45 "A"
7 -6 40 22 46 "R"
7 1 50 22 47 "A"
7 -6 50 22 48 "A"
7 -12 50 22 49 "A"
7 1 50 22 50 "A"
7 -12 50 22 51 "A"
7 -3 10 22 52 "F"
7 1 50 22 53 "A"
7 -6 50 22 54 "A"
7 4 10 22 55 "F"
7 2 10 22 56 "F"
7 4 10 22 57 "F"
7 1 50 22 58 "A"
7 4 10 22 59 "F"
7 -3 20 22 60 "V"
7 -15 50 22 61 "A"
7 2 10 22 62 "F"
7 -3 10 22 63 "F"
7 2 10 22 64 "F"
7 -9 10 22 65 "F"
7 -3 10 22 66 "F"
7 -36 10 22 67 "F"
7 -3 10 22 68 "F"
7 2 10 22 69 "F"
7 -6 50 22 70 "A"
7 3 50 22 71 "A"
7 4 10 22 72 "F"
7 -36 10 22 73 "F"
7 -3 10 22 74 "F"
7 2 10 22 75 "F"
7 -9 10 22 76 "F"
7 -6 50 22 77 "A"
7 -6 50 22 78 "A"
7 -3 10 22 79 "F"
7 2 10 22 80 "F"
7 4 10 22 81 "F"
7 -6 40 22 82 "R"
7 4 10 22 83 "F"
7 -3 10 22 84 "F"
7 -36 10 22 85 "F"
7 -3 10 22 86 "F"
7 -3 10 22 87 "F"
7 -3 10 22 88 "F"
7 -9 10 22 89 "F"
7 1 50 22 90 "A"
7 5 10 22 91 "F"
7 1 50 22 92 "A"
7 -9 10 22 93 "F"
7 -12 50 22 94 "A"
7 1 50 22 95 "A"
7 -9 10 22 96 "F"
7 3 50 22 97 "A"
7 2 10 22 98 "F"
7 -36 10 22 99 "F"
7 -3 10 22 100 "F"
7 2 10 22 101 "F"
7 -3 10 22 102 "F"
7 -9 10 23 1 "F"
7 2 40 23 2 "R"
7 -3 10 23 3 "F"
7 -12 50 23 4 "A"
7 -3 10 23 5 "F"
7 -3 10 23 6 "F"
7 -15 50 23 7 "A"
7 2 10 23 8 "F"
7 3 50 23 9 "A"
7 1 50 23 10 "A"
7 -12 50 23 11 "A"
7 4 10 23 12 "F"
7 4 10 23 13 "F"
7 2 10 23 14 "F"
7 2 10 23 15 "F"
7 4 10 23 16 "F"
7 -9 10 23 17 "F"
7 -3 10 23 18 "F"
7 5 10 23 19 "F"
7 -9 10 23 20 "F"
7 2 10 23 21 "F"
7 2 10 23 22 "F"
7 -3 10 23 23 "F"
7 4 10 23 24 "F"
7 4 10 23 25 "F"
7 2 10 23 26 "F"
7 -36 10 23 27 "F"
7 -3 10 23 28 "F"
7 -9 10 23 29 "F"
7 -6 50 23 30 "A"
7 -9 10 23 31 "F"
7 2 10 23 32 "F"
7 -9 10 23 33 "F"
7 1 50 23 34 "A"
7 -3 10 23 35 "F"
7 2 10 23 36 "F"
7 -9 10 23 37 "F"
7 -12 50 23 38 "A"
7 2 10 23 39 "F"
7 2 10 23 40 "F"
7 -9 10 23 41 "F"
7 -3 10 23 42 "F"
7 -9 10 23 43 "F"
7 -12 50 23 44 "A"
7 -9 10 23 45 "F"
7 1 50 23 46 "A"
7 3 50 23 47 "A"
7 3 50 23 48 "A"
7 1 50 23 49 "A"
7 1 50 23 50 "A"
7 -12 50 23 51 "A"
7 -3 10 23 52 "F"
7 2 10 23 53 "F"
7 -3 10 23 54 "F"
7 -3 10 23 55 "F"
7 2 10 23 56 "F"
7 -9 10 23 57 "F"
7 2 10 23 58 "F"
7 -9 10 23 59 "F"
7 -240 10 23 60 "F"
7 -9 10 23 61 "F"
7 3 50 23 62 "A"
7 3 50 23 63 "A"
7 1 50 23 64 "A"
7 1 50 23 65 "A"
7 1 50 23 66 "A"
7 1 50 23 67 "A"
7 -6 50 23 68 "A"
7 -3 10 23 69 "F"
7 2 10 23 70 "F"
7 -3 10 23 71 "F"
7 2 10 23 72 "F"
7 -9 10 23 73 "F"
7 4 10 23 74 "F"
7 -36 10 23 75 "F"
7 -9 10 23 76 "F"
7 -36 10 23 77 "F"
7 -3 10 23 78 "F"
7 2 10 23 79 "F"
7 2 10 23 80 "F"
7 -9 10 23 81 "F"
7 -3 10 23 82 "F"
7 2 10 23 83 "F"
7 -3 10 23 84 "F"
7 -12 50 23 85 "A"
7 2 10 23 86 "F"
7 -36 10 23 87 "F"
7 2 10 23 88 "F"
7 -6 50 23 89 "A"
7 2 10 23 90 "F"
7 -3 10 23 91 "F"
7 -3 10 23 92 "F"
7 -9 10 23 93 "F"
7 -3 10 23 94 "F"
7 5 10 23 95 "F"
7 -9 10 23 96 "F"
7 -3 10 23 97 "F"
7 2 10 23 98 "F"
7 4 10 23 99 "F"
7 -3 10 23 100 "F"
7 4 10 23 101 "F"
7 2 10 23 102 "F"
7 2 10 23 103 "F"
7 2 10 23 104 "F"
7 5 10 23 105 "F"
7 -3 10 23 106 "F"
7 3 50 23 107 "A"
7 -6 50 23 108 "A"
7 4 10 23 109 "F"
7 -3 10 23 110 "F"
7 -3 10 23 111 "F"
7 -6 50 23 112 "A"
7 5 10 23 113 "F"
7 2 10 23 114 "F"
7 -36 10 23 115 "F"
7 2 10 23 116 "F"
7 4 10 23 117 "F"
7 -3 10 23 118 "F"
7 4 10 23 119 "F"
7 -3 10 23 120 "F"
7 2 10 23 121 "F"
7 2 10 23 122 "F"
7 -3 10 23 123 "F"
7 -3 10 23 124 "F"
7 -9 10 23 125 "F"
7 -3 10 23 126 "F"
7 -36 10 23 127 "F"
7 -3 10 23 128 "F"
7 -3 10 23 129 "F"
7 -3 10 23 130 "F"
7 -9 10 23 131 "F"
7 -3 10 23 132 "F"
7 -12 50 23 133 "A"
7 -3 10 23 134 "F"
7 -9 10 23 135 "F"
7 1 50 23 136 "A"
7 12 50 23 137 "A"
7 1 50 23 138 "A"
7 -12 50 23 139 "A"
7 2 10 23 140 "F"
7 -9 10 23 141 "F"
7 -9 10 24 1 "F"
7 2 10 24 2 "F"
7 -3 10 24 3 "F"
7 -12 50 24 4 "A"
7 -6 50 24 5 "A"
7 -3 10 24 6 "F"
7 -36 10 24 7 "F"
7 2 10 24 8 "F"
7 4 10 24 9 "F"
7 1 50 24 10 "A"
7 -12 50 24 11 "A"
7 4 10 24 12 "F"
7 4 10 24 13 "F"
7 2 40 24 14 "R"
7 2 10 24 15 "F"
7 3 50 24 16 "A"
7 -12 50 24 17 "A"
7 -6 50 24 18 "A"
7 12 50 24 19 "A"
7 -12 50 24 20 "A"
7 2 10 24 21 "F"
7 1 20 24 22 "V"
7 -3 10 24 23 "F"
7 3 50 24 24 "A"
7 4 10 24 25 "F"
7 2 10 24 26 "F"
7 -36 10 24 27 "F"
7 -6 50 24 28 "A"
7 -12 50 24 29 "A"
7 -3 10 24 30 "F"
7 -9 10 24 31 "F"
7 2 10 24 32 "F"
7 -9 10 24 33 "F"
7 2 10 24 34 "F"
7 -3 10 24 35 "F"
7 2 10 24 36 "F"
7 -9 10 24 37 "F"
7 -9 10 24 38 "F"
7 2 10 24 39 "F"
7 2 10 24 40 "F"
7 -9 10 24 41 "F"
7 -3 10 24 42 "F"
7 -9 10 24 43 "F"
7 -9 10 24 44 "F"
7 -9 10 24 45 "F"
7 2 10 24 46 "F"
7 4 10 24 47 "F"
7 4 10 24 48 "F"
7 2 10 24 49 "F"
7 1 20 24 50 "V"
7 -9 10 24 51 "F"
7 -3 10 24 52 "F"
7 2 10 24 53 "F"
7 -3 10 24 54 "F"
7 -6 50 24 55 "A"
7 1 50 24 56 "A"
7 -12 50 24 57 "A"
7 1 50 24 58 "A"
7 -12 50 24 59 "A"
7 2 10 24 60 "F"
7 -12 50 24 61 "A"
7 4 10 24 62 "F"
7 4 10 24 63 "F"
7 2 10 24 64 "F"
7 2 10 24 65 "F"
7 2 10 24 66 "F"
7 1 50 24 67 "A"
7 -3 10 24 68 "F"
7 -3 10 24 69 "F"
7 2 10 24 70 "F"
7 -3 10 24 71 "F"
7 2 10 24 72 "F"
7 -9 10 24 73 "F"
7 4 10 24 74 "F"
7 -15 50 24 75 "A"
7 -12 50 24 76 "A"
7 -36 10 24 77 "F"
7 -3 10 24 78 "F"
7 1 50 24 79 "A"
7 2 10 24 80 "F"
7 -9 10 24 81 "F"
7 -3 10 24 82 "F"
7 1 50 24 83 "A"
7 -6 50 24 84 "A"
7 -9 10 24 85 "F"
7 2 10 24 86 "F"
7 -36 10 24 87 "F"
7 2 10 24 88 "F"
7 -3 10 24 89 "F"
7 1 50 24 90 "A"
7 -6 50 24 91 "A"
7 -6 50 24 92 "A"
7 -12 50 24 93 "A"
7 -3 10 24 94 "F"
7 5 10 24 95 "F"
7 -9 10 24 96 "F"
7 -6 40 24 97 "R"
7 2 10 24 98 "F"
7 4 10 24 99 "F"
7 -3 10 24 100 "F"
7 4 10 24 101 "F"
7 2 10 24 102 "F"
7 1 50 24 103 "A"
7 2 10 24 104 "F"
7 5 10 24 105 "F"
7 -3 20 24 106 "V"
7 4 10 24 107 "F"
7 -3 10 24 108 "F"
7 3 50 24 109 "A"
7 -3 10 24 110 "F"
7 -3 10 24 111 "F"
7 -3 10 24 112 "F"
7 5 10 24 113 "F"
7 2 10 24 114 "F"
7 -36 10 24 115 "F"
7 2 10 24 116 "F"
7 3 50 24 117 "A"
7 -3 10 24 118 "F"
7 3 50 24 119 "A"
7 -6 50 24 120 "A"
7 1 50 24 121 "A"
7 2 10 24 122 "F"
7 -3 10 24 123 "F"
7 -6 50 24 124 "A"
7 -9 10 24 125 "F"
7 -3 10 24 126 "F"
7 -36 10 24 127 "F"
7 -3 10 24 128 "F"
7 -3 10 24 129 "F"
7 -3 10 24 130 "F"
7 -9 10 24 131 "F"
7 -3 10 24 132 "F"
7 -9 10 24 133 "F"
7 -3 10 24 134 "F"
7 -9 10 24 135 "F"
7 2 10 24 136 "F"
7 12 50 24 137 "A"
7 2 10 24 138 "F"
7 -9 10 24 139 "F"
7 2 10 24 140 "F"
7 -9 10 24 141 "F"
7 1 50 25 1 "A"
7 -6 50 25 2 "A"
7 -12 50 25 3 "A"
7 3 50 25 4 "A"
7 -3 10 25 5 "F"
7 2 10 25 6 "F"
7 -9 10 25 7 "F"
7 2 10 25 8 "F"
7 -9 10 25 9 "F"
7 2 10 25 10 "F"
7 -36 10 25 11 "F"
7 -6 50 25 12 "A"
7 -12 50 25 13 "A"
7 3 50 25 14 "A"
7 -3 10 25 15 "F"
7 2 10 25 16 "F"
7 4 10 25 17 "F"
7 1 50 25 18 "A"
7 4 10 25 19 "F"
7 -12 50 25 20 "A"
7 -9 10 25 21 "F"
7 2 10 25 22 "F"
7 -12 50 25 23 "A"
7 -12 50 25 24 "A"
7 3 50 25 25 "A"
7 1 50 25 26 "A"
7 -3 10 25 27 "F"
7 -3 10 25 28 "F"
7 -12 50 25 29 "A"
7 -3 10 25 30 "F"
7 -3 10 25 31 "F"
7 -3 10 25 32 "F"
7 -3 10 25 33 "F"
7 4 10 25 34 "F"
7 -3 10 25 35 "F"
7 -6 50 25 36 "A"
7 -9 10 25 37 "F"
7 4 10 25 38 "F"
7 5 10 25 39 "F"
7 -3 10 25 40 "F"
7 -3 10 25 41 "F"
7 2 10 25 42 "F"
7 -9 10 25 43 "F"
7 -6 50 25 44 "A"
7 3 50 25 45 "A"
7 -6 50 25 46 "A"
7 1 50 25 47 "A"
7 -3 10 25 48 "F"
7 -9 10 25 49 "F"
7 2 10 25 50 "F"
7 -9 10 25 51 "F"
7 -3 10 25 52 "F"
7 2 10 25 53 "F"
7 -3 10 25 54 "F"
7 3 50 25 55 "A"
7 1 50 25 56 "A"
7 4 10 25 57 "F"
7 2 10 25 58 "F"
7 4 10 25 59 "F"
7 -3 10 25 60 "F"
7 -36 10 25 61 "F"
7 2 10 25 62 "F"
7 -3 10 25 63 "F"
7 2 10 25 64 "F"
7 -9 10 25 65 "F"
7 -3 10 25 66 "F"
7 -15 50 25 67 "A"
7 -6 50 25 68 "A"
7 1 50 25 69 "A"
7 -3 10 25 70 "F"
7 4 10 25 71 "F"
7 4 10 25 72 "F"
7 -15 50 25 73 "A"
7 -3 10 25 74 "F"
7 2 10 25 75 "F"
7 -9 10 25 76 "F"
7 -3 10 25 77 "F"
7 -3 10 25 78 "F"
7 -3 10 25 79 "F"
7 2 10 25 80 "F"
7 3 50 25 81 "A"
7 -6 50 25 82 "A"
7 3 50 25 83 "A"
7 -3 10 25 84 "F"
7 -36 10 25 85 "F"
7 -3 10 25 86 "F"
7 -3 10 25 87 "F"
7 -3 10 25 88 "F"
7 -9 10 25 89 "F"
7 2 10 25 90 "F"
7 5 10 25 91 "F"
7 2 10 25 92 "F"
7 -9 10 25 93 "F"
7 -9 10 25 94 "F"
7 2 10 25 95 "F"
7 -12 40 25 96 "R"
7 3 50 25 97 "A"
7 1 50 25 98 "A"
7 -15 50 25 99 "A"
7 -6 50 25 100 "A"
7 1 50 25 101 "A"
7 -6 50 25 102 "A"
7 -15 50 25 103 "A"
7 2 10 25 104 "F"
7 -12 50 25 105 "A"
7 1 50 25 106 "A"
7 4 10 25 107 "F"
7 -3 10 25 108 "F"
7 -3 10 25 109 "F"
7 -3 10 25 110 "F"
7 1 50 25 111 "A"
7 -6 50 25 112 "A"
7 -36 10 25 113 "F"
7 2 10 25 114 "F"
7 -9 10 25 115 "F"
7 -12 50 25 116 "A"
7 -36 10 25 117 "F"
7 -9 10 25 118 "F"
7 -9 10 25 119 "F"
7 2 10 25 120 "F"
7 -9 10 25 121 "F"
7 -6 50 25 122 "A"
7 -9 10 25 123 "F"
7 -3 10 25 124 "F"
7 -9 10 25 125 "F"
7 2 10 25 126 "F"
7 2 10 25 127 "F"
7 2 10 25 128 "F"
7 -9 10 25 129 "F"
7 2 10 25 130 "F"
7 4 10 25 131 "F"
7 2 10 25 132 "F"
7 -9 10 25 133 "F"
7 2 10 25 134 "F"
7 4 10 25 135 "F"
7 -6 50 25 136 "A"
7 -6 50 25 137 "A"
7 2 10 25 138 "F"
7 -3 10 25 139 "F"
7 -3 10 25 140 "F"
7 -36 10 25 141 "F"
7 2 10 25 142 "F"
7 -9 10 25 143 "F"
7 -3 10 25 144 "F"
7 -12 50 25 145 "A"
7 -6 50 25 146 "A"
7 -12 50 25 147 "A"
7 -6 50 25 148 "A"
7 2 10 25 149 "F"
7 2 10 26 1 "F"
7 1 50 26 2 "A"
7 3 50 26 3 "A"
7 -3 10 26 4 "F"
7 -12 50 26 5 "A"
7 1 50 26 6 "A"
7 2 10 26 7 "F"
7 -6 50 26 8 "A"
7 -9 10 26 9 "F"
7 2 10 26 10 "F"
7 2 10 26 11 "F"
7 2 10 26 12 "F"
7 2 10 26 13 "F"
7 -3 10 26 14 "F"
7 -6 50 26 15 "A"
7 -3 10 26 16 "F"
7 -9 10 26 17 "F"
7 -6 50 26 18 "A"
7 -12 50 26 19 "A"
7 1 50 26 20 "A"
7 4 10 26 21 "F"
7 -9 10 26 22 "F"
7 -12 50 26 23 "A"
7 1 50 26 24 "A"
7 2 10 26 25 "F"
7 -9 10 26 26 "F"
7 1 50 26 27 "A"
7 -6 50 26 28 "A"
7 -36 10 26 29 "F"
7 4 10 26 30 "F"
7 -3 10 26 31 "F"
7 1 20 26 32 "V"
7 5 10 26 33 "F"
7 -12 50 26 34 "A"
7 -15 50 26 35 "A"
7 -6 50 26 36 "A"
7 3 50 26 37 "A"
7 1 50 26 38 "A"
7 -9 10 26 39 "F"
7 2 10 26 40 "F"
7 5 10 26 41 "F"
7 4 10 26 42 "F"
7 -9 10 26 43 "F"
7 2 10 26 44 "F"
7 -9 10 26 45 "F"
7 1 50 26 46 "A"
7 -36 10 26 47 "F"
7 2 10 26 48 "F"
7 4 10 26 49 "F"
7 1 50 26 50 "A"
7 -6 50 26 51 "A"
7 1 50 26 52 "A"
7 3 50 26 53 "A"
7 -6 50 26 54 "A"
7 12 50 26 55 "A"
7 -6 50 26 56 "A"
7 -9 10 26 57 "F"
7 2 10 26 58 "F"
7 4 10 26 59 "F"
7 -12 50 26 60 "A"
7 -3 10 26 61 "F"
7 -3 10 26 62 "F"
7 5 10 26 63 "F"
7 2 10 26 64 "F"
7 4 10 26 65 "F"
7 -3 10 26 66 "F"
7 2 10 26 67 "F"
7 1 50 26 68 "A"
7 -3 10 26 69 "F"
7 -3 10 26 70 "F"
7 2 10 26 71 "F"
7 -3 10 26 72 "F"
7 -9 10 26 73 "F"
7 4 10 26 74 "F"
7 12 50 26 75 "A"
7 2 10 26 76 "F"
7 -9 10 26 77 "F"
7 -6 50 26 78 "A"
7 4 10 26 79 "F"
7 -12 50 26 80 "A"
7 4 10 26 81 "F"
7 1 50 26 82 "A"
7 -3 10 26 83 "F"
7 -3 10 26 84 "F"
7 3 50 26 85 "A"
7 -3 10 26 86 "F"
7 3 50 26 87 "A"
7 -3 10 26 88 "F"
7 3 20 26 89 "V"
7 2 10 26 90 "F"
7 -9 10 26 91 "F"
7 -6 50 26 92 "A"
7 12 50 26 93 "A"
7 -3 10 26 94 "F"
7 -9 10 26 95 "F"
7 3 50 26 96 "A"
7 3 50 26 97 "A"
7 3 50 26 98 "A"
7 2 10 26 99 "F"
7 2 10 26 100 "F"
7 2 10 26 101 "F"
7 4 10 26 102 "F"
7 5 10 26 103 "F"
7 -9 10 26 104 "F"
7 5 10 26 105 "F"
7 -3 10 26 106 "F"
7 -3 10 26 107 "F"
7 -6 50 26 108 "A"
7 3 50 26 109 "A"
7 -6 50 26 110 "A"
7 1 50 26 111 "A"
7 -3 10 26 112 "F"
7 2 10 26 113 "F"
7 2 10 26 114 "F"
7 -3 10 26 115 "F"
7 -3 10 26 116 "F"
7 -36 10 26 117 "F"
7 1 50 26 118 "A"
7 -6 50 26 119 "A"
7 3 50 26 120 "A"
7 -6 50 26 121 "A"
7 -3 10 26 122 "F"
7 -36 10 26 123 "F"
7 2 10 26 124 "F"
7 -9 10 26 125 "F"
7 -3 10 26 126 "F"
7 -3 10 26 127 "F"
7 2 10 26 128 "F"
7 -9 10 26 129 "F"
7 -12 50 26 130 "A"
7 3 50 26 131 "A"
7 2 10 26 132 "F"
7 -9 10 26 133 "F"
7 -3 10 26 134 "F"
7 -9 10 26 135 "F"
7 4 10 26 136 "F"
7 -3 10 27 1 "F"
7 1 50 27 2 "A"
7 5 10 27 3 "F"
7 -3 10 27 4 "F"
7 -9 10 27 5 "F"
7 -3 10 27 6 "F"
7 -9 10 27 7 "F"
7 -3 20 27 8 "V"
7 5 10 27 9 "F"
7 2 10 27 10 "F"
7 4 10 27 11 "F"
7 2 10 27 12 "F"
7 4 10 27 13 "F"
7 -3 10 27 14 "F"
7 -12 50 27 15 "A"
7 1 50 27 16 "A"
7 -15 50 27 17 "A"
7 2 40 27 18 "R"
7 3 50 27 19 "A"
7 -6 50 27 20 "A"
7 -36 10 27 21 "F"
7 -9 10 27 22 "F"
7 3 50 27 23 "A"
7 -6 50 27 24 "A"
7 5 10 27 25 "F"
7 -9 10 27 26 "F"
7 3 20 27 27 "V"
7 -3 10 27 28 "F"
7 3 20 27 29 "V"
7 1 50 27 30 "A"
7 -12 50 27 31 "A"
7 -6 50 27 32 "A"
7 -9 10 27 33 "F"
7 1 50 27 34 "A"
7 12 50 27 35 "A"
7 3 50 27 36 "A"
7 3 50 27 37 "A"
7 -3 10 27 38 "F"
7 3 50 27 39 "A"
7 1 50 27 40 "A"
7 12 50 27 41 "A"
7 1 50 27 42 "A"
7 1 50 27 43 "A"
7 2 10 27 44 "F"
7 -3 10 27 45 "F"
7 -6 50 27 46 "A"
7 -6 40 27 47 "R"
7 2 10 27 48 "F"
7 -36 10 27 49 "F"
7 2 10 27 50 "F"
7 2 10 27 51 "F"
7 2 10 27 52 "F"
7 4 10 27 53 "F"
7 2 10 27 54 "F"
7 2 10 27 55 "F"
7 -9 10 27 56 "F"
7 2 10 27 57 "F"
7 4 10 27 58 "F"
7 -3 10 27 59 "F"
7 -240 10 27 60 "F"
7 -9 10 27 61 "F"
7 -6 50 27 62 "A"
7 2 10 27 63 "F"
7 -3 10 27 64 "F"
7 3 50 27 65 "A"
7 1 50 27 66 "A"
7 -12 50 27 67 "A"
7 2 10 27 68 "F"
7 -9 10 27 69 "F"
7 2 10 27 70 "F"
7 -3 10 27 71 "F"
7 1 50 27 72 "A"
7 4 10 27 73 "F"
7 -9 10 27 74 "F"
7 -9 10 27 75 "F"
7 -3 10 27 76 "F"
7 -12 50 27 77 "A"
7 -6 50 27 78 "A"
7 -9 10 27 79 "F"
7 -3 10 27 80 "F"
7 -9 10 27 81 "F"
7 -6 50 27 82 "A"
7 4 10 27 83 "F"
7 -3 10 27 84 "F"
7 -6 50 27 85 "A"
7 -9 10 27 86 "F"
7 -6 50 27 87 "A"
7 -6 50 27 88 "A"
7 -36 10 27 89 "F"
7 2 10 27 90 "F"
7 -36 10 27 91 "F"
7 2 10 27 92 "F"
7 -3 10 27 93 "F"
7 3 50 27 94 "A"
7 -12 50 27 95 "A"
7 1 50 27 96 "A"
7 3 50 27 97 "A"
7 -6 50 27 98 "A"
7 -6 50 27 99 "A"
7 -3 10 27 100 "F"
7 2 10 27 101 "F"
7 2 10 27 102 "F"
7 -9 10 27 103 "F"
7 3 50 27 104 "A"
7 5 10 27 105 "F"
7 2 10 27 106 "F"
7 -36 10 27 107 "F"
7 2 10 27 108 "F"
7 4 10 27 109 "F"
7 2 10 27 110 "F"
7 -3 10 27 111 "F"
7 1 50 27 112 "A"
7 3 50 27 113 "A"
7 -12 50 27 114 "A"
7 -3 10 28 1 "F"
7 1 50 28 2 "A"
7 5 10 28 3 "F"
7 -3 10 28 4 "F"
7 -12 50 28 5 "A"
7 -3 10 28 6 "F"
7 -9 10 28 7 "F"
7 -3 10 28 8 "F"
7 5 10 28 9 "F"
7 2 10 28 10 "F"
7 4 10 28 11 "F"
7 2 10 28 12 "F"
7 4 10 28 13 "F"
7 -3 10 28 14 "F"
7 -12 50 28 15 "A"
7 2 10 28 16 "F"
7 -36 10 28 17 "F"
7 2 10 28 18 "F"
7 4 10 28 19 "F"
7 -3 10 28 20 "F"
7 -36 10 28 21 "F"
7 -12 50 28 22 "A"
7 4 10 28 23 "F"
7 -3 10 28 24 "F"
7 12 50 28 25 "A"
7 -12 50 28 26 "A"
7 3 50 28 27 "A"
7 -6 50 28 28 "A"
7 4 10 28 29 "F"
7 2 10 28 30 "F"
7 -9 10 28 31 "F"
7 -3 10 28 32 "F"
7 -9 10 28 33 "F"
7 1 50 28 34 "A"
7 5 10 28 35 "F"
7 4 10 28 36 "F"
7 4 10 28 37 "F"
7 -3 10 28 38 "F"
7 3 50 28 39 "A"
7 1 50 28 40 "A"
7 12 50 28 41 "A"
7 1 50 28 42 "A"
7 1 50 28 43 "A"
7 1 50 28 44 "A"
7 -6 50 28 45 "A"
7 -3 10 28 46 "F"
7 -3 10 28 47 "F"
7 2 10 28 48 "F"
7 -36 10 28 49 "F"
7 2 10 28 50 "F"
7 2 10 28 51 "F"
7 2 10 28 52 "F"
7 4 10 28 53 "F"
7 2 10 28 54 "F"
7 2 10 28 55 "F"
7 -9 10 28 56 "F"
7 1 50 28 57 "A"
7 3 50 28 58 "A"
7 -6 50 28 59 "A"
7 -240 10 28 60 "F"
7 -9 10 28 61 "F"
7 -3 10 28 62 "F"
7 2 10 28 63 "F"
7 -3 10 28 64 "F"
7 4 10 28 65 "F"
7 2 10 28 66 "F"
7 -9 10 28 67 "F"
7 1 50 28 68 "A"
7 -12 50 28 69 "A"
7 2 10 28 70 "F"
7 -3 10 28 71 "F"
7 2 10 28 72 "F"
7 4 10 28 73 "F"
7 -9 10 28 74 "F"
7 -9 10 28 75 "F"
7 -6 50 28 76 "A"
7 -9 10 28 77 "F"
7 -3 10 28 78 "F"
7 -9 10 28 79 "F"
7 -6 50 28 80 "A"
7 -9 10 28 81 "F"
7 -3 10 28 82 "F"
7 4 10 28 83 "F"
7 -3 10 28 84 "F"
7 -6 50 28 85 "A"
7 -9 10 28 86 "F"
7 -6 50 28 87 "A"
7 -3 10 28 88 "F"
7 -36 10 28 89 "F"
7 1 20 28 90 "V"
7 -15 50 28 91 "A"
7 1 50 28 92 "A"
7 -6 50 28 93 "A"
7 4 10 28 94 "F"
7 -9 10 28 95 "F"
7 1 50 28 96 "A"
7 3 50 28 97 "A"
7 -6 50 28 98 "A"
7 -3 10 28 99 "F"
7 -3 10 28 100 "F"
7 2 10 28 101 "F"
7 2 10 28 102 "F"
7 -9 10 28 103 "F"
7 4 10 28 104 "F"
7 5 10 28 105 "F"
7 2 10 28 106 "F"
7 -36 10 28 107 "F"
7 2 10 28 108 "F"
7 4 10 28 109 "F"
7 2 10 28 110 "F"
7 -3 10 28 111 "F"
7 1 50 28 112 "A"
7 3 50 28 113 "A"
7 -12 50 28 114 "A"
7 -3 10 28 115 "F"
7 -3 10 28 116 "F"
7 -9 10 28 117 "F"
7 2 10 28 118 "F"
7 2 10 28 119 "F"
7 -3 10 28 120 "F"
7 -6 50 28 121 "A"
7 2 10 28 122 "F"
7 -36 10 28 123 "F"
7 2 10 28 124 "F"
7 -36 10 28 125 "F"
7 4 10 28 126 "F"
7 -36 10 28 127 "F"
7 2 10 28 128 "F"
7 -3 10 28 129 "F"
7 1 50 28 130 "A"
7 -12 50 28 131 "A"
7 1 50 28 132 "A"
7 -12 50 28 133 "A"
7 2 10 28 134 "F"
7 4 10 28 135 "F"
7 -3 10 28 136 "F"
7 12 50 28 137 "A"
7 -6 50 28 138 "A"
7 4 10 28 139 "F"
7 -9 10 28 140 "F"
7 1 50 28 141 "A"
7 -6 50 28 142 "A"
7 4 10 28 143 "F"
7 -3 10 29 1 "F"
7 1 50 29 2 "A"
7 12 50 29 3 "A"
7 -3 10 29 4 "F"
7 -12 50 29 5 "A"
7 -3 10 29 6 "F"
7 -12 50 29 7 "A"
7 -6 50 29 8 "A"
7 5 10 29 9 "F"
7 2 40 29 10 "R"
7 4 10 29 11 "F"
7 2 10 29 12 "F"
7 4 10 29 13 "F"
7 -3 10 29 14 "F"
7 -12 50 29 15 "A"
7 2 10 29 16 "F"
7 -36 10 29 17 "F"
7 1 50 29 18 "A"
7 3 50 29 19 "A"
7 -6 40 29 20 "R"
7 -36 10 29 21 "F"
7 -12 50 29 22 "A"
7 4 10 29 23 "F"
7 -3 10 29 24 "F"
7 5 10 29 25 "F"
7 -9 10 29 26 "F"
7 4 40 29 27 "R"
7 -6 40 29 28 "R"
7 4 10 29 29 "F"
7 2 10 29 30 "F"
7 -9 10 29 31 "F"
7 -6 50 29 32 "A"
7 -12 50 29 33 "A"
7 1 50 29 34 "A"
7 5 10 29 35 "F"
7 4 10 29 36 "F"
7 3 50 29 37 "A"
7 -6 50 29 38 "A"
7 3 50 29 39 "A"
7 1 50 29 40 "A"
7 12 50 29 41 "A"
7 2 10 29 42 "F"
7 2 10 29 43 "F"
7 2 10 29 44 "F"
7 -3 10 29 45 "F"
7 -3 10 29 46 "F"
7 -3 10 29 47 "F"
7 1 50 29 48 "A"
7 -15 40 29 49 "R"
7 2 10 29 50 "F"
7 2 10 29 51 "F"
7 2 10 29 52 "F"
7 3 50 29 53 "A"
7 1 50 29 54 "A"
7 2 10 29 55 "F"
7 -12 50 29 56 "A"
7 1 50 29 57 "A"
7 3 50 29 58 "A"
7 -6 50 29 59 "A"
7 -3 10 29 60 "F"
7 -9 10 29 61 "F"
7 -6 50 29 62 "A"
7 1 50 29 63 "A"
7 -6 50 29 64 "A"
7 4 10 29 65 "F"
7 2 10 29 66 "F"
7 -9 10 29 67 "F"
7 2 10 29 68 "F"
7 -9 10 29 69 "F"
7 2 10 29 70 "F"
7 -6 50 29 71 "A"
7 1 50 29 72 "A"
7 4 10 29 73 "F"
7 -12 50 29 74 "A"
7 -9 10 29 75 "F"
7 -3 20 29 76 "V"
7 -9 10 29 77 "F"
7 -3 10 29 78 "F"
7 -9 10 29 79 "F"
7 -3 10 29 80 "F"
7 -9 10 29 81 "F"
7 -6 50 29 82 "A"
7 4 10 29 83 "F"
7 -3 10 29 84 "F"
7 -3 10 29 85 "F"
7 -12 50 29 86 "A"
7 -3 10 29 87 "F"
7 -3 10 29 88 "F"
7 -36 10 29 89 "F"
7 1 50 29 90 "A"
7 -36 10 29 91 "F"
7 2 10 29 92 "F"
7 -3 10 29 93 "F"
7 4 10 29 94 "F"
7 -9 10 29 95 "F"
7 2 40 29 96 "R"
7 4 10 29 97 "F"
7 -3 10 29 98 "F"
7 -6 50 29 99 "A"
7 -3 10 29 100 "F"
7 2 10 29 101 "F"
7 2 10 29 102 "F"
7 -9 10 29 103 "F"
7 3 50 29 104 "A"
7 12 50 29 105 "A"
7 1 50 29 106 "A"
7 -15 50 29 107 "A"
7 1 50 29 108 "A"
7 4 10 29 109 "F"
7 2 10 29 110 "F"
7 -3 10 29 111 "F"
7 2 40 29 112 "R"
7 4 10 29 113 "F"
7 -9 10 29 114 "F"
7 -3 10 29 115 "F"
7 -3 10 29 116 "F"
7 -9 10 29 117 "F"
7 2 10 29 118 "F"
7 2 10 29 119 "F"
7 -6 50 29 120 "A"
7 -3 10 29 121 "F"
7 2 10 29 122 "F"
7 -15 50 29 123 "A"
7 1 50 29 124 "A"
7 -15 50 29 125 "A"
7 3 50 29 126 "A"
7 -15 50 29 127 "A"
7 1 50 29 128 "A"
7 -6 50 29 129 "A"
7 2 10 29 130 "F"
7 -12 50 29 131 "A"
7 2 10 29 132 "F"
7 -9 10 29 133 "F"
7 2 10 29 134 "F"
7 4 10 29 135 "F"
7 -3 10 29 136 "F"
7 5 10 29 137 "F"
7 -3 10 29 138 "F"
7 3 50 29 139 "A"
7 -12 50 29 140 "A"
7 2 10 29 141 "F"
7 -6 50 29 142 "A"
7 3 50 29 143 "A"
7 3 50 29 144 "A"
7 -15 50 29 145 "A"
7 2 10 29 146 "F"
7 -12 50 30 1 "A"
7 1 50 30 2 "A"
7 -12 50 30 3 "A"
7 -3 20 30 4 "V"
7 -12 50 30 5 "A"
7 -6 50 30 6 "A"
7 -9 10 30 7 "F"
7 -6 50 30 8 "A"
7 -15 50 30 9 "A"
7 -3 10 30 10 "F"
7 1 50 30 11 "A"
7 1 50 30 12 "A"
7 4 10 30 13 "F"
7 -3 10 30 14 "F"
7 4 10 30 15 "F"
7 2 10 30 16 "F"
7 4 10 30 17 "F"
7 2 40 30 18 "R"
7 -36 10 30 19 "F"
7 -3 10 30 20 "F"
7 -12 50 30 21 "A"
7 -6 50 30 22 "A"
7 2 10 30 23 "F"
7 2 10 30 24 "F"
7 4 10 30 25 "F"
7 -12 50 30 26 "A"
7 -12 50 30 27 "A"
7 -3 10 30 28 "F"
7 4 10 30 29 "F"
7 -6 50 30 30 "A"
7 -12 50 30 31 "A"
7 -15 50 30 32 "A"
7 12 50 30 33 "A"
7 -3 10 30 34 "F"
7 1 50 30 35 "A"
7 -3 20 30 36 "V"
7 2 10 30 37 "F"
7 4 10 30 38 "F"
7 1 50 30 39 "A"
7 1 50 30 40 "A"
7 -3 10 30 41 "F"
7 -3 20 30 42 "V"
7 -3 20 30 43 "V"
7 2 10 30 44 "F"
7 -3 10 30 45 "F"
7 -3 10 30 46 "F"
7 -9 10 30 47 "F"
7 -9 10 30 48 "F"
7 -3 10 30 49 "F"
7 -3 10 30 50 "F"
7 3 50 30 51 "A"
7 1 50 30 52 "A"
7 12 50 30 53 "A"
7 -3 10 30 54 "F"
7 -9 10 30 55 "F"
7 1 50 30 56 "A"
7 -12 50 30 57 "A"
7 1 50 30 58 "A"
7 -3 10 30 59 "F"
7 2 10 30 60 "F"
7 -9 10 30 61 "F"
7 1 50 30 62 "A"
7 3 50 30 63 "A"
7 -3 10 30 64 "F"
7 3 50 30 65 "A"
7 2 10 30 66 "F"
7 -9 10 30 67 "F"
7 2 10 30 68 "F"
7 3 50 30 69 "A"
7 -3 10 30 70 "F"
7 2 10 30 71 "F"
7 -6 50 30 72 "A"
7 -9 10 30 73 "F"
7 -6 50 30 74 "A"
7 -15 50 30 75 "A"
7 1 50 30 76 "A"
7 -12 50 30 77 "A"
7 2 10 30 78 "F"
7 -9 10 30 79 "F"
7 1 50 30 80 "A"
7 -12 50 30 81 "A"
7 -3 10 30 82 "F"
7 3 50 30 83 "A"
7 1 50 30 84 "A"
7 4 10 30 85 "F"
7 -3 10 30 86 "F"
7 -12 50 30 87 "A"
7 1 50 30 88 "A"
7 -6 50 30 89 "A"
7 -3 10 30 90 "F"
7 -9 10 30 91 "F"
7 -3 10 30 92 "F"
7 5 10 30 93 "F"
7 2 10 30 94 "F"
7 -9 10 30 95 "F"
7 -3 10 30 96 "F"
7 5 10 30 97 "F"
7 -6 50 30 98 "A"
7 -6 50 30 99 "A"
7 -3 10 30 100 "F"
7 -36 10 30 101 "F"
7 -3 10 30 102 "F"
7 -9 10 30 103 "F"
7 4 10 30 104 "F"
7 2 10 30 105 "F"
7 4 10 30 106 "F"
7 1 50 30 107 "A"
7 -6 50 30 108 "A"
7 2 10 30 109 "F"
7 -6 50 30 110 "A"
7 -6 50 31 1 "A"
7 2 10 31 2 "F"
7 -9 10 31 3 "F"
7 -6 50 31 4 "A"
7 -12 50 31 5 "A"
7 -3 10 31 6 "F"
7 -6 50 31 7 "A"
7 1 50 31 8 "A"
7 -9 10 31 9 "F"
7 -6 50 31 10 "A"
7 4 10 31 11 "F"
7 -3 10 31 12 "F"
7 5 10 31 13 "F"
7 2 10 31 14 "F"
7 -12 50 31 15 "A"
7 -6 50 31 16 "A"
7 -12 50 31 17 "A"
7 1 50 31 18 "A"
7 -15 50 31 19 "A"
7 -3 10 31 20 "F"
7 3 50 31 21 "A"
7 -6 50 31 22 "A"
7 5 10 31 23 "F"
7 2 10 31 24 "F"
7 -9 10 31 25 "F"
7 2 10 31 26 "F"
7 -6 50 31 27 "A"
7 2 10 31 28 "F"
7 -9 10 31 29 "F"
7 -3 10 31 30 "F"
7 4 10 31 31 "F"
7 3 50 31 32 "A"
7 -3 10 31 33 "F"
7 -3 10 31 34 "F"
7 -12 50 31 35 "A"
7 1 50 31 36 "A"
7 4 10 31 37 "F"
7 -3 10 31 38 "F"
7 -36 10 31 39 "F"
7 2 10 31 40 "F"
7 -9 20 31 41 "V"
7 2 10 31 42 "F"
7 2 10 31 43 "F"
7 -3 10 31 44 "F"
7 4 10 31 45 "F"
7 2 10 31 46 "F"
7 2 10 31 47 "F"
7 4 10 31 48 "F"
7 -15 50 31 49 "A"
7 -9 10 31 50 "F"
7 4 10 31 51 "F"
7 2 10 31 52 "F"
7 -36 10 31 53 "F"
7 -3 10 31 54 "F"
7 -6 50 31 55 "A"
7 1 50 31 56 "A"
7 1 50 31 57 "A"
7 2 10 31 58 "F"
7 4 10 31 59 "F"
7 -240 10 31 60 "F"
7 -3 10 31 61 "F"
7 1 50 31 62 "A"
7 3 50 31 63 "A"
7 -6 50 31 64 "A"
7 -3 10 31 65 "F"
7 2 10 31 66 "F"
7 4 10 31 67 "F"
7 -6 50 31 68 "A"
7 5 10 31 69 "F"
7 4 10 31 70 "F"
7 -6 50 31 71 "A"
7 -6 50 31 72 "A"
7 -3 10 31 73 "F"
7 1 50 31 74 "A"
7 5 10 31 75 "F"
7 -6 50 31 76 "A"
7 -12 50 31 77 "A"
7 1 20 31 78 "V"
7 -9 10 31 79 "F"
7 -6 50 31 80 "A"
7 -3 10 31 81 "F"
7 -9 20 31 82 "V"
7 4 10 31 83 "F"
7 -3 10 31 84 "F"
7 2 10 31 85 "F"
7 -3 10 31 86 "F"
7 1 50 31 87 "A"
7 -36 10 31 88 "F"
7 -3 10 31 89 "F"
7 4 10 31 90 "F"
7 4 10 31 91 "F"
7 1 20 31 92 "V"
7 4 10 31 93 "F"
7 2 10 31 94 "F"
7 -9 10 31 95 "F"
7 1 50 31 96 "A"
7 -3 10 31 97 "F"
7 2 10 31 98 "F"
7 -6 50 31 99 "A"
7 2 10 31 100 "F"
7 3 50 31 101 "A"
7 1 50 31 102 "A"
7 5 10 31 103 "F"
7 2 10 31 104 "F"
7 5 10 31 105 "F"
7 -3 10 31 106 "F"
7 -3 10 31 107 "F"
7 -3 10 31 108 "F"
7 -15 50 31 109 "A"
7 1 50 31 110 "A"
7 -9 10 31 111 "F"
7 -3 10 31 112 "F"
7 -3 10 31 113 "F"
7 2 10 31 114 "F"
7 2 10 31 115 "F"
7 -3 10 31 116 "F"
7 4 10 31 117 "F"
7 2 10 31 118 "F"
7 -9 10 31 119 "F"
7 -6 50 31 120 "A"
7 -6 50 31 121 "A"
7 1 50 31 122 "A"
7 -12 40 31 123 "R"
7 1 50 31 124 "A"
7 -6 50 31 125 "A"
7 2 10 31 126 "F"
7 4 10 31 127 "F"
7 2 10 31 128 "F"
7 -9 10 31 129 "F"
7 -6 50 31 130 "A"
7 -12 50 31 131 "A"
7 2 10 31 132 "F"
7 -9 10 31 133 "F"
7 -6 40 31 134 "R"
7 -3 10 31 135 "F"
7 -6 50 31 136 "A"
7 3 50 31 137 "A"
7 1 50 31 138 "A"
7 -3 10 31 139 "F"
7 -3 10 31 140 "F"
7 3 50 31 141 "A"
7 3 20 31 142 "V"
7 4 10 31 143 "F"
7 2 10 31 144 "F"
7 -9 10 31 145 "F"
7 3 50 31 146 "A"
7 2 10 31 147 "F"
7 2 10 31 148 "F"
7 -36 10 31 149 "F"
7 -3 10 31 150 "F"
7 2 10 31 151 "F"
7 -6 50 31 152 "A"
7 -6 50 31 153 "A"
7 -6 50 31 154 "A"
7 2 10 31 155 "F"
7 -3 10 31 156 "F"
7 -3 10 31 157 "F"
7 -3 10 31 158 "F"
7 -12 50 32 1 "A"
7 2 10 32 2 "F"
7 -9 10 32 3 "F"
7 -3 10 32 4 "F"
7 -9 10 32 5 "F"
7 -3 20 32 6 "V"
7 -12 50 32 7 "A"
7 -3 10 32 8 "F"
7 -36 10 32 9 "F"
7 -240 10 32 10 "F"
7 2 10 32 11 "F"
7 2 10 32 12 "F"
7 4 10 32 13 "F"
7 -6 50 32 14 "A"
7 4 10 32 15 "F"
7 2 10 32 16 "F"
7 3 50 32 17 "A"
7 1 50 32 18 "A"
7 -15 50 32 19 "A"
7 -3 10 32 20 "F"
7 -9 10 32 21 "F"
7 -3 10 32 22 "F"
7 2 10 32 23 "F"
7 2 10 32 24 "F"
7 3 50 32 25 "A"
7 -12 50 32 26 "A"
7 -12 50 32 27 "A"
7 -6 50 32 28 "A"
7 4 10 32 29 "F"
7 -3 10 32 30 "F"
7 -9 10 32 31 "F"
7 -36 10 32 32 "F"
7 5 10 32 33 "F"
7 -3 10 32 34 "F"
7 2 10 32 35 "F"
7 -6 50 32 36 "A"
7 2 10 32 37 "F"
7 3 20 32 38 "V"
7 1 50 32 39 "A"
7 2 10 32 40 "F"
7 -3 10 32 41 "F"
7 -3 10 32 42 "F"
7 -3 10 32 43 "F"
7 1 20 32 44 "V"
7 -3 10 32 45 "F"
7 -6 50 32 46 "A"
7 -9 10 32 47 "F"
7 -9 10 32 48 "F"
7 -3 10 32 49 "F"
7 -3 10 32 50 "F"
7 4 10 32 51 "F"
7 2 40 32 52 "R"
7 12 50 32 53 "A"
7 -6 50 32 54 "A"
7 -12 50 32 55 "A"
7 1 50 32 56 "A"
7 -12 50 32 57 "A"
7 1 50 32 58 "A"
7 -3 10 32 59 "F"
7 80 50 32 60 "A"
7 -9 10 32 61 "F"
7 2 10 32 62 "F"
7 4 10 32 63 "F"
7 -6 50 32 64 "A"
7 4 10 32 65 "F"
7 2 10 32 66 "F"
7 -9 10 32 67 "F"
7 2 10 32 68 "F"
7 4 10 32 69 "F"
7 -3 10 32 70 "F"
7 2 10 32 71 "F"
7 -3 10 32 72 "F"
7 -9 10 32 73 "F"
7 -6 50 32 74 "A"
7 -36 10 32 75 "F"
7 2 10 32 76 "F"
7 -12 50 32 77 "A"
7 2 10 32 78 "F"
7 -9 10 32 79 "F"
7 2 10 32 80 "F"
7 -9 10 32 81 "F"
7 -3 10 32 82 "F"
7 4 10 32 83 "F"
7 2 10 32 84 "F"
7 4 10 32 85 "F"
7 -3 10 32 86 "F"
7 -9 10 32 87 "F"
7 2 10 32 88 "F"
7 -6 50 32 89 "A"
7 -3 10 32 90 "F"
7 -9 10 32 91 "F"
7 -3 20 32 92 "V"
7 12 50 32 93 "A"
7 1 50 32 94 "A"
7 -9 10 32 95 "F"
7 -3 10 32 96 "F"
7 5 10 32 97 "F"
7 -6 40 32 98 "R"
7 -6 50 32 99 "A"
7 -6 50 32 100 "A"
7 -15 50 32 101 "A"
7 -6 50 32 102 "A"
7 -12 50 32 103 "A"
7 3 50 32 104 "A"
7 2 10 32 105 "F"
7 4 10 32 106 "F"
7 1 50 32 107 "A"
7 -3 10 32 108 "F"
7 2 10 32 109 "F"
7 -3 10 32 110 "F"
7 -12 50 32 111 "A"
7 -3 10 32 112 "F"
7 3 50 32 113 "A"
7 -9 10 32 114 "F"
7 -3 10 32 115 "F"
7 2 10 32 116 "F"
7 2 10 32 117 "F"
7 2 10 32 118 "F"
7 -3 10 32 119 "F"
7 -3 10 32 120 "F"
7 -9 10 32 121 "F"
7 -9 10 32 122 "F"
7 5 10 32 123 "F"
7 1 50 32 124 "A"
7 -15 50 32 125 "A"
7 3 50 32 126 "A"
7 4 10 32 127 "F"
7 4 10 32 128 "F"
7 -3 10 32 129 "F"
7 -6 50 32 130 "A"
7 -9 10 32 131 "F"
7 -3 10 32 132 "F"
7 -9 10 32 133 "F"
7 1 50 32 134 "A"
7 -3 10 32 135 "F"
7 2 10 32 136 "F"
7 4 10 32 137 "F"
7 -3 10 32 138 "F"
7 -9 10 32 139 "F"
7 -3 10 32 140 "F"
7 -3 10 32 141 "F"
7 1 50 32 142 "A"
7 2 10 32 143 "F"
7 2 10 32 144 "F"
7 -6 50 32 145 "A"
7 -12 50 32 146 "A"
7 3 50 32 147 "A"
7 2 10 32 148 "F"
7 4 10 32 149 "F"
7 2 10 32 150 "F"
7 -6 40 32 151 "R"
7 1 50 32 152 "A"
7 -3 10 33 1 "F"
7 2 10 33 2 "F"
7 2 10 33 3 "F"
7 -3 10 33 4 "F"
7 -12 50 33 5 "A"
7 1 50 33 6 "A"
7 -12 50 33 7 "A"
7 -6 50 33 8 "A"
7 -9 10 33 9 "F"
7 80 50 33 10 "A"
7 -3 20 33 11 "V"
7 2 10 33 12 "F"
7 -9 10 33 13 "F"
7 -3 10 33 14 "F"
7 4 10 33 15 "F"
7 2 40 33 16 "R"
7 2 10 33 17 "F"
7 1 50 33 18 "A"
7 -9 10 33 19 "F"
7 -6 50 33 20 "A"
7 1 50 33 21 "A"
7 1 50 33 22 "A"
7 3 20 33 23 "V"
7 -12 50 33 24 "A"
7 3 50 33 25 "A"
7 1 50 33 26 "A"
7 5 10 33 27 "F"
7 -3 10 33 28 "F"
7 4 10 33 29 "F"
7 -3 20 33 30 "V"
7 -36 10 33 31 "F"
7 -6 50 33 32 "A"
7 -12 50 33 33 "A"
7 1 50 33 34 "A"
7 -9 10 33 35 "F"
7 -6 40 33 36 "R"
7 -9 10 33 37 "F"
7 -3 10 33 38 "F"
7 -3 10 33 39 "F"
7 1 50 33 40 "A"
7 -6 50 33 41 "A"
7 1 50 33 42 "A"
7 -15 50 33 43 "A"
7 4 10 33 44 "F"
7 -3 10 33 45 "F"
7 -12 50 33 46 "A"
7 2 10 33 47 "F"
7 1 50 33 48 "A"
7 -3 10 33 49 "F"
7 2 10 33 50 "F"
7 -9 10 33 51 "F"
7 1 50 33 52 "A"
7 1 50 33 53 "A"
7 1 50 33 54 "A"
7 2 10 33 55 "F"
7 2 10 33 56 "F"
7 2 10 33 57 "F"
7 4 10 33 58 "F"
7 -9 10 33 59 "F"
7 2 10 33 60 "F"
7 -12 50 33 61 "A"
7 4 10 33 62 "F"
7 -12 50 33 63 "A"
7 -6 50 33 64 "A"
7 1 50 33 65 "A"
7 1 50 33 66 "A"
7 -3 10 33 67 "F"
7 -3 10 33 68 "F"
7 -3 10 33 69 "F"
7 1 50 33 70 "A"
7 5 10 33 71 "F"
7 4 10 33 72 "F"
7 -9 10 33 73 "F"
7 -6 50 33 74 "A"
7 12 50 33 75 "A"
7 -3 10 33 76 "F"
7 -3 10 33 77 "F"
7 -3 10 33 78 "F"
7 1 50 33 79 "A"
7 1 50 33 80 "A"
7 -3 20 33 81 "V"
7 -9 10 33 82 "F"
7 4 10 33 83 "F"
7 1 50 33 84 "A"
7 -3 10 33 85 "F"
7 -3 10 33 86 "F"
7 -36 10 33 87 "F"
7 -3 10 33 88 "F"
7 -9 10 33 89 "F"
7 -3 10 33 90 "F"
7 -9 10 33 91 "F"
7 1 20 33 92 "V"
7 2 10 33 93 "F"
7 -9 10 33 94 "F"
7 -12 50 33 95 "A"
7 2 10 33 96 "F"
7 -9 10 33 97 "F"
7 2 10 33 98 "F"
7 4 10 33 99 "F"
7 2 10 33 100 "F"
7 5 10 33 101 "F"
7 2 10 33 102 "F"
7 1 50 33 103 "A"
7 -6 50 33 104 "A"
7 1 50 33 105 "A"
7 -3 10 33 106 "F"
7 -6 50 33 107 "A"
7 -3 10 33 108 "F"
7 4 10 33 109 "F"
7 -9 10 33 110 "F"
7 5 10 33 111 "F"
7 -9 10 33 112 "F"
7 4 10 33 113 "F"
7 -36 10 33 114 "F"
7 4 10 33 115 "F"
7 1 50 33 116 "A"
7 -3 10 33 117 "F"
7 3 20 33 118 "V"
7 -36 10 33 119 "F"
7 1 50 33 120 "A"
7 12 50 33 121 "A"
7 2 10 33 122 "F"
7 -3 10 33 123 "F"
7 1 50 33 124 "A"
7 -12 50 33 125 "A"
7 -6 50 33 126 "A"
7 2 10 33 127 "F"
7 -3 10 33 128 "F"
7 -3 10 33 129 "F"
7 -6 50 33 130 "A"
7 2 10 34 1 "F"
7 2 10 34 2 "F"
7 4 10 34 3 "F"
7 -3 10 34 4 "F"
7 -12 50 34 5 "A"
7 2 10 34 6 "F"
7 2 40 34 7 "R"
7 -3 10 34 8 "F"
7 -9 10 34 9 "F"
7 -240 10 34 10 "F"
7 2 10 34 11 "F"
7 2 10 34 12 "F"
7 2 10 34 13 "F"
7 -3 10 34 14 "F"
7 -6 50 34 15 "A"
7 -3 10 34 16 "F"
7 -12 40 34 17 "R"
7 -3 10 34 18 "F"
7 -12 50 34 19 "A"
7 2 10 34 20 "F"
7 4 10 34 21 "F"
7 -9 10 34 22 "F"
7 -12 50 34 23 "A"
7 2 40 34 24 "R"
7 1 50 34 25 "A"
7 -12 50 34 26 "A"
7 2 10 34 27 "F"
7 -3 10 34 28 "F"
7 -15 50 34 29 "A"
7 4 10 34 30 "F"
7 -3 10 34 31 "F"
7 1 50 34 32 "A"
7 12 50 34 33 "A"
7 -12 50 34 34 "A"
7 -36 10 34 35 "F"
7 -3 10 34 36 "F"
7 3 50 34 37 "A"
7 1 50 34 38 "A"
7 -12 50 34 39 "A"
7 2 10 34 40 "F"
7 5 10 34 41 "F"
7 4 10 34 42 "F"
7 -9 10 34 43 "F"
7 1 50 34 44 "A"
7 -12 50 34 45 "A"
7 1 50 34 46 "A"
7 -36 10 34 47 "F"
7 2 10 34 48 "F"
7 4 10 34 49 "F"
7 2 10 34 50 "F"
7 -3 10 34 51 "F"
7 2 10 34 52 "F"
7 4 10 34 53 "F"
7 -3 10 34 54 "F"
7 12 50 34 55 "A"
7 -6 50 34 56 "A"
7 -9 10 34 57 "F"
7 2 10 34 58 "F"
7 4 10 34 59 "F"
7 -9 10 34 60 "F"
7 -3 10 34 61 "F"
7 -3 10 34 62 "F"
7 5 10 34 63 "F"
7 2 10 34 64 "F"
7 4 10 34 65 "F"
7 -3 10 34 66 "F"
7 1 50 34 67 "A"
7 1 50 34 68 "A"
7 -6 50 34 69 "A"
7 -6 50 34 70 "A"
7 2 10 34 71 "F"
7 -3 10 34 72 "F"
7 -9 10 34 73 "F"
7 3 50 34 74 "A"
7 12 50 34 75 "A"
7 2 10 34 76 "F"
7 -9 10 34 77 "F"
7 -3 10 34 78 "F"
7 4 10 34 79 "F"
7 -9 10 34 80 "F"
7 4 10 34 81 "F"
7 2 10 34 82 "F"
7 -3 10 34 83 "F"
7 -3 10 34 84 "F"
7 3 50 34 85 "A"
7 -6 50 34 86 "A"
7 4 10 34 87 "F"
7 -3 10 34 88 "F"
7 4 10 34 89 "F"
7 2 10 34 90 "F"
7 -9 10 34 91 "F"
7 -6 50 34 92 "A"
7 5 10 34 93 "F"
7 -3 10 34 94 "F"
7 -9 10 34 95 "F"
7 4 10 34 96 "F"
7 4 10 34 97 "F"
7 4 10 34 98 "F"
7 2 10 34 99 "F"
7 2 10 34 100 "F"
7 2 10 34 101 "F"
7 4 10 34 102 "F"
7 12 50 34 103 "A"
7 -12 50 34 104 "A"
7 12 50 34 105 "A"
7 -6 50 34 106 "A"
7 -3 10 34 107 "F"
7 -3 10 34 108 "F"
7 3 50 34 109 "A"
7 -6 50 34 110 "A"
7 2 10 34 111 "F"
7 -3 10 34 112 "F"
7 2 10 34 113 "F"
7 2 10 34 114 "F"
7 -3 10 34 115 "F"
7 -3 10 34 116 "F"
7 -15 50 34 117 "A"
7 1 50 34 118 "A"
7 -6 50 34 119 "A"
7 4 40 34 120 "R"
7 -3 10 34 121 "F"
7 -6 50 34 122 "A"
7 -36 10 34 123 "F"
7 2 10 34 124 "F"
7 -9 10 34 125 "F"
7 -3 10 34 126 "F"
7 -3 10 34 127 "F"
7 1 50 34 128 "A"
7 -12 50 34 129 "A"
7 -9 10 34 130 "F"
7 3 20 34 131 "V"
7 2 10 34 132 "F"
7 -9 10 34 133 "F"
7 -3 10 34 134 "F"
7 -12 50 34 135 "A"
7 4 10 34 136 "F"
7 -9 10 34 137 "F"
7 2 40 34 138 "R"
7 3 50 34 139 "A"
7 -12 50 34 140 "A"
7 1 50 34 141 "A"
7 1 50 34 142 "A"
7 -6 50 34 143 "A"
7 -3 10 34 144 "F"
7 -12 50 34 145 "A"
7 2 10 34 146 "F"
7 2 10 34 147 "F"
7 -9 10 34 148 "F"
7 -6 50 34 149 "A"
7 4 10 34 150 "F"
7 -36 10 34 151 "F"
7 -3 10 34 152 "F"
7 2 10 35 1 "F"
7 1 50 35 2 "A"
7 3 50 35 3 "A"
7 -3 10 35 4 "F"
7 -12 50 35 5 "A"
7 2 10 35 6 "F"
7 2 10 35 7 "F"
7 -3 10 35 8 "F"
7 -12 50 35 9 "A"
7 1 50 35 10 "A"
7 1 50 35 11 "A"
7 2 10 35 12 "F"
7 2 10 35 13 "F"
7 -6 50 35 14 "A"
7 -3 10 35 15 "F"
7 -3 10 35 16 "F"
7 -9 10 35 17 "F"
7 -6 50 35 18 "A"
7 -12 50 35 19 "A"
7 1 50 35 20 "A"
7 4 10 35 21 "F"
7 -9 10 35 22 "F"
7 -9 10 35 23 "F"
7 2 10 35 24 "F"
7 2 10 35 25 "F"
7 -12 50 35 26 "A"
7 1 50 35 27 "A"
7 -6 50 35 28 "A"
7 -36 10 35 29 "F"
7 4 10 35 30 "F"
7 -6 50 35 31 "A"
7 2 10 35 32 "F"
7 12 50 35 33 "A"
7 -12 40 35 34 "R"
7 -15 50 35 35 "A"
7 -6 50 35 36 "A"
7 4 10 35 37 "F"
7 2 10 35 38 "F"
7 -9 10 35 39 "F"
7 1 50 35 40 "A"
7 12 50 35 41 "A"
7 4 10 35 42 "F"
7 -9 10 35 43 "F"
7 2 10 35 44 "F"
7 -9 10 35 45 "F"
7 1 50 35 46 "A"
7 -36 10 35 47 "F"
7 2 10 35 48 "F"
7 4 10 35 49 "F"
7 2 10 35 50 "F"
7 -3 10 35 51 "F"
7 2 40 35 52 "R"
7 3 50 35 53 "A"
7 -6 50 35 54 "A"
7 12 50 35 55 "A"
7 -6 50 35 56 "A"
7 -12 50 35 57 "A"
7 1 50 35 58 "A"
7 3 50 35 59 "A"
7 -9 10 35 60 "F"
7 -3 20 35 61 "V"
7 -3 10 35 62 "F"
7 5 10 35 63 "F"
7 2 10 35 64 "F"
7 3 50 35 65 "A"
7 -6 50 35 66 "A"
7 1 50 35 67 "A"
7 2 10 35 68 "F"
7 -6 50 35 69 "A"
7 -3 10 35 70 "F"
7 2 10 35 71 "F"
7 -3 10 35 72 "F"
7 -9 10 35 73 "F"
7 4 40 35 74 "R"
7 5 10 35 75 "F"
7 2 10 35 76 "F"
7 -12 50 35 77 "A"
7 -3 10 35 78 "F"
7 4 10 35 79 "F"
7 -9 10 35 80 "F"
7 4 10 35 81 "F"
7 1 50 35 82 "A"
7 -3 10 35 83 "F"
7 -3 10 35 84 "F"
7 4 10 35 85 "F"
7 -6 50 35 86 "A"
7 4 10 35 87 "F"
7 -3 10 35 88 "F"
7 4 10 35 89 "F"
7 1 50 35 90 "A"
7 -9 10 35 91 "F"
7 -6 50 35 92 "A"
7 12 50 35 93 "A"
7 -6 50 35 94 "A"
7 -9 10 35 95 "F"
7 4 10 35 96 "F"
7 4 10 35 97 "F"
7 4 10 35 98 "F"
7 2 10 35 99 "F"
7 2 10 35 100 "F"
7 2 10 35 101 "F"
7 3 50 35 102 "A"
7 12 50 35 103 "A"
7 -12 50 35 104 "A"
7 5 10 35 105 "F"
7 -3 10 35 106 "F"
7 -6 50 35 107 "A"
7 -3 10 35 108 "F"
7 3 50 35 109 "A"
7 -6 50 35 110 "A"
7 1 50 35 111 "A"
7 -6 50 35 112 "A"
7 1 50 35 113 "A"
7 1 50 35 114 "A"
7 -6 50 35 115 "A"
7 -6 50 35 116 "A"
7 -15 50 35 117 "A"
7 2 10 35 118 "F"
7 -3 10 35 119 "F"
7 -6 50 36 1 "A"
7 2 10 36 2 "F"
7 2 10 36 3 "F"
7 -6 50 36 4 "A"
7 -9 10 36 5 "F"
7 2 10 36 6 "F"
7 -9 10 36 7 "F"
7 -3 10 36 8 "F"
7 -9 10 36 9 "F"
7 4 10 36 10 "F"
7 -3 10 36 11 "F"
7 2 10 36 12 "F"
7 -9 10 36 13 "F"
7 -3 10 36 14 "F"
7 4 10 36 15 "F"
7 2 40 36 16 "R"
7 1 50 36 17 "A"
7 2 10 36 18 "F"
7 -9 10 36 19 "F"
7 -6 50 36 20 "A"
7 2 10 36 21 "F"
7 2 10 36 22 "F"
7 4 10 36 23 "F"
7 -9 10 36 24 "F"
7 4 10 36 25 "F"
7 2 10 36 26 "F"
7 5 10 36 27 "F"
7 -3 10 36 28 "F"
7 3 50 36 29 "A"
7 -6 50 36 30 "A"
7 -36 10 36 31 "F"
7 -3 10 36 32 "F"
7 -12 50 36 33 "A"
7 2 10 36 34 "F"
7 -9 10 36 35 "F"
7 -6 40 36 36 "R"
7 -9 10 36 37 "F"
7 -3 10 36 38 "F"
7 -3 10 36 39 "F"
7 2 10 36 40 "F"
7 -3 10 36 41 "F"
7 2 10 36 42 "F"
7 -36 10 36 43 "F"
7 4 10 36 44 "F"
7 -6 50 36 45 "A"
7 -9 10 36 46 "F"
7 2 10 36 47 "F"
7 1 50 36 48 "A"
7 -3 10 36 49 "F"
7 2 10 36 50 "F"
7 -9 10 36 51 "F"
7 1 50 36 52 "A"
7 1 50 36 53 "A"
7 1 50 36 54 "A"
7 1 50 36 55 "A"
7 2 10 36 56 "F"
7 2 10 36 57 "F"
7 4 10 36 58 "F"
7 -9 10 36 59 "F"
7 -240 10 36 60 "F"
7 -9 10 36 61 "F"
7 3 50 36 62 "A"
7 -12 50 36 63 "A"
7 -6 50 36 64 "A"
7 1 50 36 65 "A"
7 1 50 36 66 "A"
7 -3 10 36 67 "F"
7 -3 10 36 68 "F"
7 -6 50 36 69 "A"
7 2 10 36 70 "F"
7 5 10 36 71 "F"
7 4 10 36 72 "F"
7 -9 10 36 73 "F"
7 -3 20 36 74 "V"
7 5 10 36 75 "F"
7 -6 50 36 76 "A"
7 -3 10 36 77 "F"
7 -6 50 36 78 "A"
7 2 10 36 79 "F"
7 2 10 36 80 "F"
7 -6 50 36 81 "A"
7 -12 50 36 82 "A"
7 3 50 36 83 "A"
7 2 10 36 84 "F"
7 -3 10 36 85 "F"
7 -6 50 36 86 "A"
7 -15 50 36 87 "A"
7 -6 50 36 88 "A"
7 -12 50 36 89 "A"
7 -3 10 36 90 "F"
7 -9 10 36 91 "F"
7 1 50 36 92 "A"
7 1 50 36 93 "A"
7 -9 10 36 94 "F"
7 -9 10 36 95 "F"
7 1 50 36 96 "A"
7 -9 10 36 97 "F"
7 2 10 36 98 "F"
7 3 50 36 99 "A"
7 1 50 36 100 "A"
7 5 10 36 101 "F"
7 2 10 36 102 "F"
7 2 10 36 103 "F"
7 -3 10 36 104 "F"
7 1 50 36 105 "A"
7 -6 50 36 106 "A"
7 -3 10 36 107 "F"
7 -3 10 36 108 "F"
7 4 10 36 109 "F"
7 -9 10 36 110 "F"
7 5 10 36 111 "F"
7 -12 50 36 112 "A"
7 3 50 36 113 "A"
7 -15 50 36 114 "A"
7 3 50 36 115 "A"
7 1 50 36 116 "A"
7 -3 10 36 117 "F"
7 4 10 36 118 "F"
7 -36 10 36 119 "F"
7 1 50 36 120 "A"
7 12 50 36 121 "A"
7 2 10 36 122 "F"
7 -3 10 36 123 "F"
7 1 50 36 124 "A"
7 -12 50 36 125 "A"
7 -6 50 36 126 "A"
7 1 50 36 127 "A"
7 4 40 37 1 "R"
7 -3 10 37 2 "F"
7 -9 10 37 3 "F"
7 -12 50 37 4 "A"
7 4 10 37 5 "F"
7 1 50 37 6 "A"
7 3 50 37 7 "A"
7 -3 10 37 8 "F"
7 4 10 37 9 "F"
7 2 10 37 10 "F"
7 -9 10 37 11 "F"
7 2 10 37 12 "F"
7 3 50 37 13 "A"
7 -6 50 37 14 "A"
7 -15 50 37 15 "A"
7 1 50 37 16 "A"
7 -3 10 37 17 "F"
7 -9 20 37 18 "V"
7 -9 10 37 19 "F"
7 -3 10 37 20 "F"
7 2 10 37 21 "F"
7 2 10 37 22 "F"
7 5 10 37 23 "F"
7 1 50 37 24 "A"
7 1 50 37 25 "A"
7 2 10 37 26 "F"
7 2 10 37 27 "F"
7 -6 50 37 28 "A"
7 1 50 37 29 "A"
7 -9 10 37 30 "F"
7 3 50 37 31 "A"
7 -6 50 37 32 "A"
7 -12 50 37 33 "A"
7 2 10 37 34 "F"
7 -36 10 37 35 "F"
7 -3 10 37 36 "F"
7 4 10 37 37 "F"
7 -3 10 37 38 "F"
7 -12 50 37 39 "A"
7 -3 10 37 40 "F"
7 -3 10 37 41 "F"
7 2 10 37 42 "F"
7 3 50 37 43 "A"
7 -6 50 37 44 "A"
7 -15 50 37 45 "A"
7 1 50 37 46 "A"
7 -15 50 37 47 "A"
7 -6 50 37 48 "A"
7 -12 50 37 49 "A"
7 -3 10 37 50 "F"
7 -9 10 37 51 "F"
7 2 10 37 52 "F"
7 4 10 37 53 "F"
7 3 20 37 54 "V"
7 -3 10 37 55 "F"
7 -6 50 37 56 "A"
7 -12 50 37 57 "A"
7 1 50 37 58 "A"
7 3 50 37 59 "A"
7 1 50 37 60 "A"
7 -6 50 37 61 "A"
7 2 10 37 62 "F"
7 4 10 37 63 "F"
7 -36 10 37 64 "F"
7 -12 50 37 65 "A"
7 -3 10 37 66 "F"
7 -3 10 37 67 "F"
7 -3 10 37 68 "F"
7 -6 50 37 69 "A"
7 -6 50 37 70 "A"
7 -15 50 37 71 "A"
7 -3 10 37 72 "F"
7 -9 10 37 73 "F"
7 -6 50 37 74 "A"
7 -12 50 37 75 "A"
7 -6 50 37 76 "A"
7 -9 10 37 77 "F"
7 -3 20 37 78 "V"
7 5 10 37 79 "F"
7 -9 10 37 80 "F"
7 3 50 37 81 "A"
7 4 10 37 82 "F"
7 -3 10 37 83 "F"
7 2 10 37 84 "F"
7 -6 50 37 85 "A"
7 1 50 37 86 "A"
7 -9 10 37 87 "F"
7 2 10 37 88 "F"
7 -12 40 37 89 "R"
7 2 10 37 90 "F"
7 -9 10 37 91 "F"
7 2 10 37 92 "F"
7 4 10 37 93 "F"
7 2 10 37 94 "F"
7 -3 10 37 95 "F"
7 -9 10 37 96 "F"
7 2 10 37 97 "F"
7 1 50 37 98 "A"
7 1 50 37 99 "A"
7 -3 10 37 100 "F"
7 2 10 37 101 "F"
7 4 10 37 102 "F"
7 4 10 37 103 "F"
7 -3 10 37 104 "F"
7 2 10 37 105 "F"
7 -3 10 37 106 "F"
7 3 50 37 107 "A"
7 -3 10 37 108 "F"
7 2 10 37 109 "F"
7 -3 10 37 110 "F"
7 -9 10 37 111 "F"
7 4 10 37 112 "F"
7 4 10 37 113 "F"
7 1 50 37 114 "A"
7 1 50 37 115 "A"
7 -6 50 37 116 "A"
7 2 10 37 117 "F"
7 2 10 37 118 "F"
7 -9 10 37 119 "F"
7 2 10 37 120 "F"
7 5 10 37 121 "F"
7 -3 10 38 1 "F"
7 2 10 38 2 "F"
7 -12 50 38 3 "A"
7 -6 50 38 4 "A"
7 -12 50 38 5 "A"
7 -3 10 38 6 "F"
7 -6 50 38 7 "A"
7 1 50 38 8 "A"
7 -9 10 38 9 "F"
7 -240 10 38 10 "F"
7 4 10 38 11 "F"
7 -6 50 38 12 "A"
7 12 50 38 13 "A"
7 1 50 38 14 "A"
7 -9 10 38 15 "F"
7 -6 50 38 16 "A"
7 -9 10 38 17 "F"
7 1 50 38 18 "A"
7 -36 10 38 19 "F"
7 -6 50 38 20 "A"
7 3 50 38 21 "A"
7 -3 10 38 22 "F"
7 12 50 38 23 "A"
7 2 40 38 24 "R"
7 -12 50 38 25 "A"
7 1 50 38 26 "A"
7 -6 50 38 27 "A"
7 1 50 38 28 "A"
7 -9 10 38 29 "F"
7 -3 10 38 30 "F"
7 4 10 38 31 "F"
7 3 50 38 32 "A"
7 -3 10 38 33 "F"
7 -3 10 38 34 "F"
7 -12 50 38 35 "A"
7 1 50 38 36 "A"
7 3 50 38 37 "A"
7 -3 10 38 38 "F"
7 -15 50 38 39 "A"
7 2 10 38 40 "F"
7 -9 10 38 41 "F"
7 1 50 38 42 "A"
7 2 10 38 43 "F"
7 -6 40 38 44 "R"
7 3 50 38 45 "A"
7 1 50 38 46 "A"
7 2 10 38 47 "F"
7 3 50 38 48 "A"
7 -15 50 38 49 "A"
7 -12 50 38 50 "A"
7 4 10 38 51 "F"
7 2 10 38 52 "F"
7 -36 20 38 53 "V"
7 -6 50 38 54 "A"
7 -3 10 38 55 "F"
7 1 50 38 56 "A"
7 2 40 38 57 "R"
7 1 50 38 58 "A"
7 3 50 38 59 "A"
7 2 10 38 60 "F"
7 -3 10 38 61 "F"
7 1 50 38 62 "A"
7 4 10 38 63 "F"
7 -3 10 38 64 "F"
7 -3 10 38 65 "F"
7 2 10 38 66 "F"
7 4 10 38 67 "F"
7 -6 50 38 68 "A"
7 12 50 38 69 "A"
7 4 10 38 70 "F"
7 -3 10 38 71 "F"
7 -3 10 38 72 "F"
7 -6 50 38 73 "A"
7 1 50 38 74 "A"
7 12 50 38 75 "A"
7 -6 50 38 76 "A"
7 -9 10 38 77 "F"
7 1 50 38 78 "A"
7 -12 50 38 79 "A"
7 -6 50 38 80 "A"
7 -6 50 38 81 "A"
7 -9 20 38 82 "V"
7 4 10 38 83 "F"
7 -3 20 38 84 "V"
7 2 10 38 85 "F"
7 -3 20 38 86 "V"
7 1 20 38 87 "V"
7 -36 10 38 88 "F"
7 -3 10 38 89 "F"
7 4 10 38 90 "F"
7 4 10 38 91 "F"
7 2 10 38 92 "F"
7 3 50 38 93 "A"
7 1 20 38 94 "V"
7 -12 50 38 95 "A"
7 1 50 38 96 "A"
7 -3 10 38 97 "F"
7 2 10 38 98 "F"
7 -3 10 38 99 "F"
7 2 10 38 100 "F"
7 4 10 38 101 "F"
7 2 10 38 102 "F"
7 5 10 38 103 "F"
7 2 10 38 104 "F"
7 12 50 38 105 "A"
7 -6 50 38 106 "A"
7 -3 10 38 107 "F"
7 -6 40 38 108 "R"
7 -15 50 38 109 "A"
7 2 10 38 110 "F"
7 -9 10 38 111 "F"
7 -6 50 38 112 "A"
7 -6 50 38 113 "A"
7 2 10 38 114 "F"
7 1 50 38 115 "A"
7 -6 50 38 116 "A"
7 3 50 38 117 "A"
7 1 50 38 118 "A"
7 -12 50 38 119 "A"
7 -6 50 38 120 "A"
7 -6 50 38 121 "A"
7 1 50 38 122 "A"
7 -9 10 38 123 "F"
7 1 50 38 124 "A"
7 -3 10 38 125 "F"
7 2 10 38 126 "F"
7 3 50 38 127 "A"
7 2 10 38 128 "F"
7 -12 50 38 129 "A"
7 -3 10 38 130 "F"
7 -9 10 38 131 "F"
7 2 10 38 132 "F"
7 -12 50 38 133 "A"
7 -3 10 38 134 "F"
7 -3 20 38 135 "V"
7 -3 10 38 136 "F"
7 4 10 38 137 "F"
7 1 50 38 138 "A"
7 -3 10 38 139 "F"
7 -3 10 38 140 "F"
7 4 10 38 141 "F"
7 3 50 38 142 "A"
7 3 50 38 143 "A"
7 1 50 38 144 "A"
7 -9 10 38 145 "F"
7 4 10 38 146 "F"
7 1 50 38 147 "A"
7 2 10 38 148 "F"
7 -36 10 38 149 "F"
7 -6 50 38 150 "A"
7 2 10 38 151 "F"
7 -3 10 38 152 "F"
7 -3 10 38 153 "F"
7 -3 10 38 154 "F"
7 2 10 38 155 "F"
7 -6 50 38 156 "A"
7 -6 50 38 157 "A"
7 -6 50 38 158 "A"
7 4 10 38 159 "F"
7 -3 10 38 160 "F"
7 -9 10 38 161 "F"
7 1 50 39 1 "A"
7 -3 10 39 2 "F"
7 4 10 39 3 "F"
7 3 50 39 4 "A"
7 5 10 39 5 "F"
7 -6 50 39 6 "A"
7 4 10 39 7 "F"
7 -3 10 39 8 "F"
7 4 10 39 9 "F"
7 1 50 39 10 "A"
7 -9 10 39 11 "F"
7 2 10 39 12 "F"
7 4 10 39 13 "F"
7 -3 10 39 14 "F"
7 -3 10 39 15 "F"
7 -6 50 39 16 "A"
7 -9 10 39 17 "F"
7 -6 50 39 18 "A"
7 -6 50 39 19 "A"
7 4 10 39 20 "F"
7 -36 10 39 21 "F"
7 -3 10 39 22 "F"
7 -6 50 39 23 "A"
7 12 50 39 24 "A"
7 3 50 39 25 "A"
7 2 10 39 26 "F"
7 4 10 39 27 "F"
7 -6 50 39 28 "A"
7 1 50 39 29 "A"
7 2 10 39 30 "F"
7 -12 50 39 31 "A"
7 -6 50 39 32 "A"
7 4 10 39 33 "F"
7 -12 50 39 34 "A"
7 2 10 39 35 "F"
7 2 40 39 36 "R"
7 -12 50 39 37 "A"
7 -6 50 39 38 "A"
7 -9 10 39 39 "F"
7 2 10 39 40 "F"
7 -9 10 39 41 "F"
7 -3 20 39 42 "V"
7 -12 50 39 43 "A"
7 1 50 39 44 "A"
7 2 10 39 45 "F"
7 -3 10 39 46 "F"
7 -36 10 39 47 "F"
7 2 10 39 48 "F"
7 2 10 39 49 "F"
7 -3 10 39 50 "F"
7 -6 50 39 51 "A"
7 -12 50 39 52 "A"
7 3 50 39 53 "A"
7 -3 10 39 54 "F"
7 -9 10 39 55 "F"
7 -12 50 39 56 "A"
7 -12 50 39 57 "A"
7 1 50 39 58 "A"
7 -6 50 39 59 "A"
7 80 50 39 60 "A"
7 -6 50 39 61 "A"
7 -3 10 39 62 "F"
7 4 10 39 63 "F"
7 -3 10 39 64 "F"
7 -3 10 40 1 "F"
7 1 50 40 2 "A"
7 -12 50 40 3 "A"
7 -3 10 40 4 "F"
7 -12 50 40 5 "A"
7 -6 50 40 6 "A"
7 -6 50 40 7 "A"
7 2 10 40 8 "F"
7 -9 10 40 9 "F"
7 -6 50 40 10 "A"
7 4 10 40 11 "F"
7 -3 10 40 12 "F"
7 12 50 40 13 "A"
7 2 10 40 14 "F"
7 -9 10 40 15 "F"
7 -6 50 40 16 "A"
7 -9 10 40 17 "F"
7 1 50 40 18 "A"
7 -15 50 40 19 "A"
7 -3 10 40 20 "F"
7 4 10 40 21 "F"
7 -3 10 40 22 "F"
7 5 10 40 23 "F"
7 2 10 40 24 "F"
7 -9 10 40 25 "F"
7 1 50 40 26 "A"
7 -6 50 40 27 "A"
7 2 10 40 28 "F"
7 -9 10 40 29 "F"
7 -6 40 40 30 "R"
7 4 10 40 31 "F"
7 4 10 40 32 "F"
7 -6 50 40 33 "A"
7 -3 10 40 34 "F"
7 -12 50 40 35 "A"
7 2 10 40 36 "F"
7 4 10 40 37 "F"
7 -3 10 40 38 "F"
7 -36 10 40 39 "F"
7 2 10 40 40 "F"
7 -9 10 40 41 "F"
7 1 50 40 42 "A"
7 1 50 40 43 "A"
7 -6 50 40 44 "A"
7 4 10 40 45 "F"
7 1 50 40 46 "A"
7 1 50 40 47 "A"
7 3 50 40 48 "A"
7 -15 50 40 49 "A"
7 -9 10 40 50 "F"
7 4 10 40 51 "F"
7 2 10 40 52 "F"
7 -36 10 40 53 "F"
7 -3 10 40 54 "F"
7 -6 50 40 55 "A"
7 2 10 40 56 "F"
7 2 10 40 57 "F"
7 1 50 40 58 "A"
7 3 50 40 59 "A"
7 2 10 40 60 "F"
7 -3 10 40 61 "F"
7 2 10 40 62 "F"
7 4 10 40 63 "F"
7 -3 10 40 64 "F"
7 -6 50 40 65 "A"
7 1 20 40 66 "V"
7 3 50 40 67 "A"
7 -3 10 40 68 "F"
7 12 50 40 69 "A"
7 3 50 40 70 "A"
7 -6 50 40 71 "A"
7 -6 50 40 72 "A"
7 -3 10 40 73 "F"
7 1 50 40 74 "A"
7 5 10 40 75 "F"
7 -3 10 40 76 "F"
7 -12 50 40 77 "A"
7 2 10 40 78 "F"
7 -12 50 40 79 "A"
7 -6 50 40 80 "A"
7 -3 10 40 81 "F"
7 -12 50 40 82 "A"
7 4 10 40 83 "F"
7 -3 10 40 84 "F"
7 1 50 40 85 "A"
7 -3 10 40 86 "F"
7 2 10 40 87 "F"
7 -15 50 40 88 "A"
7 -3 10 40 89 "F"
7 4 10 40 90 "F"
7 4 10 40 91 "F"
7 2 10 40 92 "F"
7 4 10 40 93 "F"
7 2 10 40 94 "F"
7 -9 10 40 95 "F"
7 2 10 40 96 "F"
7 -6 50 40 97 "A"
7 1 50 40 98 "A"
7 -3 10 40 99 "F"
7 2 10 40 100 "F"
7 3 50 40 101 "A"
7 1 50 40 102 "A"
7 12 50 40 103 "A"
7 1 50 40 104 "A"
7 5 10 40 105 "F"
7 -3 10 40 106 "F"
7 -3 10 40 107 "F"
7 -6 50 40 108 "A"
7 -36 10 40 109 "F"
7 2 10 40 110 "F"
7 -9 10 40 111 "F"
7 -3 10 40 112 "F"
7 -3 10 40 113 "F"
7 2 10 40 114 "F"
7 1 50 40 115 "A"
7 -6 50 40 116 "A"
7 3 50 40 117 "A"
7 2 10 40 118 "F"
7 -9 10 40 119 "F"
7 -3 10 40 120 "F"
7 -3 10 40 121 "F"
7 1 50 40 122 "A"
7 -9 10 40 123 "F"
7 2 10 40 124 "F"
7 -6 50 40 125 "A"
7 1 50 40 126 "A"
7 4 10 40 127 "F"
7 2 10 40 128 "F"
7 -9 10 40 129 "F"
7 -3 10 40 130 "F"
7 -9 10 40 131 "F"
7 2 10 40 132 "F"
7 -12 50 40 133 "A"
7 -6 50 40 134 "A"
7 -3 10 40 135 "F"
7 -6 50 40 136 "A"
7 4 10 40 137 "F"
7 1 50 40 138 "A"
7 -6 50 40 139 "A"
7 -6 50 40 140 "A"
7 4 10 40 141 "F"
7 3 50 40 142 "A"
7 4 10 40 143 "F"
7 2 10 40 144 "F"
7 -9 10 40 145 "F"
7 4 10 40 146 "F"
7 2 10 40 147 "F"
7 2 10 40 148 "F"
7 -36 10 40 149 "F"
7 -3 10 40 150 "F"
7 -12 50 41 1 "A"
7 1 50 41 2 "A"
7 -3 10 41 3 "F"
7 -12 50 41 4 "A"
7 -6 50 41 5 "A"
7 -3 10 41 6 "F"
7 -15 50 41 7 "A"
7 2 10 41 8 "F"
7 4 10 41 9 "F"
7 2 10 41 10 "F"
7 -9 10 41 11 "F"
7 3 50 41 12 "A"
7 3 50 41 13 "A"
7 2 10 41 14 "F"
7 2 10 41 15 "F"
7 4 10 41 16 "F"
7 -9 10 41 17 "F"
7 -6 50 41 18 "A"
7 12 50 41 19 "A"
7 -9 10 41 20 "F"
7 2 10 41 21 "F"
7 2 10 41 22 "F"
7 -3 10 41 23 "F"
7 3 50 41 24 "A"
7 3 50 41 25 "A"
7 1 50 41 26 "A"
7 -15 50 41 27 "A"
7 -3 10 41 28 "F"
7 -12 50 41 29 "A"
7 -3 10 41 30 "F"
7 -9 10 41 31 "F"
7 1 50 41 32 "A"
7 -9 10 41 33 "F"
7 1 50 41 34 "A"
7 -3 10 41 35 "F"
7 1 50 41 36 "A"
7 -12 50 41 37 "A"
7 -12 50 41 38 "A"
7 1 50 41 39 "A"
7 2 10 41 40 "F"
7 -9 10 41 41 "F"
7 -3 20 41 42 "V"
7 -9 10 41 43 "F"
7 -12 40 41 44 "R"
7 -12 50 41 45 "A"
7 1 50 41 46 "A"
7 3 50 41 47 "A"
7 3 50 41 48 "A"
7 2 10 41 49 "F"
7 2 10 41 50 "F"
7 -9 10 41 51 "F"
7 -3 10 41 52 "F"
7 2 10 41 53 "F"
7 -3 10 41 54 "F"
7 -6 50 41 55 "A"
7 1 20 41 56 "V"
7 -9 10 41 57 "F"
7 2 10 41 58 "F"
7 -9 10 41 59 "F"
7 2 40 41 60 "R"
7 -9 10 41 61 "F"
7 3 50 41 62 "A"
7 3 50 41 63 "A"
7 2 10 41 64 "F"
7 2 10 41 65 "F"
7 2 10 41 66 "F"
7 2 10 41 67 "F"
7 -3 10 41 68 "F"
7 -6 50 41 69 "A"
7 2 10 41 70 "F"
7 -3 10 41 71 "F"
7 2 10 41 72 "F"
7 -9 10 41 73 "F"
7 3 50 41 74 "A"
7 -15 50 41 75 "A"
7 -9 20 41 76 "V"
7 -36 10 41 77 "F"
7 -3 10 41 78 "F"
7 1 50 41 79 "A"
7 1 50 41 80 "A"
7 -12 50 41 81 "A"
7 -3 10 41 82 "F"
7 2 10 41 83 "F"
7 -3 10 41 84 "F"
7 -12 50 41 85 "A"
7 1 50 41 86 "A"
7 -15 50 41 87 "A"
7 2 10 41 88 "F"
7 -3 10 41 89 "F"
7 1 50 41 90 "A"
7 -6 50 41 91 "A"
7 -3 10 41 92 "F"
7 -9 10 41 93 "F"
7 -6 50 41 94 "A"
7 5 10 41 95 "F"
7 -9 10 41 96 "F"
7 -6 50 41 97 "A"
7 2 10 41 98 "F"
7 4 10 41 99 "F"
7 -3 10 41 100 "F"
7 3 50 41 101 "A"
7 1 50 41 102 "A"
7 1 50 41 103 "A"
7 1 50 41 104 "A"
7 12 50 41 105 "A"
7 -6 50 41 106 "A"
7 4 10 41 107 "F"
7 -3 10 41 108 "F"
7 3 50 41 109 "A"
7 -6 50 41 110 "A"
7 -3 10 41 111 "F"
7 -3 10 41 112 "F"
7 5 10 41 113 "F"
7 2 10 41 114 "F"
7 -36 10 41 115 "F"
7 1 20 41 116 "V"
7 4 10 41 117 "F"
7 -3 10 41 118 "F"
7 3 50 41 119 "A"
7 -6 50 41 120 "A"
7 2 10 41 121 "F"
7 2 10 41 122 "F"
7 -3 10 41 123 "F"
7 -6 50 41 124 "A"
7 -9 10 41 125 "F"
7 -6 50 41 126 "A"
7 -36 20 41 127 "V"
7 -3 10 41 128 "F"
7 -3 10 41 129 "F"
7 -3 10 41 130 "F"
7 -12 50 41 131 "A"
7 -3 10 41 132 "F"
7 -9 10 41 133 "F"
7 -6 50 41 134 "A"
7 -9 10 41 135 "F"
7 1 50 41 136 "A"
7 12 50 41 137 "A"
7 2 10 41 138 "F"
7 -9 10 41 139 "F"
7 1 50 41 140 "A"
7 -12 50 41 141 "A"
7 4 10 41 142 "F"
7 -36 10 41 143 "F"
7 -3 10 41 144 "F"
7 -12 50 41 145 "A"
7 4 40 41 146 "R"
7 1 50 41 147 "A"
7 3 50 41 148 "A"
