"rat" "reward" "trou" "session" "round" "choice"
8 -12 20 1 1 "V"
8 1 10 1 2 "F"
8 -3 50 1 3 "A"
8 -9 40 1 4 "R"
8 -6 20 1 5 "V"
8 -6 20 1 6 "V"
8 -36 50 1 7 "A"
8 2 20 1 8 "V"
8 4 50 1 9 "A"
8 2 50 1 10 "A"
8 -9 40 1 11 "R"
8 4 20 1 12 "V"
8 4 50 1 13 "A"
8 2 50 1 14 "A"
8 2 50 1 15 "A"
8 4 50 1 16 "A"
8 -9 50 1 17 "A"
8 -6 20 1 18 "V"
8 5 20 1 19 "V"
8 -9 50 1 20 "A"
8 2 50 1 21 "A"
8 2 20 1 22 "V"
8 -3 50 1 23 "A"
8 4 20 1 24 "V"
8 4 50 1 25 "A"
8 2 50 1 26 "A"
8 -36 40 1 27 "R"
8 -3 40 1 28 "R"
8 -12 20 1 29 "V"
8 -6 20 1 30 "V"
8 -12 20 1 31 "V"
8 1 10 1 32 "F"
8 -9 50 1 33 "A"
8 1 10 1 34 "F"
8 -3 50 1 35 "A"
8 1 10 1 36 "F"
8 -9 50 1 37 "A"
8 -12 20 1 38 "V"
8 2 20 1 39 "V"
8 2 50 1 40 "A"
8 -9 50 1 41 "A"
8 -6 20 1 42 "V"
8 -12 10 1 43 "F"
8 -9 50 1 44 "A"
8 -12 20 1 45 "V"
8 2 50 1 46 "A"
8 4 50 1 47 "A"
8 4 50 1 48 "A"
8 2 50 1 49 "A"
8 2 50 1 50 "A"
8 -9 50 1 51 "A"
8 -6 20 1 52 "V"
8 1 10 1 53 "F"
8 -3 50 1 54 "A"
8 -6 10 1 55 "F"
8 2 50 1 56 "A"
8 -9 50 1 57 "A"
8 1 40 1 58 "R"
8 -9 50 1 59 "A"
8 1 10 1 60 "F"
8 -12 20 1 61 "V"
8 4 50 1 62 "A"
8 4 50 1 63 "A"
8 2 50 1 64 "A"
8 2 50 1 65 "A"
8 2 50 1 66 "A"
8 2 50 1 67 "A"
8 -3 50 1 68 "A"
8 -3 40 1 69 "R"
8 2 20 1 70 "V"
8 -3 50 1 71 "A"
8 1 10 1 72 "F"
8 -12 20 1 73 "V"
8 4 20 1 74 "V"
8 -36 50 1 75 "A"
8 -12 20 1 76 "V"
8 -15 20 1 77 "V"
8 -6 10 1 78 "F"
8 1 10 1 79 "F"
8 2 50 1 80 "A"
8 -9 50 1 81 "A"
8 -6 20 1 82 "V"
8 1 10 1 83 "F"
8 -3 50 1 84 "A"
8 -12 10 1 85 "F"
8 2 20 1 86 "V"
8 -36 50 1 87 "A"
8 1 10 1 88 "F"
8 -6 20 1 89 "V"
8 1 40 1 90 "R"
8 -3 50 1 91 "A"
8 -3 50 1 92 "A"
8 -12 10 1 93 "F"
8 -6 20 1 94 "V"
8 12 10 1 95 "F"
8 -9 50 1 96 "A"
8 -6 10 1 97 "F"
8 1 10 1 98 "F"
8 3 40 1 99 "R"
8 -3 50 1 100 "A"
8 3 10 1 101 "F"
8 2 50 1 102 "A"
8 2 50 1 103 "A"
8 2 50 1 104 "A"
8 12 40 1 105 "R"
8 -3 50 1 106 "A"
8 3 10 1 107 "F"
8 -3 50 1 108 "A"
8 3 10 1 109 "F"
8 -3 50 1 110 "A"
8 -6 10 1 111 "F"
8 -6 10 1 112 "F"
8 12 10 1 113 "F"
8 1 40 1 114 "R"
8 -36 50 1 115 "A"
8 2 20 1 116 "V"
8 3 40 1 117 "R"
8 -3 40 1 118 "R"
8 3 10 1 119 "F"
8 -3 40 1 120 "R"
8 -6 10 2 1 "F"
8 1 10 2 2 "F"
8 12 40 2 3 "R"
8 -6 20 2 4 "V"
8 -12 10 2 5 "F"
8 -3 50 2 6 "A"
8 -9 40 2 7 "R"
8 -6 10 2 8 "F"
8 12 10 2 9 "F"
8 2 50 2 10 "A"
8 4 50 2 11 "A"
8 2 50 2 12 "A"
8 4 50 2 13 "A"
8 -3 50 2 14 "A"
8 -12 10 2 15 "F"
8 1 10 2 16 "F"
8 -36 40 2 17 "R"
8 2 50 2 18 "A"
8 4 20 2 19 "V"
8 -3 50 2 20 "A"
8 -15 10 2 21 "F"
8 -12 10 2 22 "F"
8 3 10 2 23 "F"
8 -3 50 2 24 "A"
8 12 40 2 25 "R"
8 -9 50 2 26 "A"
8 3 10 2 27 "F"
8 -3 50 2 28 "A"
8 3 10 2 29 "F"
8 2 50 2 30 "A"
8 -9 50 2 31 "A"
8 -6 10 2 32 "F"
8 -12 10 2 33 "F"
8 1 10 2 34 "F"
8 12 40 2 35 "R"
8 4 20 2 36 "V"
8 4 50 2 37 "A"
8 -3 50 2 38 "A"
8 3 10 2 39 "F"
8 2 50 2 40 "A"
8 5 20 2 41 "V"
8 2 50 2 42 "A"
8 2 20 2 43 "V"
8 2 50 2 44 "A"
8 -6 20 2 45 "V"
8 -6 10 2 46 "F"
8 -6 10 2 47 "F"
8 1 10 2 48 "F"
8 -36 50 2 49 "A"
8 1 10 2 50 "F"
8 2 50 2 51 "A"
8 2 20 2 52 "V"
8 4 50 2 53 "A"
8 2 20 2 54 "V"
8 2 50 2 55 "A"
8 -12 20 2 56 "V"
8 1 10 2 57 "F"
8 4 50 2 58 "A"
8 -6 10 2 59 "F"
8 -6 10 2 60 "F"
8 -12 10 2 61 "F"
8 -6 10 2 62 "F"
8 2 50 2 63 "A"
8 -6 10 2 64 "F"
8 4 50 2 65 "A"
8 2 20 2 66 "V"
8 -9 50 2 67 "A"
8 1 10 2 68 "F"
8 -9 50 2 69 "A"
8 1 10 2 70 "F"
8 -3 50 2 71 "A"
8 1 10 2 72 "F"
8 4 50 2 73 "A"
8 -12 20 2 74 "V"
8 -12 10 2 75 "F"
8 -6 10 2 76 "F"
8 -12 10 2 77 "F"
8 -6 20 2 78 "V"
8 -12 10 2 79 "F"
8 -3 50 2 80 "A"
8 -9 50 2 81 "A"
8 -3 50 2 82 "A"
8 3 40 2 83 "R"
8 -6 20 2 84 "V"
8 -3 40 2 85 "R"
8 -12 10 2 86 "F"
8 -6 10 2 87 "F"
8 -6 10 2 88 "F"
8 -15 10 2 89 "F"
8 2 20 2 90 "V"
8 -36 50 2 91 "A"
8 2 50 2 92 "A"
8 -6 10 2 93 "F"
8 3 40 2 94 "R"
8 -9 50 2 95 "A"
8 1 10 3 1 "F"
8 -3 50 3 2 "A"
8 3 40 3 3 "R"
8 3 10 3 4 "F"
8 5 50 3 5 "A"
8 -6 20 3 6 "V"
8 3 10 3 7 "F"
8 -3 50 3 8 "A"
8 3 10 3 9 "F"
8 2 50 3 10 "A"
8 -12 10 3 11 "F"
8 2 50 3 12 "A"
8 3 10 3 13 "F"
8 -3 50 3 14 "A"
8 -6 10 3 15 "F"
8 -6 10 3 16 "F"
8 -12 10 3 17 "F"
8 -3 50 3 18 "A"
8 -6 10 3 19 "F"
8 4 50 3 20 "A"
8 -36 50 3 21 "A"
8 -3 40 3 22 "R"
8 -3 50 3 23 "A"
8 12 10 3 24 "F"
8 4 50 3 25 "A"
8 2 50 3 26 "A"
8 4 20 3 27 "V"
8 -3 50 3 28 "A"
8 1 10 3 29 "F"
8 2 50 3 30 "A"
8 -12 10 3 31 "F"
8 -6 10 3 32 "F"
8 3 10 3 33 "F"
8 -9 50 3 34 "A"
8 1 10 3 35 "F"
8 2 50 3 36 "A"
8 -12 10 3 37 "F"
8 -6 10 3 38 "F"
8 -12 10 3 39 "F"
8 2 50 3 40 "A"
8 -12 20 3 41 "V"
8 -6 10 3 42 "F"
8 -12 10 3 43 "F"
8 2 20 3 44 "V"
8 2 50 3 45 "A"
8 -6 10 3 46 "F"
8 -15 10 3 47 "F"
8 2 20 3 48 "V"
8 2 50 3 49 "A"
8 -6 20 3 50 "V"
8 -6 10 3 51 "F"
8 -9 50 3 52 "A"
8 3 10 3 53 "F"
8 -3 50 3 54 "A"
8 -12 10 3 55 "F"
8 -12 10 3 56 "F"
8 -9 50 3 57 "A"
8 2 20 3 58 "V"
8 -3 50 3 59 "A"
8 1 10 3 60 "F"
8 -3 50 3 61 "A"
8 -6 10 3 62 "F"
8 3 10 3 63 "F"
8 -3 50 3 64 "A"
8 3 40 3 65 "R"
8 1 10 3 66 "F"
8 -6 20 3 67 "V"
8 4 50 3 68 "A"
8 -12 10 3 69 "F"
8 2 50 3 70 "A"
8 4 20 3 71 "V"
8 -3 50 3 72 "A"
8 3 10 3 73 "F"
8 2 50 3 74 "A"
8 4 20 3 75 "V"
8 -9 50 3 76 "A"
8 -12 20 3 77 "V"
8 1 10 3 78 "F"
8 2 50 3 79 "A"
8 2 20 3 80 "V"
8 -9 50 3 81 "A"
8 -6 10 3 82 "F"
8 -12 10 3 83 "F"
8 -3 50 3 84 "A"
8 -12 20 3 85 "V"
8 -12 10 3 86 "F"
8 -6 10 3 87 "F"
8 3 10 3 88 "F"
8 5 50 3 89 "A"
8 2 50 3 90 "A"
8 2 50 3 91 "A"
8 -6 20 3 92 "V"
8 -9 40 3 93 "R"
8 1 10 3 94 "F"
8 2 50 3 95 "A"
8 -6 10 3 96 "F"
8 3 10 3 97 "F"
8 2 50 3 98 "A"
8 4 20 3 99 "V"
8 2 50 3 100 "A"
8 -36 50 3 101 "A"
8 2 50 3 102 "A"
8 3 40 3 103 "R"
8 -3 50 3 104 "A"
8 3 10 3 105 "F"
8 -3 50 3 106 "A"
8 -12 10 3 107 "F"
8 1 40 3 108 "R"
8 3 40 3 109 "R"
8 1 40 3 110 "R"
8 -3 50 3 111 "A"
8 -12 10 3 112 "F"
8 -3 40 3 113 "R"
8 -6 10 3 114 "F"
8 4 50 3 115 "A"
8 1 40 3 116 "R"
8 4 50 3 117 "A"
8 4 20 3 118 "V"
8 -9 50 3 119 "A"
8 2 50 3 120 "A"
8 3 40 3 121 "R"
8 -3 40 3 122 "R"
8 -12 20 3 123 "V"
8 -6 20 3 124 "V"
8 -15 10 3 125 "F"
8 -6 10 3 126 "F"
8 -6 10 3 127 "F"
8 -3 50 3 128 "A"
8 -6 20 3 129 "V"
8 2 20 3 130 "V"
8 4 50 3 131 "A"
8 -3 40 3 132 "R"
8 -6 10 3 133 "F"
8 -15 10 3 134 "F"
8 4 50 3 135 "A"
8 1 40 3 136 "R"
8 -3 50 3 137 "A"
8 -6 10 3 138 "F"
8 12 40 3 139 "R"
8 2 50 3 140 "A"
8 -3 40 3 141 "R"
8 1 40 3 142 "R"
8 1 40 3 143 "R"
8 -3 40 3 144 "R"
8 5 20 3 145 "V"
8 -3 50 3 146 "A"
8 -9 50 3 147 "A"
8 1 10 3 148 "F"
8 -3 50 3 149 "A"
8 -6 20 3 150 "V"
8 -12 20 4 1 "V"
8 2 50 4 2 "A"
8 -9 40 4 3 "R"
8 -6 10 4 4 "F"
8 -12 10 4 5 "F"
8 -3 50 4 6 "A"
8 -12 10 4 7 "F"
8 -6 10 4 8 "F"
8 -15 10 4 9 "F"
8 -6 10 4 10 "F"
8 2 20 4 11 "V"
8 2 50 4 12 "A"
8 4 50 4 13 "A"
8 -3 50 4 14 "A"
8 4 20 4 15 "V"
8 2 50 4 16 "A"
8 4 50 4 17 "A"
8 1 40 4 18 "R"
8 -36 50 4 19 "A"
8 -6 10 4 20 "F"
8 -9 50 4 21 "A"
8 -6 20 4 22 "V"
8 2 50 4 23 "A"
8 2 50 4 24 "A"
8 4 50 4 25 "A"
8 -9 50 4 26 "A"
8 -12 10 4 27 "F"
8 -3 40 4 28 "R"
8 4 50 4 29 "A"
8 -3 50 4 30 "A"
8 -9 50 4 31 "A"
8 -15 10 4 32 "F"
8 5 20 4 33 "V"
8 -3 50 4 34 "A"
8 2 50 4 35 "A"
8 -3 50 4 36 "A"
8 1 10 4 37 "F"
8 4 50 4 38 "A"
8 2 50 4 39 "A"
8 2 50 4 40 "A"
8 -3 50 4 41 "A"
8 -6 10 4 42 "F"
8 -6 10 4 43 "F"
8 2 50 4 44 "A"
8 -3 50 4 45 "A"
8 -6 10 4 46 "F"
8 -12 20 4 47 "V"
8 -12 10 4 48 "F"
8 -6 10 4 49 "F"
8 -6 10 4 50 "F"
8 4 50 4 51 "A"
8 2 50 4 52 "A"
8 5 50 4 53 "A"
8 -3 50 4 54 "A"
8 -12 10 4 55 "F"
8 1 10 4 56 "F"
8 -9 50 4 57 "A"
8 1 10 4 58 "F"
8 -3 50 4 59 "A"
8 80 10 4 60 "F"
8 -9 50 4 61 "A"
8 2 50 4 62 "A"
8 4 50 4 63 "A"
8 -3 40 4 64 "R"
8 4 50 4 65 "A"
8 1 40 4 66 "R"
8 -9 50 4 67 "A"
8 1 10 4 68 "F"
8 4 50 4 69 "A"
8 -3 50 4 70 "A"
8 1 10 4 71 "F"
8 -3 50 4 72 "A"
8 -9 50 4 73 "A"
8 -6 20 4 74 "V"
8 -36 50 4 75 "A"
8 1 40 4 76 "R"
8 -9 50 4 77 "A"
8 2 50 4 78 "A"
8 -9 50 4 79 "A"
8 2 50 4 80 "A"
8 -9 40 4 81 "R"
8 -3 50 4 82 "A"
8 3 10 4 83 "F"
8 2 50 4 84 "A"
8 4 50 4 85 "A"
8 -3 50 4 86 "A"
8 -12 20 4 87 "V"
8 2 50 4 88 "A"
8 -3 50 4 89 "A"
8 -6 10 4 90 "F"
8 -12 10 4 91 "F"
8 -6 20 4 92 "V"
8 12 40 4 93 "R"
8 2 50 4 94 "A"
8 -9 50 4 95 "A"
8 -6 10 4 96 "F"
8 5 20 4 97 "V"
8 -3 40 4 98 "R"
8 -6 20 4 99 "V"
8 -6 10 4 100 "F"
8 -15 10 4 101 "F"
8 -6 20 4 102 "V"
8 -12 10 4 103 "F"
8 1 10 5 1 "F"
8 -3 50 5 2 "A"
8 -12 10 5 3 "F"
8 4 50 5 4 "A"
8 -3 50 5 5 "A"
8 1 10 5 6 "F"
8 -9 50 5 7 "A"
8 2 50 5 8 "A"
8 -9 40 5 9 "R"
8 1 10 5 10 "F"
8 -36 50 5 11 "A"
8 -3 40 5 12 "R"
8 -9 50 5 13 "A"
8 3 10 5 14 "F"
8 -3 50 5 15 "A"
8 1 10 5 16 "F"
8 4 50 5 17 "A"
8 1 40 5 18 "R"
8 4 50 5 19 "A"
8 -9 40 5 20 "R"
8 -12 10 5 21 "F"
8 2 20 5 22 "V"
8 -9 50 5 23 "A"
8 -12 10 5 24 "F"
8 4 20 5 25 "V"
8 2 50 5 26 "A"
8 -3 40 5 27 "R"
8 -6 10 5 28 "F"
8 -9 50 5 29 "A"
8 -6 10 5 30 "F"
8 -6 10 5 31 "F"
8 -6 10 5 32 "F"
8 -3 50 5 33 "A"
8 3 10 5 34 "F"
8 -3 40 5 35 "R"
8 -6 10 5 36 "F"
8 -12 20 5 37 "V"
8 3 10 5 38 "F"
8 5 50 5 39 "A"
8 -3 40 5 40 "R"
8 -6 10 5 41 "F"
8 1 40 5 42 "R"
8 -9 50 5 43 "A"
8 -3 40 5 44 "R"
8 3 10 5 45 "F"
8 -3 50 5 46 "A"
8 1 40 5 47 "R"
8 -3 50 5 48 "A"
8 -12 10 5 49 "F"
8 2 50 5 50 "A"
8 -9 40 5 51 "R"
8 -3 50 5 52 "A"
8 2 20 5 53 "V"
8 -3 50 5 54 "A"
8 4 20 5 55 "V"
8 2 50 5 56 "A"
8 4 50 5 57 "A"
8 1 40 5 58 "R"
8 3 40 5 59 "R"
8 80 40 5 60 "R"
8 -15 10 5 61 "F"
8 2 20 5 62 "V"
8 -3 50 5 63 "A"
8 1 10 5 64 "F"
8 -9 50 5 65 "A"
8 -6 20 5 66 "V"
8 -15 10 5 67 "F"
8 -6 10 5 68 "F"
8 1 10 5 69 "F"
8 -3 50 5 70 "A"
8 3 10 5 71 "F"
8 4 50 5 72 "A"
8 -36 40 5 73 "R"
8 -6 20 5 74 "V"
8 1 10 5 75 "F"
8 -9 50 5 76 "A"
8 -6 10 5 77 "F"
8 -6 10 5 78 "F"
8 -6 10 5 79 "F"
8 2 50 5 80 "A"
8 3 40 5 81 "R"
8 -3 50 5 82 "A"
8 3 10 5 83 "F"
8 -3 50 5 84 "A"
8 -36 50 5 85 "A"
8 -6 20 5 86 "V"
8 -6 10 5 87 "F"
8 -6 10 5 88 "F"
8 -12 10 5 89 "F"
8 1 40 5 90 "R"
8 5 50 5 91 "A"
8 1 40 5 92 "R"
8 -9 50 5 93 "A"
8 -12 10 5 94 "F"
8 1 10 5 95 "F"
8 -9 50 5 96 "A"
8 3 10 5 97 "F"
8 2 50 5 98 "A"
8 -36 50 5 99 "A"
8 -3 50 5 100 "A"
8 1 10 5 101 "F"
8 -3 50 5 102 "A"
8 -15 10 5 103 "F"
8 1 40 5 104 "R"
8 -9 50 5 105 "A"
8 1 10 5 106 "F"
8 4 50 5 107 "A"
8 -3 40 5 108 "R"
8 -6 10 5 109 "F"
8 -6 10 5 110 "F"
8 1 10 5 111 "F"
8 -3 50 5 112 "A"
8 -15 10 5 113 "F"
8 1 10 5 114 "F"
8 -9 50 5 115 "A"
8 -12 10 5 116 "F"
8 -15 10 5 117 "F"
8 -9 50 5 118 "A"
8 -12 20 5 119 "V"
8 2 20 5 120 "V"
8 -9 50 5 121 "A"
8 -3 50 5 122 "A"
8 -12 10 5 123 "F"
8 -6 10 5 124 "F"
8 -9 50 5 125 "A"
8 2 20 5 126 "V"
8 2 50 5 127 "A"
8 2 50 5 128 "A"
8 -9 50 5 129 "A"
8 1 10 5 130 "F"
8 4 50 5 131 "A"
8 3 10 6 1 "F"
8 -3 40 6 2 "R"
8 -12 10 6 3 "F"
8 -12 10 6 4 "F"
8 3 10 6 5 "F"
8 2 50 6 6 "A"
8 3 40 6 7 "R"
8 -3 40 6 8 "R"
8 3 10 6 9 "F"
8 -240 50 6 10 "A"
8 -9 40 6 11 "R"
8 1 10 6 12 "F"
8 4 50 6 13 "A"
8 -3 40 6 14 "R"
8 -15 10 6 15 "F"
8 1 40 6 16 "R"
8 -3 50 6 17 "A"
8 -12 10 6 18 "F"
8 -12 10 6 19 "F"
8 -3 50 6 20 "A"
8 1 40 6 21 "R"
8 2 50 6 22 "A"
8 12 40 6 23 "R"
8 2 50 6 24 "A"
8 1 40 6 25 "R"
8 2 50 6 26 "A"
8 1 40 6 27 "R"
8 -3 50 6 28 "A"
8 1 10 6 29 "F"
8 -9 40 6 30 "R"
8 4 50 6 31 "A"
8 -3 50 6 32 "A"
8 -12 10 6 33 "F"
8 1 40 6 34 "R"
8 -36 50 6 35 "A"
8 -6 10 6 36 "F"
8 3 40 6 37 "R"
8 -3 40 6 38 "R"
8 -12 20 6 39 "V"
8 -3 40 6 40 "R"
8 -6 10 6 41 "F"
8 2 50 6 42 "A"
8 3 40 6 43 "R"
8 -3 40 6 44 "R"
8 -15 10 6 45 "F"
8 2 20 6 46 "V"
8 -36 50 6 47 "A"
8 -6 20 6 48 "V"
8 -12 10 6 49 "F"
8 -6 10 6 50 "F"
8 -12 10 6 51 "F"
8 1 40 6 52 "R"
8 4 50 6 53 "A"
8 3 40 6 54 "R"
8 -3 50 6 55 "A"
8 -6 20 6 56 "V"
8 -12 10 6 57 "F"
8 1 10 6 58 "F"
8 4 50 6 59 "A"
8 2 50 6 60 "A"
8 -3 40 6 61 "R"
8 1 10 6 62 "F"
8 4 50 6 63 "A"
8 -36 50 6 64 "A"
8 -9 40 6 65 "R"
8 -6 10 6 66 "F"
8 -6 10 6 67 "F"
8 -6 10 6 68 "F"
8 -6 10 6 69 "F"
8 -3 50 6 70 "A"
8 -15 20 6 71 "V"
8 -6 20 6 72 "V"
8 -9 50 6 73 "A"
8 -6 20 6 74 "V"
8 -9 50 6 75 "A"
8 -6 10 6 76 "F"
8 -12 10 6 77 "F"
8 -6 10 6 78 "F"
8 12 10 6 79 "F"
8 -9 50 6 80 "A"
8 3 10 6 81 "F"
8 4 50 6 82 "A"
8 -3 50 6 83 "A"
8 1 10 6 84 "F"
8 -3 50 6 85 "A"
8 1 10 6 86 "F"
8 -9 50 6 87 "A"
8 2 50 6 88 "A"
8 -9 40 6 89 "R"
8 1 10 6 90 "F"
8 -9 50 6 91 "A"
8 1 10 6 92 "F"
8 4 50 6 93 "A"
8 1 40 6 94 "R"
8 -3 50 6 95 "A"
8 -9 40 6 96 "R"
8 1 10 6 97 "F"
8 2 50 6 98 "A"
8 2 20 6 99 "V"
8 -3 50 6 100 "A"
8 1 10 6 101 "F"
8 4 50 6 102 "A"
8 3 40 6 103 "R"
8 -3 40 6 104 "R"
8 1 10 6 105 "F"
8 -3 50 6 106 "A"
8 3 10 6 107 "F"
8 -3 40 6 108 "R"
8 1 10 6 109 "F"
8 -3 50 6 110 "A"
8 -12 10 6 111 "F"
8 4 20 6 112 "V"
8 4 50 6 113 "A"
8 2 50 6 114 "A"
8 1 40 6 115 "R"
8 -3 50 6 116 "A"
8 2 50 6 117 "A"
8 1 40 6 118 "R"
8 -9 50 6 119 "A"
8 1 10 6 120 "F"
8 5 50 6 121 "A"
8 1 40 6 122 "R"
8 -3 50 6 123 "A"
8 1 10 6 124 "F"
8 2 50 6 125 "A"
8 1 40 6 126 "R"
8 -9 50 6 127 "A"
8 2 20 6 128 "V"
8 -9 50 6 129 "A"
8 -6 20 7 1 "V"
8 1 10 7 2 "F"
8 2 50 7 3 "A"
8 -6 20 7 4 "V"
8 -12 10 7 5 "F"
8 1 10 7 6 "F"
8 -9 50 7 7 "A"
8 -3 50 7 8 "A"
8 -12 10 7 9 "F"
8 80 10 7 10 "F"
8 -3 50 7 11 "A"
8 1 10 7 12 "F"
8 -9 50 7 13 "A"
8 -6 10 7 14 "F"
8 4 50 7 15 "A"
8 1 40 7 16 "R"
8 2 50 7 17 "A"
8 1 40 7 18 "R"
8 -9 50 7 19 "A"
8 -6 10 7 20 "F"
8 1 10 7 21 "F"
8 2 50 7 22 "A"
8 4 50 7 23 "A"
8 -9 40 7 24 "R"
8 4 50 7 25 "A"
8 2 50 7 26 "A"
8 5 50 7 27 "A"
8 -3 50 7 28 "A"
8 3 10 7 29 "F"
8 -3 50 7 30 "A"
8 -15 10 7 31 "F"
8 -6 10 7 32 "F"
8 -12 10 7 33 "F"
8 1 10 7 34 "F"
8 -9 50 7 35 "A"
8 -6 10 7 36 "F"
8 -12 10 7 37 "F"
8 -6 10 7 38 "F"
8 -3 50 7 39 "A"
8 2 20 7 40 "V"
8 -3 50 7 41 "A"
8 1 10 7 42 "F"
8 -36 50 7 43 "A"
8 3 10 7 44 "F"
8 -3 50 7 45 "A"
8 -12 10 7 46 "F"
8 1 10 7 47 "F"
8 2 50 7 48 "A"
8 -3 50 7 49 "A"
8 1 10 7 50 "F"
8 -9 50 7 51 "A"
8 2 50 7 52 "A"
8 2 20 7 53 "V"
8 2 50 7 54 "A"
8 1 10 7 55 "F"
8 2 50 7 56 "A"
8 1 10 7 57 "F"
8 4 50 7 58 "A"
8 -9 50 7 59 "A"
8 1 10 7 60 "F"
8 -9 50 7 61 "A"
8 3 10 7 62 "F"
8 -9 50 7 63 "A"
8 -6 10 7 64 "F"
8 1 10 7 65 "F"
8 2 50 7 66 "A"
8 -6 20 7 67 "V"
8 -6 10 7 68 "F"
8 -6 10 7 69 "F"
8 2 20 7 70 "V"
8 5 50 7 71 "A"
8 4 50 7 72 "A"
8 -9 50 7 73 "A"
8 -3 40 7 74 "R"
8 12 10 7 75 "F"
8 -3 50 7 76 "A"
8 -6 10 7 77 "F"
8 -6 10 7 78 "F"
8 2 50 7 79 "A"
8 2 50 7 80 "A"
8 -3 40 7 81 "R"
8 -12 10 7 82 "F"
8 4 50 7 83 "A"
8 1 40 7 84 "R"
8 -3 50 7 85 "A"
8 -3 50 7 86 "A"
8 -15 10 7 87 "F"
8 -3 40 7 88 "R"
8 -12 20 7 89 "V"
8 -6 10 7 90 "F"
8 -12 20 7 91 "V"
8 2 50 7 92 "A"
8 2 50 7 93 "A"
8 -9 40 7 94 "R"
8 -9 40 7 95 "R"
8 1 10 7 96 "F"
8 -9 40 7 97 "R"
8 2 50 7 98 "A"
8 4 50 7 99 "A"
8 2 50 7 100 "A"
8 12 40 7 101 "R"
8 2 50 7 102 "A"
8 1 40 7 103 "R"
8 -3 50 7 104 "A"
8 1 10 7 105 "F"
8 -3 50 7 106 "A"
8 -6 10 7 107 "F"
8 -6 10 7 108 "F"
8 4 50 7 109 "A"
8 -9 50 7 110 "A"
8 12 10 7 111 "F"
8 -9 50 7 112 "A"
8 3 10 7 113 "F"
8 -36 50 7 114 "A"
8 4 50 7 115 "A"
8 2 50 7 116 "A"
8 -3 50 7 117 "A"
8 4 20 7 118 "V"
8 -36 50 7 119 "A"
8 1 10 7 120 "F"
8 5 50 7 121 "A"
8 1 40 7 122 "R"
8 -3 50 7 123 "A"
8 1 10 7 124 "F"
8 -9 50 7 125 "A"
8 -6 20 7 126 "V"
8 2 20 7 127 "V"
8 -3 50 7 128 "A"
8 -6 10 7 129 "F"
8 -6 10 7 130 "F"
8 3 10 7 131 "F"
8 4 50 7 132 "A"
8 -9 50 7 133 "A"
8 -12 20 7 134 "V"
8 2 50 7 135 "A"
8 -3 40 7 136 "R"
8 1 10 7 137 "F"
8 2 50 7 138 "A"
8 2 50 7 139 "A"
8 -6 20 7 140 "V"
8 3 10 7 141 "F"
8 4 50 7 142 "A"
8 1 40 7 143 "R"
8 -3 50 7 144 "A"
8 1 10 7 145 "F"
8 2 50 7 146 "A"
8 -9 40 7 147 "R"
8 -3 50 8 1 "A"
8 2 50 8 2 "A"
8 2 50 8 3 "A"
8 -3 50 8 4 "A"
8 -12 20 8 5 "V"
8 1 40 8 6 "R"
8 -9 50 8 7 "A"
8 -3 40 8 8 "R"
8 -12 10 8 9 "F"
8 4 50 8 10 "A"
8 -3 40 8 11 "R"
8 2 20 8 12 "V"
8 -9 50 8 13 "A"
8 -6 10 8 14 "F"
8 3 10 8 15 "F"
8 2 50 8 16 "A"
8 2 50 8 17 "A"
8 2 50 8 18 "A"
8 -9 50 8 19 "A"
8 -6 20 8 20 "V"
8 1 10 8 21 "F"
8 2 50 8 22 "A"
8 3 40 8 23 "R"
8 -9 50 8 24 "A"
8 4 50 8 25 "A"
8 2 50 8 26 "A"
8 5 50 8 27 "A"
8 -3 50 8 28 "A"
8 4 50 8 29 "A"
8 -3 50 8 30 "A"
8 -15 10 8 31 "F"
8 -6 20 8 32 "V"
8 -12 10 8 33 "F"
8 1 10 8 34 "F"
8 -9 50 8 35 "A"
8 -3 40 8 36 "R"
8 -12 10 8 37 "F"
8 -3 50 8 38 "A"
8 -6 10 8 39 "F"
8 1 10 8 40 "F"
8 -3 50 8 41 "A"
8 2 20 8 42 "V"
8 -36 50 8 43 "A"
8 3 10 8 44 "F"
8 -3 50 8 45 "A"
8 -12 10 8 46 "F"
8 1 10 8 47 "F"
8 2 50 8 48 "A"
8 -3 50 8 49 "A"
8 1 10 8 50 "F"
8 -9 50 8 51 "A"
8 1 10 8 52 "F"
8 2 50 8 53 "A"
8 1 40 8 54 "R"
8 2 50 8 55 "A"
8 1 40 8 56 "R"
8 2 50 8 57 "A"
8 3 40 8 58 "R"
8 -9 50 8 59 "A"
8 1 10 8 60 "F"
8 -9 40 8 61 "R"
8 4 20 8 62 "V"
8 -9 50 8 63 "A"
8 -6 10 8 64 "F"
8 2 20 8 65 "V"
8 2 50 8 66 "A"
8 -3 50 8 67 "A"
8 -6 10 8 68 "F"
8 -6 10 8 69 "F"
8 2 20 8 70 "V"
8 5 50 8 71 "A"
8 4 50 8 72 "A"
8 -9 50 8 73 "A"
8 -6 10 8 74 "F"
8 12 10 8 75 "F"
8 -3 50 8 76 "A"
8 -6 10 8 77 "F"
8 -3 50 8 78 "A"
8 2 20 8 79 "V"
8 2 50 8 80 "A"
8 -3 50 8 81 "A"
8 -12 20 8 82 "V"
8 4 50 8 83 "A"
8 2 50 8 84 "A"
8 -3 50 8 85 "A"
8 -6 10 8 86 "F"
8 -36 50 8 87 "A"
8 -6 20 8 88 "V"
8 -12 10 8 89 "F"
8 -6 10 8 90 "F"
8 -12 10 8 91 "F"
8 2 20 8 92 "V"
8 2 50 8 93 "A"
8 -9 50 8 94 "A"
8 -9 50 8 95 "A"
8 1 10 8 96 "F"
8 -9 50 8 97 "A"
8 2 20 8 98 "V"
8 4 50 8 99 "A"
8 2 50 8 100 "A"
8 2 50 9 1 "A"
8 -3 40 9 2 "R"
8 -9 50 9 3 "A"
8 4 20 9 4 "V"
8 -3 50 9 5 "A"
8 2 50 9 6 "A"
8 -9 40 9 7 "R"
8 1 10 9 8 "F"
8 -9 50 9 9 "A"
8 2 50 9 10 "A"
8 -36 50 9 11 "A"
8 -3 50 9 12 "A"
8 -12 20 9 13 "V"
8 3 10 9 14 "F"
8 -3 50 9 15 "A"
8 1 10 9 16 "F"
8 4 50 9 17 "A"
8 2 50 9 18 "A"
8 4 50 9 19 "A"
8 -9 50 9 20 "A"
8 -9 50 9 21 "A"
8 1 40 9 22 "R"
8 -9 50 9 23 "A"
8 -9 40 9 24 "R"
8 4 20 9 25 "V"
8 2 50 9 26 "A"
8 -3 50 9 27 "A"
8 -3 50 9 28 "A"
8 -9 40 9 29 "R"
8 -3 40 9 30 "R"
8 -6 20 9 31 "V"
8 -3 40 9 32 "R"
8 -3 50 9 33 "A"
8 3 10 9 34 "F"
8 -3 50 9 35 "A"
8 -6 10 9 36 "F"
8 -12 20 9 37 "V"
8 3 10 9 38 "F"
8 5 50 9 39 "A"
8 -3 50 9 40 "A"
8 -3 50 9 41 "A"
8 2 20 9 42 "V"
8 -9 50 9 43 "A"
8 -3 40 9 44 "R"
8 3 40 9 45 "R"
8 -3 50 9 46 "A"
8 1 40 9 47 "R"
8 -3 50 9 48 "A"
8 -12 20 9 49 "V"
8 2 50 9 50 "A"
8 -9 50 9 51 "A"
8 -3 50 9 52 "A"
8 1 40 9 53 "R"
8 -3 50 9 54 "A"
8 4 50 9 55 "A"
8 2 50 9 56 "A"
8 4 50 9 57 "A"
8 2 50 9 58 "A"
8 4 50 9 59 "A"
8 -3 50 9 60 "A"
8 -15 20 9 61 "V"
8 1 40 9 62 "R"
8 -3 50 9 63 "A"
8 1 40 9 64 "R"
8 -9 50 9 65 "A"
8 -3 40 9 66 "R"
8 -15 10 9 67 "F"
8 -6 20 9 68 "V"
8 2 50 9 69 "A"
8 -3 50 9 70 "A"
8 3 10 9 71 "F"
8 4 50 9 72 "A"
8 -36 50 9 73 "A"
8 -6 20 9 74 "V"
8 1 40 9 75 "R"
8 -9 40 9 76 "R"
8 -6 20 9 77 "V"
8 -3 40 9 78 "R"
8 -3 40 9 79 "R"
8 2 50 9 80 "A"
8 4 50 9 81 "A"
8 -3 50 9 82 "A"
8 4 50 9 83 "A"
8 -3 40 9 84 "R"
8 -36 40 9 85 "R"
8 -3 50 9 86 "A"
8 -6 10 9 87 "F"
8 -3 40 9 88 "R"
8 -9 50 9 89 "A"
8 1 40 9 90 "R"
8 5 50 9 91 "A"
8 2 50 9 92 "A"
8 -9 50 9 93 "A"
8 -9 50 9 94 "A"
8 2 20 9 95 "V"
8 -9 50 9 96 "A"
8 4 20 9 97 "V"
8 2 50 9 98 "A"
8 -36 50 9 99 "A"
8 -3 50 9 100 "A"
8 1 40 9 101 "R"
8 -3 50 9 102 "A"
8 -15 20 9 103 "V"
8 2 50 9 104 "A"
8 -9 50 9 105 "A"
8 2 20 9 106 "V"
8 4 50 9 107 "A"
8 -3 50 9 108 "A"
8 -6 20 9 109 "V"
8 -6 20 9 110 "V"
8 2 20 9 111 "V"
8 -3 50 9 112 "A"
8 -15 20 9 113 "V"
8 2 20 9 114 "V"
8 -9 50 9 115 "A"
8 -9 40 9 116 "R"
8 -36 40 9 117 "R"
8 3 40 10 1 "R"
8 -3 50 10 2 "A"
8 -12 10 10 3 "F"
8 -12 20 10 4 "V"
8 4 20 10 5 "V"
8 2 50 10 6 "A"
8 3 40 10 7 "R"
8 -3 50 10 8 "A"
8 4 20 10 9 "V"
8 2 50 10 10 "A"
8 -9 40 10 11 "R"
8 2 20 10 12 "V"
8 4 50 10 13 "A"
8 -3 50 10 14 "A"
8 -36 50 10 15 "A"
8 1 40 10 16 "R"
8 -3 50 10 17 "A"
8 -9 50 10 18 "A"
8 -9 50 10 19 "A"
8 -3 50 10 20 "A"
8 1 10 10 21 "F"
8 2 50 10 22 "A"
8 12 40 10 23 "R"
8 2 50 10 24 "A"
8 1 40 10 25 "R"
8 2 50 10 26 "A"
8 1 40 10 27 "R"
8 -3 40 10 28 "R"
8 1 10 10 29 "F"
8 -9 50 10 30 "A"
8 4 50 10 31 "A"
8 -3 50 10 32 "A"
8 -9 50 10 33 "A"
8 1 10 10 34 "F"
8 -36 50 10 35 "A"
8 -6 20 10 36 "V"
8 3 10 10 37 "F"
8 -3 50 10 38 "A"
8 -12 10 10 39 "F"
8 -3 50 10 40 "A"
8 -6 10 10 41 "F"
8 1 10 10 42 "F"
8 4 50 10 43 "A"
8 -3 40 10 44 "R"
8 -15 10 10 45 "F"
8 1 10 10 46 "F"
8 -36 50 10 47 "A"
8 -6 10 10 48 "F"
8 -12 10 10 49 "F"
8 -3 50 10 50 "A"
8 -12 20 10 51 "V"
8 2 50 10 52 "A"
8 4 50 10 53 "A"
8 4 50 10 54 "A"
8 -3 50 10 55 "A"
8 -6 10 10 56 "F"
8 -9 50 10 57 "A"
8 2 20 10 58 "V"
8 4 50 10 59 "A"
8 2 50 10 60 "A"
8 -3 40 10 61 "R"
8 2 20 10 62 "V"
8 4 50 10 63 "A"
8 -36 50 10 64 "A"
8 -12 10 10 65 "F"
8 -6 20 10 66 "V"
8 -3 40 10 67 "R"
8 -6 20 10 68 "V"
8 -6 10 10 69 "F"
8 -3 50 10 70 "A"
8 -15 10 10 71 "F"
8 -3 40 10 72 "R"
8 -12 20 10 73 "V"
8 -3 50 10 74 "A"
8 -12 10 10 75 "F"
8 -6 20 10 76 "V"
8 -12 10 10 77 "F"
8 -6 10 10 78 "F"
8 12 10 10 79 "F"
8 -9 50 10 80 "A"
8 3 10 10 81 "F"
8 4 50 10 82 "A"
8 -3 50 10 83 "A"
8 1 10 10 84 "F"
8 -3 50 10 85 "A"
8 1 10 10 86 "F"
8 -9 50 10 87 "A"
8 1 10 10 88 "F"
8 -9 50 10 89 "A"
8 1 10 10 90 "F"
8 -9 50 10 91 "A"
8 2 50 10 92 "A"
8 3 40 10 93 "R"
8 2 50 10 94 "A"
8 -3 50 10 95 "A"
8 -12 10 10 96 "F"
8 1 10 10 97 "F"
8 2 50 10 98 "A"
8 2 50 10 99 "A"
8 -3 50 10 100 "A"
8 1 40 10 101 "R"
8 4 50 10 102 "A"
8 4 50 10 103 "A"
8 -3 40 10 104 "R"
8 1 40 10 105 "R"
8 -3 50 10 106 "A"
8 3 10 10 107 "F"
8 -3 50 10 108 "A"
8 2 50 10 109 "A"
8 -3 50 10 110 "A"
8 -12 10 10 111 "F"
8 3 10 10 112 "F"
8 4 50 10 113 "A"
8 2 50 10 114 "A"
8 2 20 10 115 "V"
8 -3 50 10 116 "A"
8 1 40 10 117 "R"
8 2 50 10 118 "A"
8 -9 40 10 119 "R"
8 1 10 10 120 "F"
8 5 50 10 121 "A"
8 2 50 10 122 "A"
8 -3 50 10 123 "A"
8 2 20 10 124 "V"
8 2 50 10 125 "A"
8 2 50 10 126 "A"
8 -9 40 10 127 "R"
8 1 10 10 128 "F"
8 -9 50 10 129 "A"
8 2 50 10 130 "A"
8 -9 50 10 131 "A"
8 -6 10 10 132 "F"
8 4 50 10 133 "A"
8 -3 40 10 134 "R"
8 4 50 10 135 "A"
8 -3 40 10 136 "R"
8 -3 40 10 137 "R"
8 -6 10 10 138 "F"
8 2 50 10 139 "A"
8 -3 50 10 140 "A"
8 2 20 10 141 "V"
8 -3 50 10 142 "A"
8 -9 50 11 1 "A"
8 -3 50 11 2 "A"
8 -9 40 11 3 "R"
8 2 50 11 4 "A"
8 4 50 11 5 "A"
8 2 50 11 6 "A"
8 -9 40 11 7 "R"
8 -12 20 11 8 "V"
8 2 50 11 9 "A"
8 -240 50 11 10 "A"
8 -3 50 11 11 "A"
8 -6 20 11 12 "V"
8 -15 10 11 13 "F"
8 2 50 11 14 "A"
8 -3 40 11 15 "R"
8 -3 40 11 16 "R"
8 -6 10 11 17 "F"
8 2 50 11 18 "A"
8 4 50 11 19 "A"
8 2 50 11 20 "A"
8 4 50 11 21 "A"
8 -3 50 11 22 "A"
8 -9 40 11 23 "R"
8 -3 50 11 24 "A"
8 -6 10 11 25 "F"
8 2 20 11 26 "V"
8 -9 50 11 27 "A"
8 2 50 11 28 "A"
8 4 50 11 29 "A"
8 2 50 11 30 "A"
8 -9 40 11 31 "R"
8 -3 40 11 32 "R"
8 5 50 11 33 "A"
8 -3 50 11 34 "A"
8 3 40 11 35 "R"
8 -3 50 11 36 "A"
8 -36 40 11 37 "R"
8 2 20 11 38 "V"
8 -9 50 11 39 "A"
8 -3 40 11 40 "R"
8 -12 20 11 41 "V"
8 3 40 11 42 "R"
8 5 50 11 43 "A"
8 -3 50 11 44 "A"
8 -36 40 11 45 "R"
8 1 40 11 46 "R"
8 -9 50 11 47 "A"
8 4 20 11 48 "V"
8 2 50 11 49 "A"
8 2 50 11 50 "A"
8 4 50 11 51 "A"
8 2 50 11 52 "A"
8 -9 50 11 53 "A"
8 -3 50 11 54 "A"
8 -12 20 11 55 "V"
8 2 20 11 56 "V"
8 5 50 11 57 "A"
8 -3 50 11 58 "A"
8 -6 10 11 59 "F"
8 80 10 11 60 "F"
8 -3 50 11 61 "A"
8 1 10 11 62 "F"
8 5 50 11 63 "A"
8 -36 50 11 64 "A"
8 -36 50 11 65 "A"
8 -3 40 11 66 "R"
8 4 20 11 67 "V"
8 -3 50 11 68 "A"
8 -6 10 11 69 "F"
8 -12 10 11 70 "F"
8 4 50 11 71 "A"
8 2 50 11 72 "A"
8 2 50 11 73 "A"
8 -3 50 11 74 "A"
8 -9 50 11 75 "A"
8 -3 50 11 76 "A"
8 2 20 11 77 "V"
8 2 50 11 78 "A"
8 -9 50 11 79 "A"
8 -6 10 11 80 "F"
8 -12 20 11 81 "V"
8 -3 40 11 82 "R"
8 3 10 11 83 "F"
8 -9 50 11 84 "A"
8 -6 20 11 85 "V"
8 -6 10 11 86 "F"
8 3 10 11 87 "F"
8 -3 50 11 88 "A"
8 3 10 11 89 "F"
8 2 50 11 90 "A"
8 -3 40 11 91 "R"
8 2 20 11 92 "V"
8 4 50 11 93 "A"
8 1 40 11 94 "R"
8 4 50 11 95 "A"
8 2 50 11 96 "A"
8 -9 50 11 97 "A"
8 -12 10 11 98 "F"
8 -3 50 11 99 "A"
8 -6 20 11 100 "V"
8 -6 20 11 101 "V"
8 1 10 11 102 "F"
8 -9 50 11 103 "A"
8 -6 20 11 104 "V"
8 3 10 11 105 "F"
8 2 50 11 106 "A"
8 -9 50 11 107 "A"
8 -12 10 11 108 "F"
8 -6 10 11 109 "F"
8 1 10 11 110 "F"
8 4 50 11 111 "A"
8 3 40 11 112 "R"
8 -9 50 11 113 "A"
8 -3 50 11 114 "A"
8 3 10 11 115 "F"
8 2 50 11 116 "A"
8 3 40 11 117 "R"
8 2 50 11 118 "A"
8 4 50 11 119 "A"
8 2 50 11 120 "A"
8 -9 40 11 121 "R"
8 1 10 11 122 "F"
8 -3 50 11 123 "A"
8 2 50 11 124 "A"
8 3 40 11 125 "R"
8 -3 50 11 126 "A"
8 4 50 11 127 "A"
8 -3 50 11 128 "A"
8 5 50 11 129 "A"
8 2 50 11 130 "A"
8 -9 50 11 131 "A"
8 2 50 11 132 "A"
8 4 20 11 133 "V"
8 4 50 12 1 "A"
8 -3 50 12 2 "A"
8 -12 10 12 3 "F"
8 -9 50 12 4 "A"
8 3 10 12 5 "F"
8 2 50 12 6 "A"
8 4 50 12 7 "A"
8 -3 40 12 8 "R"
8 3 10 12 9 "F"
8 2 50 12 10 "A"
8 -9 40 12 11 "R"
8 2 20 12 12 "V"
8 4 50 12 13 "A"
8 -3 50 12 14 "A"
8 -15 10 12 15 "F"
8 2 20 12 16 "V"
8 -3 40 12 17 "R"
8 -12 10 12 18 "F"
8 -9 50 12 19 "A"
8 -6 20 12 20 "V"
8 2 50 12 21 "A"
8 2 50 12 22 "A"
8 5 50 12 23 "A"
8 2 50 12 24 "A"
8 1 40 12 25 "R"
8 1 40 12 26 "R"
8 2 50 12 27 "A"
8 -3 50 12 28 "A"
8 1 10 12 29 "F"
8 -9 50 12 30 "A"
8 3 10 12 31 "F"
8 -3 50 12 32 "A"
8 -9 40 12 33 "R"
8 1 10 12 34 "F"
8 -36 50 12 35 "A"
8 -6 20 12 36 "V"
8 3 10 12 37 "F"
8 -3 50 12 38 "A"
8 -9 50 12 39 "A"
8 -6 20 12 40 "V"
8 -6 10 12 41 "F"
8 1 10 12 42 "F"
8 4 50 12 43 "A"
8 -3 50 12 44 "A"
8 -15 10 12 45 "F"
8 2 50 12 46 "A"
8 -36 50 12 47 "A"
8 -6 10 12 48 "F"
8 -12 10 12 49 "F"
8 -6 10 12 50 "F"
8 -12 10 12 51 "F"
8 2 50 12 52 "A"
8 4 50 12 53 "A"
8 4 50 12 54 "A"
8 -3 50 12 55 "A"
8 -6 10 12 56 "F"
8 -9 50 12 57 "A"
8 1 10 12 58 "F"
8 4 50 12 59 "A"
8 2 50 12 60 "A"
8 -3 50 12 61 "A"
8 2 50 12 62 "A"
8 4 50 12 63 "A"
8 -36 50 12 64 "A"
8 -12 20 12 65 "V"
8 -6 10 12 66 "F"
8 -6 10 12 67 "F"
8 -3 50 12 68 "A"
8 -6 10 12 69 "F"
8 -3 50 12 70 "A"
8 -36 50 12 71 "A"
8 -6 10 12 72 "F"
8 -9 50 12 73 "A"
8 -3 50 12 74 "A"
8 -9 50 12 75 "A"
8 -6 10 12 76 "F"
8 -12 10 12 77 "F"
8 -3 50 12 78 "A"
8 12 10 12 79 "F"
8 -9 50 12 80 "A"
8 3 10 12 81 "F"
8 4 50 12 82 "A"
8 -3 50 12 83 "A"
8 1 40 12 84 "R"
8 -3 50 12 85 "A"
8 1 40 12 86 "R"
8 -9 50 12 87 "A"
8 1 10 12 88 "F"
8 -9 50 12 89 "A"
8 1 40 12 90 "R"
8 -9 50 12 91 "A"
8 1 10 12 92 "F"
8 4 50 12 93 "A"
8 2 50 12 94 "A"
8 -3 40 12 95 "R"
8 -12 20 12 96 "V"
8 1 40 12 97 "R"
8 2 50 12 98 "A"
8 2 50 12 99 "A"
8 -3 40 12 100 "R"
8 1 40 12 101 "R"
8 4 50 12 102 "A"
8 4 50 12 103 "A"
8 -3 50 12 104 "A"
8 2 20 12 105 "V"
8 -3 50 12 106 "A"
8 3 10 12 107 "F"
8 -3 50 12 108 "A"
8 2 50 12 109 "A"
8 -3 50 12 110 "A"
8 -9 50 12 111 "A"
8 3 10 12 112 "F"
8 4 50 12 113 "A"
8 1 40 12 114 "R"
8 2 50 12 115 "A"
8 -3 50 12 116 "A"
8 2 50 12 117 "A"
8 2 50 12 118 "A"
8 -9 50 12 119 "A"
8 2 20 12 120 "V"
8 5 50 12 121 "A"
8 2 50 12 122 "A"
8 -3 40 12 123 "R"
8 2 50 12 124 "A"
8 -12 10 13 1 "F"
8 -3 50 13 2 "A"
8 -12 20 13 3 "V"
8 1 10 13 4 "F"
8 4 50 13 5 "A"
8 2 50 13 6 "A"
8 -9 50 13 7 "A"
8 -12 10 13 8 "F"
8 2 50 13 9 "A"
8 -240 50 13 10 "A"
8 -6 10 13 11 "F"
8 -6 20 13 12 "V"
8 -15 10 13 13 "F"
8 2 20 13 14 "V"
8 -3 50 13 15 "A"
8 -6 10 13 16 "F"
8 -3 50 13 17 "A"
8 1 10 13 18 "F"
8 4 50 13 19 "A"
8 2 50 13 20 "A"
8 3 40 13 21 "R"
8 -3 50 13 22 "A"
8 -9 50 13 23 "A"
8 -3 50 13 24 "A"
8 -6 10 13 25 "F"
8 2 50 13 26 "A"
8 -9 50 13 27 "A"
8 1 10 13 28 "F"
8 4 50 13 29 "A"
8 2 50 13 30 "A"
8 -9 40 13 31 "R"
8 -3 50 13 32 "A"
8 12 10 13 33 "F"
8 -3 50 13 34 "A"
8 4 20 13 35 "V"
8 -3 50 13 36 "A"
8 -36 40 13 37 "R"
8 2 50 13 38 "A"
8 -9 50 13 39 "A"
8 -6 20 13 40 "V"
8 -12 10 13 41 "F"
8 3 10 13 42 "F"
8 5 50 13 43 "A"
8 -3 40 13 44 "R"
8 -36 50 13 45 "A"
8 2 50 13 46 "A"
8 -9 40 13 47 "R"
8 4 20 13 48 "V"
8 2 50 13 49 "A"
8 2 50 13 50 "A"
8 4 50 13 51 "A"
8 2 50 13 52 "A"
8 -9 50 13 53 "A"
8 -6 10 13 54 "F"
8 -9 50 13 55 "A"
8 1 10 13 56 "F"
8 5 50 13 57 "A"
8 -3 50 13 58 "A"
8 -6 10 13 59 "F"
8 2 20 13 60 "V"
8 -3 40 13 61 "R"
8 1 10 13 62 "F"
8 5 50 13 63 "A"
8 -36 50 13 64 "A"
8 -15 10 13 65 "F"
8 -6 20 13 66 "V"
8 3 10 13 67 "F"
8 -3 50 13 68 "A"
8 -6 10 13 69 "F"
8 -12 10 13 70 "F"
8 3 10 13 71 "F"
8 2 50 13 72 "A"
8 1 40 13 73 "R"
8 -3 50 13 74 "A"
8 -9 50 13 75 "A"
8 -6 20 13 76 "V"
8 1 10 13 77 "F"
8 2 50 13 78 "A"
8 -9 50 13 79 "A"
8 -3 40 13 80 "R"
8 -12 20 13 81 "V"
8 -6 10 13 82 "F"
8 3 10 13 83 "F"
8 -9 50 13 84 "A"
8 -6 20 13 85 "V"
8 -6 10 13 86 "F"
8 4 50 13 87 "A"
8 -3 50 13 88 "A"
8 4 20 13 89 "V"
8 2 50 13 90 "A"
8 -3 50 13 91 "A"
8 2 50 13 92 "A"
8 3 40 13 93 "R"
8 2 50 13 94 "A"
8 3 40 13 95 "R"
8 2 50 13 96 "A"
8 -9 50 13 97 "A"
8 -9 50 13 98 "A"
8 -6 10 13 99 "F"
8 -3 50 13 100 "A"
8 -6 10 13 101 "F"
8 2 50 13 102 "A"
8 -9 50 13 103 "A"
8 -6 10 13 104 "F"
8 3 40 13 105 "R"
8 2 50 13 106 "A"
8 -9 40 13 107 "R"
8 -12 20 13 108 "V"
8 -6 10 13 109 "F"
8 2 20 13 110 "V"
8 4 50 13 111 "A"
8 4 50 13 112 "A"
8 -9 50 13 113 "A"
8 -6 20 13 114 "V"
8 4 50 13 115 "A"
8 2 50 13 116 "A"
8 4 50 13 117 "A"
8 2 50 13 118 "A"
8 4 50 13 119 "A"
8 2 50 13 120 "A"
8 -9 50 13 121 "A"
8 2 50 13 122 "A"
8 -3 50 13 123 "A"
8 1 10 13 124 "F"
8 4 50 13 125 "A"
8 -3 50 13 126 "A"
8 3 10 13 127 "F"
8 -3 50 13 128 "A"
8 12 10 13 129 "F"
8 2 50 13 130 "A"
8 -9 50 13 131 "A"
8 2 50 13 132 "A"
8 4 50 13 133 "A"
8 2 50 13 134 "A"
8 -3 50 14 1 "A"
8 1 40 14 2 "R"
8 -9 50 14 3 "A"
8 -3 40 14 4 "R"
8 -9 50 14 5 "A"
8 -3 50 14 6 "A"
8 -3 40 14 7 "R"
8 2 50 14 8 "A"
8 -9 50 14 9 "A"
8 80 40 14 10 "R"
8 4 50 14 11 "A"
8 -3 50 14 12 "A"
8 5 20 14 13 "V"
8 2 50 14 14 "A"
8 -9 50 14 15 "A"
8 -6 20 14 16 "V"
8 -9 50 14 17 "A"
8 1 40 14 18 "R"
8 -36 50 14 19 "A"
8 -3 40 14 20 "R"
8 4 50 14 21 "A"
8 -3 50 14 22 "A"
8 12 40 14 23 "R"
8 2 50 14 24 "A"
8 -9 50 14 25 "A"
8 1 40 14 26 "R"
8 -3 50 14 27 "A"
8 2 50 14 28 "A"
8 -9 50 14 29 "A"
8 -3 40 14 30 "R"
8 4 50 14 31 "A"
8 4 50 14 32 "A"
8 -3 50 14 33 "A"
8 -3 40 14 34 "R"
8 -9 50 14 35 "A"
8 1 10 14 36 "F"
8 4 50 14 37 "A"
8 -3 50 14 38 "A"
8 -36 50 14 39 "A"
8 1 10 14 40 "F"
8 -9 50 14 41 "A"
8 2 50 14 42 "A"
8 1 40 14 43 "R"
8 -3 50 14 44 "A"
8 3 10 14 45 "F"
8 2 50 14 46 "A"
8 1 40 14 47 "R"
8 4 50 14 48 "A"
8 -36 50 14 49 "A"
8 -9 40 14 50 "R"
8 4 20 14 51 "V"
8 2 50 14 52 "A"
8 -36 50 14 53 "A"
8 -3 40 14 54 "R"
8 -6 10 14 55 "F"
8 1 10 14 56 "F"
8 2 50 14 57 "A"
8 1 40 14 58 "R"
8 4 50 14 59 "A"
8 2 50 14 60 "A"
8 -3 40 14 61 "R"
8 1 40 14 62 "R"
8 4 50 14 63 "A"
8 -3 50 14 64 "A"
8 -3 40 14 65 "R"
8 1 40 14 66 "R"
8 3 40 14 67 "R"
8 -3 50 14 68 "A"
8 12 40 14 69 "R"
8 3 40 14 70 "R"
8 -3 50 14 71 "A"
8 -3 40 14 72 "R"
8 -6 10 14 73 "F"
8 2 50 14 74 "A"
8 5 50 14 75 "A"
8 -3 50 14 76 "A"
8 -9 40 14 77 "R"
8 1 10 14 78 "F"
8 -9 50 14 79 "A"
8 -6 10 14 80 "F"
8 -3 50 14 81 "A"
8 -12 10 14 82 "F"
8 4 50 14 83 "A"
8 -3 50 14 84 "A"
8 2 20 14 85 "V"
8 -3 50 14 86 "A"
8 2 50 14 87 "A"
8 -36 50 14 88 "A"
8 -3 50 14 89 "A"
8 4 50 14 90 "A"
8 4 50 14 91 "A"
8 2 50 14 92 "A"
8 4 50 14 93 "A"
8 2 50 14 94 "A"
8 -9 50 14 95 "A"
8 1 10 14 96 "F"
8 -3 50 14 97 "A"
8 1 10 14 98 "F"
8 -3 50 14 99 "A"
8 2 20 14 100 "V"
8 4 50 14 101 "A"
8 2 50 14 102 "A"
8 12 40 14 103 "R"
8 1 40 14 104 "R"
8 5 50 14 105 "A"
8 -3 40 14 106 "R"
8 -3 40 14 107 "R"
8 -3 50 14 108 "A"
8 -15 10 14 109 "F"
8 2 20 14 110 "V"
8 -9 50 14 111 "A"
8 -3 50 14 112 "A"
8 -6 20 14 113 "V"
8 1 10 14 114 "F"
8 2 50 14 115 "A"
8 -3 50 14 116 "A"
8 3 10 14 117 "F"
8 2 50 14 118 "A"
8 -9 40 14 119 "R"
8 -6 10 14 120 "F"
8 -6 20 14 121 "V"
8 1 10 14 122 "F"
8 -9 50 14 123 "A"
8 1 10 14 124 "F"
8 -3 50 14 125 "A"
8 1 40 14 126 "R"
8 4 50 14 127 "A"
8 2 50 14 128 "A"
8 -9 40 14 129 "R"
8 -6 20 14 130 "V"
8 -12 10 14 131 "F"
8 1 10 14 132 "F"
8 -9 50 14 133 "A"
8 -6 10 14 134 "F"
8 -3 50 14 135 "A"
8 -6 10 14 136 "F"
8 3 10 14 137 "F"
8 2 50 14 138 "A"
8 2 20 15 1 "V"
8 -3 50 15 2 "A"
8 4 20 15 3 "V"
8 4 50 15 4 "A"
8 5 50 15 5 "A"
8 -3 50 15 6 "A"
8 3 10 15 7 "F"
8 -3 50 15 8 "A"
8 3 10 15 9 "F"
8 2 50 15 10 "A"
8 -9 50 15 11 "A"
8 1 10 15 12 "F"
8 4 50 15 13 "A"
8 -3 50 15 14 "A"
8 -6 10 15 15 "F"
8 -3 50 15 16 "A"
8 -12 10 15 17 "F"
8 -6 10 15 18 "F"
8 -3 50 15 19 "A"
8 4 50 15 20 "A"
8 -36 50 15 21 "A"
8 -6 10 15 22 "F"
8 -3 50 15 23 "A"
8 12 10 15 24 "F"
8 4 50 15 25 "A"
8 1 40 15 26 "R"
8 4 50 15 27 "A"
8 -3 50 15 28 "A"
8 1 10 15 29 "F"
8 2 50 15 30 "A"
8 -9 40 15 31 "R"
8 -6 10 15 32 "F"
8 4 50 15 33 "A"
8 -9 50 15 34 "A"
8 1 10 15 35 "F"
8 2 50 15 36 "A"
8 -9 40 15 37 "R"
8 -3 50 15 38 "A"
8 -12 10 15 39 "F"
8 1 10 15 40 "F"
8 -9 50 15 41 "A"
8 -6 10 15 42 "F"
8 -12 10 15 43 "F"
8 1 10 15 44 "F"
8 2 50 15 45 "A"
8 -3 50 15 46 "A"
8 -36 50 15 47 "A"
8 1 10 15 48 "F"
8 2 50 15 49 "A"
8 -3 40 15 50 "R"
8 -3 50 15 51 "A"
8 -9 50 15 52 "A"
8 4 50 15 53 "A"
8 -3 50 15 54 "A"
8 -12 10 15 55 "F"
8 -12 10 15 56 "F"
8 -9 50 15 57 "A"
8 1 10 15 58 "F"
8 -3 50 15 59 "A"
8 1 10 15 60 "F"
8 -3 50 15 61 "A"
8 -6 10 15 62 "F"
8 3 10 15 63 "F"
8 -3 50 15 64 "A"
8 3 10 15 65 "F"
8 2 50 15 66 "A"
8 -3 40 15 67 "R"
8 3 10 15 68 "F"
8 -9 50 15 69 "A"
8 1 10 15 70 "F"
8 4 50 15 71 "A"
8 -3 50 15 72 "A"
8 3 10 15 73 "F"
8 2 50 15 74 "A"
8 3 40 15 75 "R"
8 -9 50 15 76 "A"
8 -9 50 15 77 "A"
8 1 10 15 78 "F"
8 2 50 15 79 "A"
8 1 40 15 80 "R"
8 -9 50 15 81 "A"
8 -6 10 15 82 "F"
8 -12 10 15 83 "F"
8 -3 40 15 84 "R"
8 -12 10 15 85 "F"
8 -12 10 15 86 "F"
8 -6 10 15 87 "F"
8 4 20 15 88 "V"
8 5 50 15 89 "A"
8 2 50 15 90 "A"
8 2 50 15 91 "A"
8 -3 50 15 92 "A"
8 -12 10 15 93 "F"
8 2 50 15 94 "A"
8 2 50 15 95 "A"
8 -3 50 15 96 "A"
8 3 10 15 97 "F"
8 2 50 15 98 "A"
8 3 40 15 99 "R"
8 2 50 15 100 "A"
8 -15 20 15 101 "V"
8 2 20 15 102 "V"
8 4 50 15 103 "A"
8 -3 40 15 104 "R"
8 4 20 15 105 "V"
8 -3 50 15 106 "A"
8 -9 40 15 107 "R"
8 2 20 15 108 "V"
8 4 50 15 109 "A"
8 2 50 15 110 "A"
8 -3 40 15 111 "R"
8 -12 20 15 112 "V"
8 -6 10 15 113 "F"
8 -6 10 15 114 "F"
8 4 50 15 115 "A"
8 2 50 15 116 "A"
8 3 40 15 117 "R"
8 4 50 15 118 "A"
8 -9 50 15 119 "A"
8 2 50 15 120 "A"
8 4 50 15 121 "A"
8 -6 10 15 122 "F"
8 -9 50 15 123 "A"
8 -6 10 15 124 "F"
8 -36 50 15 125 "A"
8 -6 10 15 126 "F"
8 -3 50 15 127 "A"
8 -6 20 15 128 "V"
8 -3 50 15 129 "A"
8 2 20 15 130 "V"
8 4 50 15 131 "A"
8 -3 50 15 132 "A"
8 -6 10 15 133 "F"
8 -36 50 15 134 "A"
8 4 50 15 135 "A"
8 2 50 15 136 "A"
8 -3 50 15 137 "A"
8 -6 20 15 138 "V"
8 5 50 15 139 "A"
8 2 50 15 140 "A"
8 -12 10 16 1 "F"
8 -6 10 16 2 "F"
8 -9 50 16 3 "A"
8 1 10 16 4 "F"
8 4 50 16 5 "A"
8 2 50 16 6 "A"
8 -9 50 16 7 "A"
8 -12 10 16 8 "F"
8 1 10 16 9 "F"
8 -3 50 16 10 "A"
8 -3 50 16 11 "A"
8 -6 10 16 12 "F"
8 -36 50 16 13 "A"
8 1 10 16 14 "F"
8 -3 50 16 15 "A"
8 -6 10 16 16 "F"
8 -3 50 16 17 "A"
8 2 20 16 18 "V"
8 4 50 16 19 "A"
8 2 50 16 20 "A"
8 4 50 16 21 "A"
8 -3 50 16 22 "A"
8 -12 20 16 23 "V"
8 -3 50 16 24 "A"
8 -6 10 16 25 "F"
8 1 10 16 26 "F"
8 -9 50 16 27 "A"
8 1 40 16 28 "R"
8 4 50 16 29 "A"
8 2 50 16 30 "A"
8 -9 40 16 31 "R"
8 -6 20 16 32 "V"
8 12 10 16 33 "F"
8 -3 50 16 34 "A"
8 4 20 16 35 "V"
8 -3 50 16 36 "A"
8 -15 10 16 37 "F"
8 1 10 16 38 "F"
8 -9 50 16 39 "A"
8 -6 10 16 40 "F"
8 -12 10 16 41 "F"
8 3 10 16 42 "F"
8 5 50 16 43 "A"
8 -3 50 16 44 "A"
8 -15 20 16 45 "V"
8 1 10 16 46 "F"
8 -9 50 16 47 "A"
8 4 50 16 48 "A"
8 2 50 16 49 "A"
8 2 50 16 50 "A"
8 4 50 16 51 "A"
8 2 50 16 52 "A"
8 -9 50 16 53 "A"
8 -6 20 16 54 "V"
8 -12 10 16 55 "F"
8 2 20 16 56 "V"
8 5 50 16 57 "A"
8 -3 50 16 58 "A"
8 -3 50 16 59 "A"
8 1 10 16 60 "F"
8 -3 50 16 61 "A"
8 1 10 16 62 "F"
8 5 50 16 63 "A"
8 -36 50 16 64 "A"
8 -15 10 16 65 "F"
8 -6 20 16 66 "V"
8 3 10 16 67 "F"
8 -3 50 16 68 "A"
8 -6 10 16 69 "F"
8 -12 10 16 70 "F"
8 4 20 16 71 "V"
8 2 50 16 72 "A"
8 1 40 16 73 "R"
8 -3 50 16 74 "A"
8 -12 10 16 75 "F"
8 -3 40 16 76 "R"
8 2 50 16 77 "A"
8 2 50 16 78 "A"
8 -9 50 16 79 "A"
8 -3 40 16 80 "R"
8 -9 50 16 81 "A"
8 -3 50 16 82 "A"
8 3 40 16 83 "R"
8 -9 50 16 84 "A"
8 -3 50 16 85 "A"
8 -6 10 16 86 "F"
8 4 20 16 87 "V"
8 -3 50 16 88 "A"
8 4 20 16 89 "V"
8 2 50 16 90 "A"
8 -3 50 16 91 "A"
8 2 20 16 92 "V"
8 4 50 16 93 "A"
8 2 50 16 94 "A"
8 4 50 16 95 "A"
8 2 50 16 96 "A"
8 -9 40 16 97 "R"
8 -9 40 16 98 "R"
8 -6 20 16 99 "V"
8 -6 10 16 100 "F"
8 -6 20 16 101 "V"
8 2 50 16 102 "A"
8 -9 50 16 103 "A"
8 -6 10 16 104 "F"
8 4 20 16 105 "V"
8 2 50 16 106 "A"
8 -9 50 16 107 "A"
8 -12 10 16 108 "F"
8 -3 50 16 109 "A"
8 1 40 16 110 "R"
8 4 50 16 111 "A"
8 4 50 16 112 "A"
8 -9 50 16 113 "A"
8 -6 10 16 114 "F"
8 4 20 16 115 "V"
8 2 50 16 116 "A"
8 4 50 16 117 "A"
8 2 50 16 118 "A"
8 -12 10 17 1 "F"
8 1 10 17 2 "F"
8 -9 50 17 3 "A"
8 -6 10 17 4 "F"
8 -12 10 17 5 "F"
8 -6 10 17 6 "F"
8 -9 40 17 7 "R"
8 -6 20 17 8 "V"
8 -15 10 17 9 "F"
8 -3 50 17 10 "A"
8 2 20 17 11 "V"
8 2 50 17 12 "A"
8 4 50 17 13 "A"
8 -3 50 17 14 "A"
8 3 10 17 15 "F"
8 2 50 17 16 "A"
8 3 40 17 17 "R"
8 2 50 17 18 "A"
8 -36 50 17 19 "A"
8 -3 50 17 20 "A"
8 -12 20 17 21 "V"
8 -3 40 17 22 "R"
8 1 10 17 23 "F"
8 2 50 17 24 "A"
8 4 50 17 25 "A"
8 -9 50 17 26 "A"
8 -9 50 17 27 "A"
8 -3 50 17 28 "A"
8 4 20 17 29 "V"
8 -3 50 17 30 "A"
8 -9 40 17 31 "R"
8 -36 40 17 32 "R"
8 5 20 17 33 "V"
8 -3 50 17 34 "A"
8 1 10 17 35 "F"
8 -3 50 17 36 "A"
8 2 50 17 37 "A"
8 4 50 17 38 "A"
8 2 50 17 39 "A"
8 2 50 17 40 "A"
8 -3 50 17 41 "A"
8 -6 20 17 42 "V"
8 -6 20 17 43 "V"
8 1 10 17 44 "F"
8 -3 50 17 45 "A"
8 -6 10 17 46 "F"
8 -9 50 17 47 "A"
8 -12 10 17 48 "F"
8 -3 40 17 49 "R"
8 -3 50 17 50 "A"
8 3 40 17 51 "R"
8 2 50 17 52 "A"
8 5 50 17 53 "A"
8 -3 50 17 54 "A"
8 -12 20 17 55 "V"
8 2 20 17 56 "V"
8 -9 50 17 57 "A"
8 1 40 17 58 "R"
8 -3 50 17 59 "A"
8 1 10 17 60 "F"
8 -9 50 17 61 "A"
8 2 50 17 62 "A"
8 4 50 17 63 "A"
8 -3 50 17 64 "A"
8 4 20 17 65 "V"
8 2 50 17 66 "A"
8 -9 40 17 67 "R"
8 2 50 17 68 "A"
8 4 50 17 69 "A"
8 -3 50 17 70 "A"
8 2 20 17 71 "V"
8 -3 50 17 72 "A"
8 -9 50 17 73 "A"
8 -6 20 17 74 "V"
8 -36 40 17 75 "R"
8 2 20 17 76 "V"
8 -9 50 17 77 "A"
8 2 20 17 78 "V"
8 -9 50 17 79 "A"
8 1 10 17 80 "F"
8 -9 50 17 81 "A"
8 -6 10 17 82 "F"
8 4 50 17 83 "A"
8 2 50 17 84 "A"
8 4 50 17 85 "A"
8 -3 50 17 86 "A"
8 -12 20 17 87 "V"
8 2 50 17 88 "A"
8 -3 50 17 89 "A"
8 -6 10 17 90 "F"
8 -12 20 17 91 "V"
8 -3 50 17 92 "A"
8 12 40 17 93 "R"
8 2 50 17 94 "A"
8 -9 50 17 95 "A"
8 -3 40 17 96 "R"
8 5 20 17 97 "V"
8 -3 40 17 98 "R"
8 -3 40 17 99 "R"
8 -6 20 17 100 "V"
8 -15 10 17 101 "F"
8 -3 50 17 102 "A"
8 -9 50 17 103 "A"
8 4 50 17 104 "A"
8 2 50 17 105 "A"
8 4 50 17 106 "A"
8 2 50 17 107 "A"
8 -3 50 17 108 "A"
8 1 10 17 109 "F"
8 -3 50 17 110 "A"
8 -12 10 17 111 "F"
8 -3 50 17 112 "A"
8 3 10 17 113 "F"
8 -9 50 17 114 "A"
8 -6 20 17 115 "V"
8 2 20 17 116 "V"
8 2 50 17 117 "A"
8 2 50 17 118 "A"
8 -3 40 17 119 "R"
8 -6 20 17 120 "V"
8 -12 20 17 121 "V"
8 -12 10 17 122 "F"
8 5 20 17 123 "V"
8 2 50 17 124 "A"
8 -36 50 17 125 "A"
8 4 50 17 126 "A"
8 4 50 17 127 "A"
8 4 50 17 128 "A"
8 -3 50 17 129 "A"
8 -3 50 17 130 "A"
8 -12 10 17 131 "F"
8 -6 20 17 132 "V"
8 -12 10 17 133 "F"
8 2 20 17 134 "V"
8 -3 50 17 135 "A"
8 2 50 17 136 "A"
8 4 50 17 137 "A"
8 1 10 18 1 "F"
8 -3 50 18 2 "A"
8 4 50 18 3 "A"
8 3 40 18 4 "R"
8 5 50 18 5 "A"
8 -3 50 18 6 "A"
8 3 40 18 7 "R"
8 -3 50 18 8 "A"
8 3 10 18 9 "F"
8 2 50 18 10 "A"
8 -9 40 18 11 "R"
8 1 40 18 12 "R"
8 4 50 18 13 "A"
8 -3 50 18 14 "A"
8 -6 20 18 15 "V"
8 -6 10 18 16 "F"
8 -12 10 18 17 "F"
8 -6 20 18 18 "V"
8 -6 10 18 19 "F"
8 4 50 18 20 "A"
8 -36 50 18 21 "A"
8 -6 10 18 22 "F"
8 -3 50 18 23 "A"
8 12 10 18 24 "F"
8 4 50 18 25 "A"
8 2 50 18 26 "A"
8 4 50 18 27 "A"
8 -3 50 18 28 "A"
8 2 50 18 29 "A"
8 1 40 18 30 "R"
8 -9 50 18 31 "A"
8 -6 10 18 32 "F"
8 4 50 18 33 "A"
8 -9 50 18 34 "A"
8 1 10 18 35 "F"
8 2 50 18 36 "A"
8 -9 40 18 37 "R"
8 -3 50 18 38 "A"
8 -12 20 18 39 "V"
8 2 50 18 40 "A"
8 -9 50 18 41 "A"
8 -3 50 18 42 "A"
8 -12 10 18 43 "F"
8 2 50 18 44 "A"
8 2 50 18 45 "A"
8 -3 50 18 46 "A"
8 -15 10 18 47 "F"
8 1 40 18 48 "R"
8 2 50 18 49 "A"
8 -3 50 18 50 "A"
8 -3 50 18 51 "A"
8 -12 20 18 52 "V"
8 3 10 18 53 "F"
8 -3 50 18 54 "A"
8 -12 10 18 55 "F"
8 -12 10 18 56 "F"
8 -12 10 18 57 "F"
8 2 50 18 58 "A"
8 -3 50 18 59 "A"
8 1 10 18 60 "F"
8 -3 40 18 61 "R"
8 -6 10 18 62 "F"
8 3 10 18 63 "F"
8 -3 50 18 64 "A"
8 3 40 18 65 "R"
8 2 50 18 66 "A"
8 -3 50 18 67 "A"
8 4 20 18 68 "V"
8 -9 50 18 69 "A"
8 2 50 18 70 "A"
8 4 50 18 71 "A"
8 -3 50 18 72 "A"
8 4 20 18 73 "V"
8 2 50 18 74 "A"
8 3 40 18 75 "R"
8 -9 50 18 76 "A"
8 -9 50 18 77 "A"
8 2 20 18 78 "V"
8 2 50 18 79 "A"
8 1 40 18 80 "R"
8 -9 50 18 81 "A"
8 -6 20 18 82 "V"
8 -9 50 18 83 "A"
8 -3 50 18 84 "A"
8 -12 10 18 85 "F"
8 -12 20 18 86 "V"
8 -6 20 18 87 "V"
8 4 20 18 88 "V"
8 5 50 18 89 "A"
8 2 50 18 90 "A"
8 2 50 18 91 "A"
8 -3 50 18 92 "A"
8 -12 10 18 93 "F"
8 2 20 18 94 "V"
8 2 50 18 95 "A"
8 -3 50 18 96 "A"
8 3 10 18 97 "F"
8 2 50 18 98 "A"
8 3 40 18 99 "R"
8 2 50 18 100 "A"
8 -36 50 18 101 "A"
8 2 20 18 102 "V"
8 4 50 18 103 "A"
8 -3 50 18 104 "A"
8 3 40 18 105 "R"
8 -3 50 18 106 "A"
8 -9 40 18 107 "R"
8 2 20 18 108 "V"
8 4 50 18 109 "A"
8 2 50 18 110 "A"
8 -3 50 18 111 "A"
8 -9 50 18 112 "A"
8 -3 50 18 113 "A"
8 -6 20 18 114 "V"
8 -9 50 19 1 "A"
8 2 50 19 2 "A"
8 -3 50 19 3 "A"
8 -12 20 19 4 "V"
8 -3 50 19 5 "A"
8 -6 20 19 6 "V"
8 -15 10 19 7 "F"
8 1 10 19 8 "F"
8 4 50 19 9 "A"
8 2 50 19 10 "A"
8 -9 50 19 11 "A"
8 4 50 19 12 "A"
8 4 50 19 13 "A"
8 2 50 19 14 "A"
8 2 50 19 15 "A"
8 4 50 19 16 "A"
8 -9 50 19 17 "A"
8 -6 10 19 18 "F"
8 5 50 19 19 "A"
8 -9 40 19 20 "R"
8 1 10 19 21 "F"
8 2 50 19 22 "A"
8 -3 50 19 23 "A"
8 4 50 19 24 "A"
8 4 50 19 25 "A"
8 2 50 19 26 "A"
8 -36 50 19 27 "A"
8 -6 20 19 28 "V"
8 -12 10 19 29 "F"
8 -6 20 19 30 "V"
8 -9 50 19 31 "A"
8 1 10 19 32 "F"
8 -9 50 19 33 "A"
8 1 10 19 34 "F"
8 -3 50 19 35 "A"
8 1 10 19 36 "F"
8 -9 50 19 37 "A"
8 -12 20 19 38 "V"
8 1 10 19 39 "F"
8 2 50 19 40 "A"
8 -9 50 19 41 "A"
8 -6 10 19 42 "F"
8 -12 10 19 43 "F"
8 -12 10 19 44 "F"
8 -9 50 19 45 "A"
8 1 40 19 46 "R"
8 4 50 19 47 "A"
8 4 50 19 48 "A"
8 2 50 19 49 "A"
8 2 50 19 50 "A"
8 -9 50 19 51 "A"
8 -3 50 19 52 "A"
8 1 10 19 53 "F"
8 -3 50 19 54 "A"
8 -3 40 19 55 "R"
8 1 10 19 56 "F"
8 -9 50 19 57 "A"
8 2 50 19 58 "A"
8 -9 50 19 59 "A"
8 1 10 19 60 "F"
8 -9 50 19 61 "A"
8 3 10 19 62 "F"
8 4 50 19 63 "A"
8 2 50 19 64 "A"
8 1 40 19 65 "R"
8 2 50 19 66 "A"
8 1 40 19 67 "R"
8 -3 50 19 68 "A"
8 -6 10 19 69 "F"
8 1 10 19 70 "F"
8 -3 50 19 71 "A"
8 1 10 19 72 "F"
8 -9 50 19 73 "A"
8 3 10 19 74 "F"
8 -36 50 19 75 "A"
8 -12 10 19 76 "F"
8 -36 50 19 77 "A"
8 -6 10 19 78 "F"
8 1 10 19 79 "F"
8 2 50 19 80 "A"
8 -9 50 19 81 "A"
8 -3 50 19 82 "A"
8 1 40 19 83 "R"
8 -3 50 19 84 "A"
8 -12 10 19 85 "F"
8 1 40 19 86 "R"
8 -36 50 19 87 "A"
8 1 10 19 88 "F"
8 -3 50 19 89 "A"
8 1 40 19 90 "R"
8 -3 50 19 91 "A"
8 -6 10 19 92 "F"
8 -12 10 19 93 "F"
8 -3 40 19 94 "R"
8 12 10 19 95 "F"
8 -9 50 19 96 "A"
8 -3 50 19 97 "A"
8 1 40 19 98 "R"
8 4 50 19 99 "A"
8 -3 50 19 100 "A"
8 3 10 19 101 "F"
8 2 50 19 102 "A"
8 1 40 19 103 "R"
8 2 50 19 104 "A"
8 5 50 19 105 "A"
8 -3 50 19 106 "A"
8 3 10 19 107 "F"
8 -3 50 19 108 "A"
8 3 40 19 109 "R"
8 -3 50 19 110 "A"
8 -6 10 19 111 "F"
8 -3 50 19 112 "A"
8 5 20 19 113 "V"
8 2 50 19 114 "A"
8 -36 50 19 115 "A"
8 2 50 19 116 "A"
8 3 40 19 117 "R"
8 -3 50 19 118 "A"
8 4 20 19 119 "V"
8 -3 50 19 120 "A"
8 1 10 19 121 "F"
8 2 50 19 122 "A"
8 -3 50 19 123 "A"
8 -6 20 19 124 "V"
8 -9 50 19 125 "A"
8 -6 10 19 126 "F"
8 -36 50 19 127 "A"
8 -6 10 19 128 "F"
8 -6 10 19 129 "F"
8 -3 50 19 130 "A"
8 -12 10 19 131 "F"
8 -6 10 19 132 "F"
8 -12 10 19 133 "F"
8 -6 10 19 134 "F"
8 -9 50 19 135 "A"
8 1 40 19 136 "R"
8 5 50 19 137 "A"
8 2 50 19 138 "A"
8 -9 50 19 139 "A"
8 1 10 19 140 "F"
8 -12 20 20 1 "V"
8 -3 50 20 2 "A"
8 -12 10 20 3 "F"
8 2 50 20 4 "A"
8 4 20 20 5 "V"
8 2 50 20 6 "A"
8 -9 50 20 7 "A"
8 -9 50 20 8 "A"
8 1 40 20 9 "R"
8 -6 20 20 10 "V"
8 -3 50 20 11 "A"
8 -6 20 20 12 "V"
8 -15 10 20 13 "F"
8 1 40 20 14 "R"
8 -3 50 20 15 "A"
8 -3 50 20 16 "A"
8 -6 10 20 17 "F"
8 1 10 20 18 "F"
8 4 50 20 19 "A"
8 2 50 20 20 "A"
8 4 20 20 21 "V"
8 -3 50 20 22 "A"
8 -12 10 20 23 "F"
8 -6 20 20 24 "V"
8 -3 50 20 25 "A"
8 1 10 20 26 "F"
8 -9 50 20 27 "A"
8 1 10 20 28 "F"
8 4 50 20 29 "A"
8 1 40 20 30 "R"
8 -9 50 20 31 "A"
8 -6 20 20 32 "V"
8 5 50 20 33 "A"
8 -3 50 20 34 "A"
8 3 10 20 35 "F"
8 -3 50 20 36 "A"
8 -15 10 20 37 "F"
8 1 10 20 38 "F"
8 -9 50 20 39 "A"
8 -6 10 20 40 "F"
8 -12 10 20 41 "F"
8 4 50 20 42 "A"
8 5 50 20 43 "A"
8 -3 50 20 44 "A"
8 -15 10 20 45 "F"
8 2 20 20 46 "V"
8 -9 50 20 47 "A"
8 3 10 20 48 "F"
8 2 50 20 49 "A"
8 2 50 20 50 "A"
8 4 50 20 51 "A"
8 2 50 20 52 "A"
8 -9 40 20 53 "R"
8 -6 20 20 54 "V"
8 -12 10 20 55 "F"
8 1 10 20 56 "F"
8 5 50 20 57 "A"
8 -3 50 20 58 "A"
8 -6 10 20 59 "F"
8 1 10 20 60 "F"
8 -3 40 20 61 "R"
8 1 40 20 62 "R"
8 5 50 20 63 "A"
8 -36 50 20 64 "A"
8 -36 50 20 65 "A"
8 -6 10 20 66 "F"
8 4 50 20 67 "A"
8 -3 50 20 68 "A"
8 -6 10 20 69 "F"
8 -9 50 20 70 "A"
8 4 50 20 71 "A"
8 2 50 20 72 "A"
8 1 40 20 73 "R"
8 -3 50 20 74 "A"
8 -9 50 20 75 "A"
8 -6 10 20 76 "F"
8 2 50 20 77 "A"
8 2 50 20 78 "A"
8 2 50 21 1 "A"
8 2 20 21 2 "V"
8 4 50 21 3 "A"
8 -6 10 21 4 "F"
8 -9 50 21 5 "A"
8 1 10 21 6 "F"
8 2 50 21 7 "A"
8 -3 50 21 8 "A"
8 -9 50 21 9 "A"
8 1 10 21 10 "F"
8 2 50 21 11 "A"
8 2 50 21 12 "A"
8 2 20 21 13 "V"
8 -3 50 21 14 "A"
8 -3 50 21 15 "A"
8 -6 20 21 16 "V"
8 -9 50 21 17 "A"
8 -3 50 21 18 "A"
8 -9 50 21 19 "A"
8 2 50 21 20 "A"
8 4 50 21 21 "A"
8 -12 20 21 22 "V"
8 -9 50 21 23 "A"
8 2 50 21 24 "A"
8 2 20 21 25 "V"
8 -9 50 21 26 "A"
8 2 50 21 27 "A"
8 -6 20 21 28 "V"
8 -15 20 21 29 "V"
8 3 10 21 30 "F"
8 -6 10 21 31 "F"
8 2 20 21 32 "V"
8 5 50 21 33 "A"
8 -9 50 21 34 "A"
8 -36 50 21 35 "A"
8 -6 20 21 36 "V"
8 4 50 21 37 "A"
8 1 40 21 38 "R"
8 -9 50 21 39 "A"
8 2 50 21 40 "A"
8 12 10 21 41 "F"
8 4 50 21 42 "A"
8 -9 50 21 43 "A"
8 1 10 21 44 "F"
8 -9 50 21 45 "A"
8 2 50 21 46 "A"
8 -15 10 21 47 "F"
8 2 50 21 48 "A"
8 3 10 21 49 "F"
8 1 10 21 50 "F"
8 -3 50 21 51 "A"
8 2 50 21 52 "A"
8 3 40 21 53 "R"
8 -3 50 21 54 "A"
8 12 10 21 55 "F"
8 -3 50 21 56 "A"
8 -9 50 21 57 "A"
8 2 50 21 58 "A"
8 4 50 21 59 "A"
8 -9 50 21 60 "A"
8 -6 10 21 61 "F"
8 -3 40 21 62 "R"
8 5 50 21 63 "A"
8 1 10 21 64 "F"
8 4 50 21 65 "A"
8 -3 40 21 66 "R"
8 1 10 21 67 "F"
8 2 20 21 68 "V"
8 -3 50 21 69 "A"
8 -3 50 21 70 "A"
8 1 10 21 71 "F"
8 -3 50 21 72 "A"
8 -9 50 21 73 "A"
8 3 40 21 74 "R"
8 12 10 21 75 "F"
8 2 50 21 76 "A"
8 -12 10 21 77 "F"
8 -6 20 21 78 "V"
8 3 10 21 79 "F"
8 -9 40 21 80 "R"
8 4 50 21 81 "A"
8 2 50 21 82 "A"
8 -6 10 21 83 "F"
8 -3 50 21 84 "A"
8 3 10 21 85 "F"
8 -6 20 21 86 "V"
8 4 50 21 87 "A"
8 -6 10 21 88 "F"
8 4 20 21 89 "V"
8 2 20 21 90 "V"
8 -9 50 21 91 "A"
8 -3 50 21 92 "A"
8 5 50 21 93 "A"
8 -6 10 21 94 "F"
8 -9 40 21 95 "R"
8 4 50 21 96 "A"
8 3 10 21 97 "F"
8 4 50 21 98 "A"
8 1 40 21 99 "R"
8 1 10 21 100 "F"
8 2 50 21 101 "A"
8 4 50 21 102 "A"
8 12 10 21 103 "F"
8 -9 40 21 104 "R"
8 5 50 21 105 "A"
8 -3 40 21 106 "R"
8 -3 50 21 107 "A"
8 -3 50 21 108 "A"
8 4 20 21 109 "V"
8 -6 10 21 110 "F"
8 2 50 21 111 "A"
8 -3 50 21 112 "A"
8 2 20 21 113 "V"
8 1 40 21 114 "R"
8 -3 50 21 115 "A"
8 -3 50 21 116 "A"
8 -15 10 21 117 "F"
8 2 20 21 118 "V"
8 2 50 22 1 "A"
8 -3 50 22 2 "A"
8 -9 50 22 3 "A"
8 4 20 22 4 "V"
8 -3 50 22 5 "A"
8 2 50 22 6 "A"
8 -9 50 22 7 "A"
8 2 50 22 8 "A"
8 -9 50 22 9 "A"
8 2 50 22 10 "A"
8 -36 50 22 11 "A"
8 -3 50 22 12 "A"
8 -9 50 22 13 "A"
8 4 50 22 14 "A"
8 -3 50 22 15 "A"
8 2 50 22 16 "A"
8 4 50 22 17 "A"
8 2 50 22 18 "A"
8 3 40 22 19 "R"
8 -9 50 22 20 "A"
8 -9 40 22 21 "R"
8 2 50 22 22 "A"
8 -9 50 22 23 "A"
8 -12 20 22 24 "V"
8 4 50 22 25 "A"
8 2 50 22 26 "A"
8 -3 50 22 27 "A"
8 -3 50 22 28 "A"
8 -9 50 22 29 "A"
8 -3 50 22 30 "A"
8 -3 50 22 31 "A"
8 -3 40 22 32 "R"
8 -3 50 22 33 "A"
8 4 20 22 34 "V"
8 -3 50 22 35 "A"
8 -6 10 22 36 "F"
8 -9 50 22 37 "A"
8 4 50 22 38 "A"
8 12 40 22 39 "R"
8 -3 50 22 40 "A"
8 -3 50 22 41 "A"
8 1 40 22 42 "R"
8 -12 20 22 43 "V"
8 -3 40 22 44 "R"
8 4 50 22 45 "A"
8 -3 50 22 46 "A"
8 2 50 22 47 "A"
8 -3 50 22 48 "A"
8 -9 50 22 49 "A"
8 2 50 22 50 "A"
8 -9 50 22 51 "A"
8 -3 40 22 52 "R"
8 2 50 22 53 "A"
8 -3 50 22 54 "A"
8 3 40 22 55 "R"
8 2 50 22 56 "A"
8 4 50 22 57 "A"
8 1 10 22 58 "F"
8 4 50 22 59 "A"
8 -3 50 22 60 "A"
8 -36 50 22 61 "A"
8 1 40 22 62 "R"
8 -3 50 22 63 "A"
8 2 50 22 64 "A"
8 -9 40 22 65 "R"
8 -3 50 22 66 "A"
8 -36 50 22 67 "A"
8 -3 50 22 68 "A"
8 2 20 22 69 "V"
8 -3 40 22 70 "R"
8 4 50 22 71 "A"
8 4 20 22 72 "V"
8 -36 50 22 73 "A"
8 -6 20 22 74 "V"
8 2 50 22 75 "A"
8 -9 40 22 76 "R"
8 -3 50 22 77 "A"
8 -3 40 22 78 "R"
8 -6 20 22 79 "V"
8 2 50 22 80 "A"
8 4 50 22 81 "A"
8 -3 40 22 82 "R"
8 3 40 22 83 "R"
8 -3 50 22 84 "A"
8 -15 20 22 85 "V"
8 -6 20 22 86 "V"
8 -3 50 22 87 "A"
8 -6 20 22 88 "V"
8 -9 50 22 89 "A"
8 2 50 22 90 "A"
8 5 50 22 91 "A"
8 2 20 22 92 "V"
8 -9 50 22 93 "A"
8 -9 50 22 94 "A"
8 2 20 22 95 "V"
8 -9 50 22 96 "A"
8 4 50 22 97 "A"
8 1 40 22 98 "R"
8 -36 50 22 99 "A"
8 -3 50 22 100 "A"
8 1 10 22 101 "F"
8 -3 50 22 102 "A"
8 -36 40 22 103 "R"
8 2 50 22 104 "A"
8 -9 50 22 105 "A"
8 2 50 22 106 "A"
8 4 20 22 107 "V"
8 -3 50 22 108 "A"
8 -6 20 22 109 "V"
8 -3 50 22 110 "A"
8 1 10 22 111 "F"
8 -6 20 22 112 "V"
8 -15 10 22 113 "F"
8 2 50 22 114 "A"
8 -9 50 22 115 "A"
8 -9 50 22 116 "A"
8 -36 50 22 117 "A"
8 -9 50 22 118 "A"
8 -12 10 22 119 "F"
8 2 50 22 120 "A"
8 -9 40 22 121 "R"
8 -3 40 22 122 "R"
8 -9 50 22 123 "A"
8 -6 20 22 124 "V"
8 -9 40 22 125 "R"
8 1 40 22 126 "R"
8 2 20 22 127 "V"
8 2 50 22 128 "A"
8 -9 40 22 129 "R"
8 1 40 22 130 "R"
8 4 50 22 131 "A"
8 2 50 22 132 "A"
8 -9 50 22 133 "A"
8 1 40 22 134 "R"
8 4 50 22 135 "A"
8 -12 20 23 1 "V"
8 2 50 23 2 "A"
8 -6 20 23 3 "V"
8 -12 10 23 4 "F"
8 -6 20 23 5 "V"
8 -6 10 23 6 "F"
8 -15 10 23 7 "F"
8 2 20 23 8 "V"
8 4 50 23 9 "A"
8 2 50 23 10 "A"
8 -9 50 23 11 "A"
8 3 10 23 12 "F"
8 4 50 23 13 "A"
8 2 50 23 14 "A"
8 2 50 23 15 "A"
8 4 50 23 16 "A"
8 -9 50 23 17 "A"
8 -6 10 23 18 "F"
8 5 50 23 19 "A"
8 -9 50 23 20 "A"
8 1 10 23 21 "F"
8 2 50 23 22 "A"
8 -3 40 23 23 "R"
8 4 50 23 24 "A"
8 4 50 23 25 "A"
8 2 50 23 26 "A"
8 -36 40 23 27 "R"
8 -3 50 23 28 "A"
8 -12 10 23 29 "F"
8 -3 40 23 30 "R"
8 -12 20 23 31 "V"
8 1 40 23 32 "R"
8 -9 50 23 33 "A"
8 2 20 23 34 "V"
8 -3 50 23 35 "A"
8 2 50 23 36 "A"
8 -9 40 23 37 "R"
8 -9 50 23 38 "A"
8 1 40 23 39 "R"
8 2 50 23 40 "A"
8 -9 50 23 41 "A"
8 -6 20 23 42 "V"
8 -9 40 23 43 "R"
8 -9 40 23 44 "R"
8 -9 40 23 45 "R"
8 1 40 23 46 "R"
8 4 50 23 47 "A"
8 4 50 23 48 "A"
8 2 50 23 49 "A"
8 1 40 23 50 "R"
8 -9 50 23 51 "A"
8 -6 20 23 52 "V"
8 2 50 23 53 "A"
8 -3 50 23 54 "A"
8 -6 20 23 55 "V"
8 1 40 23 56 "R"
8 -9 40 23 57 "R"
8 1 40 23 58 "R"
8 -9 50 23 59 "A"
8 -240 40 23 60 "R"
8 -9 40 23 61 "R"
8 4 20 23 62 "V"
8 4 50 23 63 "A"
8 2 50 23 64 "A"
8 2 50 23 65 "A"
8 2 50 23 66 "A"
8 1 40 23 67 "R"
8 -3 50 23 68 "A"
8 -3 50 23 69 "A"
8 2 50 23 70 "A"
8 -3 40 23 71 "R"
8 2 20 23 72 "V"
8 -9 50 23 73 "A"
8 4 50 23 74 "A"
8 -36 50 23 75 "A"
8 -9 40 23 76 "R"
8 -36 40 23 77 "R"
8 -3 40 23 78 "R"
8 1 40 23 79 "R"
8 2 50 23 80 "A"
8 -9 50 23 81 "A"
8 -3 40 23 82 "R"
8 1 40 23 83 "R"
8 -3 40 23 84 "R"
8 -12 10 23 85 "F"
8 2 50 23 86 "A"
8 -36 50 23 87 "A"
8 2 20 23 88 "V"
8 -3 50 23 89 "A"
8 1 40 23 90 "R"
8 -3 50 23 91 "A"
8 -6 10 23 92 "F"
8 -9 40 23 93 "R"
8 -6 20 23 94 "V"
8 5 50 23 95 "A"
8 -9 50 23 96 "A"
8 -3 40 23 97 "R"
8 2 50 23 98 "A"
8 4 50 23 99 "A"
8 -3 50 23 100 "A"
8 4 50 23 101 "A"
8 2 50 23 102 "A"
8 1 40 23 103 "R"
8 2 50 23 104 "A"
8 12 40 23 105 "R"
8 -3 50 23 106 "A"
8 4 50 23 107 "A"
8 -3 50 23 108 "A"
8 3 40 23 109 "R"
8 -3 50 23 110 "A"
8 -6 20 23 111 "V"
8 -3 50 23 112 "A"
8 12 40 23 113 "R"
8 2 50 23 114 "A"
8 -36 40 23 115 "R"
8 1 10 23 116 "F"
8 4 50 23 117 "A"
8 -3 50 23 118 "A"
8 4 20 23 119 "V"
8 -3 50 23 120 "A"
8 1 10 23 121 "F"
8 2 50 23 122 "A"
8 -3 40 23 123 "R"
8 -6 10 23 124 "F"
8 -9 50 23 125 "A"
8 -6 20 23 126 "V"
8 -36 50 23 127 "A"
8 -3 50 23 128 "A"
8 -3 40 23 129 "R"
8 -3 40 23 130 "R"
8 -9 50 23 131 "A"
8 -3 40 23 132 "R"
8 -9 50 23 133 "A"
8 -3 40 23 134 "R"
8 -9 50 23 135 "A"
8 -9 50 24 1 "A"
8 2 50 24 2 "A"
8 -3 50 24 3 "A"
8 -12 10 24 4 "F"
8 -3 50 24 5 "A"
8 -6 10 24 6 "F"
8 -36 50 24 7 "A"
8 2 50 24 8 "A"
8 4 50 24 9 "A"
8 2 20 24 10 "V"
8 -9 50 24 11 "A"
8 3 40 24 12 "R"
8 4 50 24 13 "A"
8 2 50 24 14 "A"
8 2 50 24 15 "A"
8 4 20 24 16 "V"
8 -9 50 24 17 "A"
8 -3 50 24 18 "A"
8 5 50 24 19 "A"
8 -9 50 24 20 "A"
8 2 20 24 21 "V"
8 2 20 24 22 "V"
8 -3 50 24 23 "A"
8 4 20 24 24 "V"
8 4 50 24 25 "A"
8 2 50 24 26 "A"
8 -36 40 24 27 "R"
8 -3 50 24 28 "A"
8 -12 10 24 29 "F"
8 -3 50 24 30 "A"
8 -12 10 24 31 "F"
8 2 20 24 32 "V"
8 -12 10 24 33 "F"
8 2 50 24 34 "A"
8 -3 50 24 35 "A"
8 2 50 24 36 "A"
8 -12 10 24 37 "F"
8 -9 50 24 38 "A"
8 2 50 24 39 "A"
8 2 50 24 40 "A"
8 -12 20 24 41 "V"
8 -3 50 24 42 "A"
8 -9 50 24 43 "A"
8 -9 40 24 44 "R"
8 -12 20 24 45 "V"
8 2 50 24 46 "A"
8 4 20 24 47 "V"
8 4 50 24 48 "A"
8 1 10 24 49 "F"
8 2 50 24 50 "A"
8 -9 50 24 51 "A"
8 -6 20 24 52 "V"
8 2 50 24 53 "A"
8 -3 50 24 54 "A"
8 -6 20 24 55 "V"
8 2 50 24 56 "A"
8 -9 40 24 57 "R"
8 2 50 24 58 "A"
8 -9 40 24 59 "R"
8 2 50 24 60 "A"
8 -12 10 24 61 "F"
8 3 10 24 62 "F"
8 4 50 24 63 "A"
8 2 50 24 64 "A"
8 2 50 24 65 "A"
8 1 40 24 66 "R"
8 2 50 24 67 "A"
8 -6 20 24 68 "V"
8 -3 50 24 69 "A"
8 2 50 24 70 "A"
8 -6 10 24 71 "F"
8 2 50 24 72 "A"
8 -9 50 24 73 "A"
8 4 20 24 74 "V"
8 -36 50 24 75 "A"
8 -9 50 24 76 "A"
8 -15 20 24 77 "V"
8 -6 20 24 78 "V"
8 1 10 24 79 "F"
8 2 20 24 80 "V"
8 -9 50 24 81 "A"
8 -3 50 24 82 "A"
8 2 20 24 83 "V"
8 -3 50 24 84 "A"
8 -12 10 24 85 "F"
8 1 10 24 86 "F"
8 -36 50 24 87 "A"
8 2 20 24 88 "V"
8 -3 50 24 89 "A"
8 2 20 24 90 "V"
8 -3 50 24 91 "A"
8 -3 50 24 92 "A"
8 -9 50 24 93 "A"
8 -6 20 24 94 "V"
8 12 10 24 95 "F"
8 -9 50 24 96 "A"
8 -3 40 24 97 "R"
8 1 40 24 98 "R"
8 3 40 24 99 "R"
8 -3 50 24 100 "A"
8 3 10 24 101 "F"
8 2 50 24 102 "A"
8 1 40 24 103 "R"
8 1 40 24 104 "R"
8 5 50 24 105 "A"
8 -3 50 24 106 "A"
8 4 50 24 107 "A"
8 -3 50 24 108 "A"
8 3 10 24 109 "F"
8 -3 50 24 110 "A"
8 -6 20 24 111 "V"
8 -3 50 24 112 "A"
8 5 50 24 113 "A"
8 2 20 24 114 "V"
8 -36 50 24 115 "A"
8 2 50 24 116 "A"
8 4 50 24 117 "A"
8 2 50 25 1 "A"
8 -3 40 25 2 "R"
8 -9 50 25 3 "A"
8 3 40 25 4 "R"
8 -3 50 25 5 "A"
8 2 20 25 6 "V"
8 -9 50 25 7 "A"
8 1 40 25 8 "R"
8 -12 10 25 9 "F"
8 2 50 25 10 "A"
8 -36 40 25 11 "R"
8 -3 50 25 12 "A"
8 -9 40 25 13 "R"
8 4 50 25 14 "A"
8 -3 50 25 15 "A"
8 1 10 25 16 "F"
8 4 50 25 17 "A"
8 1 40 25 18 "R"
8 4 20 25 19 "V"
8 -9 50 25 20 "A"
8 -9 50 25 21 "A"
8 2 50 25 22 "A"
8 -9 50 25 23 "A"
8 -9 50 25 24 "A"
8 4 50 25 25 "A"
8 2 20 25 26 "V"
8 -3 50 25 27 "A"
8 -3 50 25 28 "A"
8 -12 20 25 29 "V"
8 -3 40 25 30 "R"
8 -3 50 25 31 "A"
8 -3 40 25 32 "R"
8 -3 50 25 33 "A"
8 4 50 25 34 "A"
8 -3 40 25 35 "R"
8 -6 20 25 36 "V"
8 -9 50 25 37 "A"
8 4 50 25 38 "A"
8 12 40 25 39 "R"
8 -3 40 25 40 "R"
8 -3 50 25 41 "A"
8 2 50 25 42 "A"
8 -9 50 25 43 "A"
8 -3 50 25 44 "A"
8 4 50 25 45 "A"
8 -6 20 25 46 "V"
8 2 50 25 47 "A"
8 -3 40 25 48 "R"
8 -9 50 25 49 "A"
8 2 50 25 50 "A"
8 -9 40 25 51 "R"
8 -6 20 25 52 "V"
8 2 50 25 53 "A"
8 -3 50 25 54 "A"
8 3 40 25 55 "R"
8 2 50 25 56 "A"
8 3 10 25 57 "F"
8 1 10 25 58 "F"
8 4 50 25 59 "A"
8 -3 50 25 60 "A"
8 -36 50 25 61 "A"
8 2 20 25 62 "V"
8 -3 50 25 63 "A"
8 2 50 25 64 "A"
8 -9 40 25 65 "R"
8 -3 50 25 66 "A"
8 -15 10 25 67 "F"
8 -3 50 25 68 "A"
8 2 50 25 69 "A"
8 -6 10 25 70 "F"
8 4 50 25 71 "A"
8 4 50 25 72 "A"
8 -15 20 25 73 "V"
8 -6 20 25 74 "V"
8 2 50 25 75 "A"
8 -9 50 25 76 "A"
8 -3 50 25 77 "A"
8 -6 20 25 78 "V"
8 -3 50 25 79 "A"
8 2 50 25 80 "A"
8 4 50 25 81 "A"
8 -3 50 25 82 "A"
8 4 50 25 83 "A"
8 -3 40 25 84 "R"
8 -36 50 25 85 "A"
8 -3 50 25 86 "A"
8 -6 10 25 87 "F"
8 -3 50 25 88 "A"
8 -12 20 25 89 "V"
8 2 50 25 90 "A"
8 5 50 25 91 "A"
8 2 50 25 92 "A"
8 -9 50 25 93 "A"
8 -9 50 25 94 "A"
8 1 10 25 95 "F"
8 -9 50 25 96 "A"
8 4 50 25 97 "A"
8 2 50 25 98 "A"
8 -36 50 25 99 "A"
8 -3 50 25 100 "A"
8 2 50 25 101 "A"
8 -3 50 25 102 "A"
8 -36 50 25 103 "A"
8 2 50 25 104 "A"
8 -9 50 25 105 "A"
8 2 50 25 106 "A"
8 4 20 25 107 "V"
8 -3 50 25 108 "A"
8 -3 40 25 109 "R"
8 -3 50 25 110 "A"
8 2 20 25 111 "V"
8 -3 50 25 112 "A"
8 -15 20 25 113 "V"
8 2 50 25 114 "A"
8 -9 50 25 115 "A"
8 -9 50 25 116 "A"
8 -36 50 25 117 "A"
8 -9 50 25 118 "A"
8 -9 50 25 119 "A"
8 2 20 25 120 "V"
8 -9 50 25 121 "A"
8 -6 20 25 122 "V"
8 -12 20 25 123 "V"
8 2 50 26 1 "A"
8 2 20 26 2 "V"
8 4 50 26 3 "A"
8 -3 50 26 4 "A"
8 -12 20 26 5 "V"
8 2 50 26 6 "A"
8 1 40 26 7 "R"
8 -6 20 26 8 "V"
8 -9 40 26 9 "R"
8 2 50 26 10 "A"
8 1 40 26 11 "R"
8 2 50 26 12 "A"
8 2 50 26 13 "A"
8 -3 50 26 14 "A"
8 -6 20 26 15 "V"
8 -3 40 26 16 "R"
8 -9 50 26 17 "A"
8 -6 20 26 18 "V"
8 -9 50 26 19 "A"
8 2 50 26 20 "A"
8 4 50 26 21 "A"
8 -12 20 26 22 "V"
8 -9 50 26 23 "A"
8 2 50 26 24 "A"
8 2 20 26 25 "V"
8 -9 50 26 26 "A"
8 2 20 26 27 "V"
8 -3 50 26 28 "A"
8 -36 50 26 29 "A"
8 4 50 26 30 "A"
8 -3 50 26 31 "A"
8 1 10 26 32 "F"
8 12 40 26 33 "R"
8 -9 40 26 34 "R"
8 -36 50 26 35 "A"
8 -3 50 26 36 "A"
8 4 50 26 37 "A"
8 2 50 26 38 "A"
8 -9 40 26 39 "R"
8 2 50 26 40 "A"
8 5 50 26 41 "A"
8 4 50 26 42 "A"
8 -9 50 26 43 "A"
8 2 50 26 44 "A"
8 -9 40 26 45 "R"
8 2 20 26 46 "V"
8 -36 50 26 47 "A"
8 1 40 26 48 "R"
8 4 50 26 49 "A"
8 1 40 26 50 "R"
8 -3 50 26 51 "A"
8 2 50 26 52 "A"
8 4 50 26 53 "A"
8 -3 50 26 54 "A"
8 5 50 26 55 "A"
8 -3 50 26 56 "A"
8 -9 40 26 57 "R"
8 2 50 26 58 "A"
8 3 40 26 59 "R"
8 -9 40 26 60 "R"
8 -3 50 26 61 "A"
8 -3 40 26 62 "R"
8 5 20 26 63 "V"
8 2 50 26 64 "A"
8 4 50 26 65 "A"
8 -3 50 26 66 "A"
8 2 50 26 67 "A"
8 2 50 26 68 "A"
8 -3 50 26 69 "A"
8 -3 50 26 70 "A"
8 2 50 26 71 "A"
8 -3 40 26 72 "R"
8 -9 50 26 73 "A"
8 4 50 26 74 "A"
8 12 40 26 75 "R"
8 2 20 26 76 "V"
8 -9 50 26 77 "A"
8 -3 40 26 78 "R"
8 4 20 26 79 "V"
8 -9 50 26 80 "A"
8 3 40 26 81 "R"
8 2 50 26 82 "A"
8 -3 40 26 83 "R"
8 -3 50 26 84 "A"
8 3 40 26 85 "R"
8 -3 50 26 86 "A"
8 3 40 26 87 "R"
8 -6 20 26 88 "V"
8 4 50 26 89 "A"
8 2 50 26 90 "A"
8 -9 50 26 91 "A"
8 -3 50 26 92 "A"
8 5 50 26 93 "A"
8 -3 40 26 94 "R"
8 -9 50 26 95 "A"
8 4 50 26 96 "A"
8 4 50 26 97 "A"
8 4 50 26 98 "A"
8 2 20 26 99 "V"
8 2 50 26 100 "A"
8 1 40 26 101 "R"
8 4 50 26 102 "A"
8 5 50 26 103 "A"
8 -9 40 26 104 "R"
8 5 50 26 105 "A"
8 -3 50 26 106 "A"
8 -3 40 26 107 "R"
8 -3 50 26 108 "A"
8 4 50 26 109 "A"
8 -3 50 26 110 "A"
8 2 50 26 111 "A"
8 -6 20 26 112 "V"
8 2 50 26 113 "A"
8 2 50 26 114 "A"
8 -3 50 26 115 "A"
8 -3 50 26 116 "A"
8 -36 50 26 117 "A"
8 1 40 26 118 "R"
8 -3 50 26 119 "A"
8 4 50 26 120 "A"
8 -3 40 26 121 "R"
8 -3 50 26 122 "A"
8 -36 50 26 123 "A"
8 1 40 26 124 "R"
8 -9 50 26 125 "A"
8 -3 50 26 126 "A"
8 -3 50 26 127 "A"
8 1 10 26 128 "F"
8 -3 40 27 1 "R"
8 2 20 27 2 "V"
8 5 50 27 3 "A"
8 -3 40 27 4 "R"
8 -12 20 27 5 "V"
8 -6 10 27 6 "F"
8 -12 20 27 7 "V"
8 -6 10 27 8 "F"
8 12 10 27 9 "F"
8 2 50 27 10 "A"
8 4 50 27 11 "A"
8 2 50 27 12 "A"
8 3 40 27 13 "R"
8 -3 50 27 14 "A"
8 -9 50 27 15 "A"
8 2 20 27 16 "V"
8 -36 50 27 17 "A"
8 1 40 27 18 "R"
8 4 50 27 19 "A"
8 -3 40 27 20 "R"
8 -36 40 27 21 "R"
8 -12 10 27 22 "F"
8 4 20 27 23 "V"
8 -3 50 27 24 "A"
8 12 10 27 25 "F"
8 -9 50 27 26 "A"
8 3 40 27 27 "R"
8 -3 50 27 28 "A"
8 4 20 27 29 "V"
8 2 50 27 30 "A"
8 -9 40 27 31 "R"
8 -3 40 27 32 "R"
8 -9 50 27 33 "A"
8 2 20 27 34 "V"
8 5 50 27 35 "A"
8 4 50 27 36 "A"
8 4 50 27 37 "A"
8 -3 40 27 38 "R"
8 4 20 27 39 "V"
8 2 50 27 40 "A"
8 12 40 27 41 "R"
8 1 40 27 42 "R"
8 2 50 27 43 "A"
8 1 40 27 44 "R"
8 -3 50 27 45 "A"
8 -6 10 27 46 "F"
8 -3 50 27 47 "A"
8 1 40 27 48 "R"
8 -36 50 27 49 "A"
8 1 40 27 50 "R"
8 2 50 27 51 "A"
8 1 40 27 52 "R"
8 4 50 27 53 "A"
8 2 50 27 54 "A"
8 1 40 27 55 "R"
8 -9 50 27 56 "A"
8 2 20 27 57 "V"
8 4 50 27 58 "A"
8 -3 50 27 59 "A"
8 -6 20 27 60 "V"
8 -9 40 27 61 "R"
8 -6 20 27 62 "V"
8 1 40 27 63 "R"
8 -3 50 27 64 "A"
8 3 40 27 65 "R"
8 2 50 27 66 "A"
8 -9 40 27 67 "R"
8 2 50 27 68 "A"
8 -9 50 27 69 "A"
8 1 40 27 70 "R"
8 -3 50 27 71 "A"
8 2 50 27 72 "A"
8 4 50 27 73 "A"
8 -9 50 27 74 "A"
8 -9 40 27 75 "R"
8 -3 50 27 76 "A"
8 -9 40 27 77 "R"
8 -3 40 27 78 "R"
8 -9 50 27 79 "A"
8 -3 50 27 80 "A"
8 -9 50 27 81 "A"
8 -3 50 27 82 "A"
8 3 40 27 83 "R"
8 -3 50 27 84 "A"
8 -6 10 27 85 "F"
8 -9 40 27 86 "R"
8 -3 40 27 87 "R"
8 -3 50 27 88 "A"
8 -36 50 27 89 "A"
8 1 40 27 90 "R"
8 -36 50 27 91 "A"
8 1 40 27 92 "R"
8 -3 50 27 93 "A"
8 4 50 27 94 "A"
8 -9 40 27 95 "R"
8 1 40 27 96 "R"
8 4 50 27 97 "A"
8 -3 50 27 98 "A"
8 -3 40 27 99 "R"
8 -3 40 27 100 "R"
8 2 50 27 101 "A"
8 1 40 27 102 "R"
8 -9 50 27 103 "A"
8 3 40 27 104 "R"
8 5 50 27 105 "A"
8 2 50 27 106 "A"
8 -36 40 27 107 "R"
8 1 10 27 108 "F"
8 4 50 27 109 "A"
8 2 50 27 110 "A"
8 -3 50 27 111 "A"
8 2 20 27 112 "V"
8 4 50 27 113 "A"
8 -9 50 27 114 "A"
8 -3 40 28 1 "R"
8 2 50 28 2 "A"
8 12 40 28 3 "R"
8 -3 50 28 4 "A"
8 -12 20 28 5 "V"
8 -6 10 28 6 "F"
8 -9 50 28 7 "A"
8 -3 40 28 8 "R"
8 12 10 28 9 "F"
8 2 50 28 10 "A"
8 3 40 28 11 "R"
8 2 50 28 12 "A"
8 3 40 28 13 "R"
8 -3 50 28 14 "A"
8 -12 20 28 15 "V"
8 2 50 28 16 "A"
8 -36 50 28 17 "A"
8 2 50 28 18 "A"
8 4 50 28 19 "A"
8 -3 50 28 20 "A"
8 -15 20 28 21 "V"
8 -9 40 28 22 "R"
8 4 20 28 23 "V"
8 -3 50 28 24 "A"
8 5 20 28 25 "V"
8 -9 50 28 26 "A"
8 3 40 28 27 "R"
8 -3 50 28 28 "A"
8 4 20 28 29 "V"
8 2 50 28 30 "A"
8 -9 40 28 31 "R"
8 -3 50 28 32 "A"
8 -9 40 28 33 "R"
8 1 40 28 34 "R"
8 5 50 28 35 "A"
8 4 50 28 36 "A"
8 3 40 28 37 "R"
8 -3 50 28 38 "A"
8 4 20 28 39 "V"
8 2 50 28 40 "A"
8 12 40 28 41 "R"
8 2 50 28 42 "A"
8 2 50 28 43 "A"
8 1 40 28 44 "R"
8 -3 50 28 45 "A"
8 -6 20 28 46 "V"
8 -3 50 28 47 "A"
8 1 40 28 48 "R"
8 -36 50 28 49 "A"
8 1 40 28 50 "R"
8 2 50 28 51 "A"
8 1 40 28 52 "R"
8 4 50 28 53 "A"
8 2 50 28 54 "A"
8 1 40 28 55 "R"
8 -9 50 28 56 "A"
8 1 10 28 57 "F"
8 4 50 28 58 "A"
8 -3 50 28 59 "A"
8 -240 40 28 60 "R"
8 -9 50 28 61 "A"
8 -6 10 28 62 "F"
8 1 40 28 63 "R"
8 -3 50 28 64 "A"
8 3 40 28 65 "R"
8 2 50 28 66 "A"
8 -9 40 28 67 "R"
8 2 20 28 68 "V"
8 -9 50 28 69 "A"
8 1 40 28 70 "R"
8 -3 50 28 71 "A"
8 2 20 28 72 "V"
8 4 50 28 73 "A"
8 -9 50 28 74 "A"
8 -12 20 28 75 "V"
8 -3 40 28 76 "R"
8 -9 40 28 77 "R"
8 -3 40 28 78 "R"
8 -9 50 28 79 "A"
8 -3 50 28 80 "A"
8 -12 20 28 81 "V"
8 -3 40 28 82 "R"
8 3 40 28 83 "R"
8 -3 50 28 84 "A"
8 -3 40 28 85 "R"
8 -9 40 28 86 "R"
8 -3 40 28 87 "R"
8 -3 40 28 88 "R"
8 -36 40 28 89 "R"
8 1 40 28 90 "R"
8 -36 50 28 91 "A"
8 2 50 28 92 "A"
8 -3 50 28 93 "A"
8 4 20 28 94 "V"
8 -9 50 28 95 "A"
8 2 50 28 96 "A"
8 4 50 28 97 "A"
8 -3 50 28 98 "A"
8 -6 20 28 99 "V"
8 -3 50 28 100 "A"
8 1 40 28 101 "R"
8 2 50 28 102 "A"
8 -9 50 28 103 "A"
8 4 50 28 104 "A"
8 5 50 28 105 "A"
8 2 50 28 106 "A"
8 -36 50 28 107 "A"
8 1 40 28 108 "R"
8 4 50 28 109 "A"
8 2 50 28 110 "A"
8 -3 50 28 111 "A"
8 1 40 28 112 "R"
8 4 50 28 113 "A"
8 -9 50 28 114 "A"
8 -3 40 28 115 "R"
8 -3 50 28 116 "A"
8 -9 40 28 117 "R"
8 1 40 28 118 "R"
8 2 50 28 119 "A"
8 -3 50 28 120 "A"
8 -3 40 28 121 "R"
8 1 40 28 122 "R"
8 -36 50 28 123 "A"
8 2 50 28 124 "A"
8 -36 40 28 125 "R"
8 3 40 28 126 "R"
8 -36 50 28 127 "A"
8 1 40 28 128 "R"
8 -3 50 28 129 "A"
8 2 50 28 130 "A"
8 -9 50 28 131 "A"
8 1 40 28 132 "R"
8 -9 50 28 133 "A"
8 1 40 28 134 "R"
8 4 50 28 135 "A"
8 -3 50 28 136 "A"
8 5 20 28 137 "V"
8 -3 50 28 138 "A"
8 4 20 28 139 "V"
8 -9 50 28 140 "A"
8 -3 40 29 1 "R"
8 2 50 29 2 "A"
8 12 40 29 3 "R"
8 -3 40 29 4 "R"
8 -12 20 29 5 "V"
8 -6 20 29 6 "V"
8 -9 50 29 7 "A"
8 -3 40 29 8 "R"
8 5 20 29 9 "V"
8 2 20 29 10 "V"
8 4 50 29 11 "A"
8 1 40 29 12 "R"
8 4 50 29 13 "A"
8 -3 50 29 14 "A"
8 -12 20 29 15 "V"
8 2 50 29 16 "A"
8 -15 20 29 17 "V"
8 2 50 29 18 "A"
8 4 20 29 19 "V"
8 -6 20 29 20 "V"
8 -15 20 29 21 "V"
8 -9 50 29 22 "A"
8 4 20 29 23 "V"
8 -3 50 29 24 "A"
8 5 50 29 25 "A"
8 -9 50 29 26 "A"
8 4 50 29 27 "A"
8 -3 40 29 28 "R"
8 4 50 29 29 "A"
8 2 50 29 30 "A"
8 -9 40 29 31 "R"
8 -3 50 29 32 "A"
8 -12 20 29 33 "V"
8 2 50 29 34 "A"
8 5 50 29 35 "A"
8 4 50 29 36 "A"
8 4 20 29 37 "V"
8 -3 50 29 38 "A"
8 4 50 29 39 "A"
8 1 40 29 40 "R"
8 5 50 29 41 "A"
8 2 20 29 42 "V"
8 1 40 29 43 "R"
8 2 50 29 44 "A"
8 -3 40 29 45 "R"
8 -3 40 29 46 "R"
8 -3 50 29 47 "A"
8 1 40 29 48 "R"
8 -36 50 29 49 "A"
8 2 50 29 50 "A"
8 1 40 29 51 "R"
8 2 50 29 52 "A"
8 3 40 29 53 "R"
8 2 50 29 54 "A"
8 2 20 29 55 "V"
8 -9 40 29 56 "R"
8 2 50 29 57 "A"
8 4 50 29 58 "A"
8 -3 50 29 59 "A"
8 -3 40 29 60 "R"
8 -9 50 29 61 "A"
8 -3 40 29 62 "R"
8 2 50 29 63 "A"
8 -3 50 29 64 "A"
8 3 40 29 65 "R"
8 2 50 29 66 "A"
8 -9 50 29 67 "A"
8 2 50 29 68 "A"
8 -9 40 29 69 "R"
8 2 50 29 70 "A"
8 -3 40 29 71 "R"
8 2 50 29 72 "A"
8 3 40 29 73 "R"
8 -9 40 29 74 "R"
8 -9 50 29 75 "A"
8 -3 50 29 76 "A"
8 -9 50 29 77 "A"
8 -3 40 29 78 "R"
8 -9 50 29 79 "A"
8 -3 40 29 80 "R"
8 -9 50 29 81 "A"
8 -3 50 29 82 "A"
8 4 50 29 83 "A"
8 -3 50 29 84 "A"
8 -3 50 29 85 "A"
8 -9 40 29 86 "R"
8 -3 40 29 87 "R"
8 -6 20 29 88 "V"
8 -36 50 29 89 "A"
8 2 50 29 90 "A"
8 -36 40 29 91 "R"
8 1 40 29 92 "R"
8 -3 40 29 93 "R"
8 4 50 29 94 "A"
8 -9 40 29 95 "R"
8 1 40 29 96 "R"
8 4 50 29 97 "A"
8 -3 50 29 98 "A"
8 -3 40 29 99 "R"
8 -3 50 29 100 "A"
8 1 40 29 101 "R"
8 1 40 29 102 "R"
8 -9 40 29 103 "R"
8 3 40 29 104 "R"
8 5 50 29 105 "A"
8 2 50 29 106 "A"
8 -36 50 29 107 "A"
8 1 40 29 108 "R"
8 3 40 29 109 "R"
8 2 50 29 110 "A"
8 -3 40 29 111 "R"
8 2 20 29 112 "V"
8 4 50 29 113 "A"
8 -9 50 29 114 "A"
8 -3 40 29 115 "R"
8 -3 40 29 116 "R"
8 -9 50 29 117 "A"
8 1 40 29 118 "R"
8 2 50 29 119 "A"
8 -6 20 29 120 "V"
8 -3 50 29 121 "A"
8 2 50 29 122 "A"
8 -36 50 29 123 "A"
8 2 50 29 124 "A"
8 -36 50 29 125 "A"
8 4 50 29 126 "A"
8 -36 50 29 127 "A"
8 1 40 29 128 "R"
8 -3 50 29 129 "A"
8 2 20 29 130 "V"
8 -12 20 29 131 "V"
8 -12 10 30 1 "F"
8 1 10 30 2 "F"
8 -9 50 30 3 "A"
8 -3 50 30 4 "A"
8 -12 20 30 5 "V"
8 -6 10 30 6 "F"
8 -9 50 30 7 "A"
8 -3 50 30 8 "A"
8 -15 20 30 9 "V"
8 -3 50 30 10 "A"
8 2 20 30 11 "V"
8 2 50 30 12 "A"
8 3 40 30 13 "R"
8 -3 50 30 14 "A"
8 3 40 30 15 "R"
8 2 20 30 16 "V"
8 4 50 30 17 "A"
8 1 10 30 18 "F"
8 -36 50 30 19 "A"
8 -3 40 30 20 "R"
8 -12 10 30 21 "F"
8 -3 50 30 22 "A"
8 2 20 30 23 "V"
8 2 50 30 24 "A"
8 3 40 30 25 "R"
8 -12 20 30 26 "V"
8 -9 50 30 27 "A"
8 -3 50 30 28 "A"
8 3 40 30 29 "R"
8 -3 40 30 30 "R"
8 -12 20 30 31 "V"
8 -36 50 30 32 "A"
8 5 50 30 33 "A"
8 -3 50 30 34 "A"
8 1 10 30 35 "F"
8 -6 10 30 36 "F"
8 2 50 30 37 "A"
8 4 50 30 38 "A"
8 2 20 30 39 "V"
8 2 50 30 40 "A"
8 -3 40 30 41 "R"
8 -3 50 30 42 "A"
8 -3 50 30 43 "A"
8 2 50 30 44 "A"
8 -3 50 30 45 "A"
8 -3 50 30 46 "A"
8 -9 50 30 47 "A"
8 -9 50 30 48 "A"
8 -3 50 30 49 "A"
8 -3 50 30 50 "A"
8 3 40 30 51 "R"
8 2 50 30 52 "A"
8 5 50 30 53 "A"
8 -6 20 30 54 "V"
8 -9 50 30 55 "A"
8 1 40 30 56 "R"
8 -9 50 30 57 "A"
8 1 40 30 58 "R"
8 -3 50 30 59 "A"
8 2 50 30 60 "A"
8 -9 40 30 61 "R"
8 2 20 30 62 "V"
8 4 50 30 63 "A"
8 -3 50 30 64 "A"
8 4 20 30 65 "V"
8 2 50 30 66 "A"
8 -9 40 30 67 "R"
8 2 50 30 68 "A"
8 4 20 30 69 "V"
8 -3 50 30 70 "A"
8 2 50 30 71 "A"
8 -3 50 30 72 "A"
8 -9 40 30 73 "R"
8 -6 10 30 74 "F"
8 -36 50 30 75 "A"
8 2 50 30 76 "A"
8 -12 20 30 77 "V"
8 2 50 30 78 "A"
8 -9 50 30 79 "A"
8 1 40 30 80 "R"
8 -9 50 30 81 "A"
8 -6 20 30 82 "V"
8 4 50 30 83 "A"
8 2 50 30 84 "A"
8 4 20 30 85 "V"
8 -3 50 30 86 "A"
8 -12 10 30 87 "F"
8 2 50 30 88 "A"
8 -6 10 30 89 "F"
8 -3 50 30 90 "A"
8 -9 50 30 91 "A"
8 -3 50 30 92 "A"
8 12 40 30 93 "R"
8 2 50 30 94 "A"
8 -9 40 30 95 "R"
8 -3 50 30 96 "A"
8 5 50 30 97 "A"
8 -3 40 30 98 "R"
8 -3 50 30 99 "A"
8 -6 20 30 100 "V"
8 -36 50 30 101 "A"
8 -3 50 30 102 "A"
8 -9 50 30 103 "A"
8 4 50 30 104 "A"
8 2 50 30 105 "A"
8 4 50 30 106 "A"
8 2 20 30 107 "V"
8 -3 50 30 108 "A"
8 2 20 30 109 "V"
8 -3 50 30 110 "A"
8 -9 40 30 111 "R"
8 -3 40 30 112 "R"
8 4 50 30 113 "A"
8 -9 40 30 114 "R"
8 -3 50 30 115 "A"
8 1 40 30 116 "R"
8 2 20 30 117 "V"
8 2 50 30 118 "A"
8 -3 40 30 119 "R"
8 -3 50 30 120 "A"
8 -9 40 30 121 "R"
8 -9 50 30 122 "A"
8 12 40 30 123 "R"
8 2 20 30 124 "V"
8 -36 50 30 125 "A"
8 4 20 30 126 "V"
8 4 50 30 127 "A"
8 4 50 30 128 "A"
8 -3 40 30 129 "R"
8 -3 50 30 130 "A"
8 -12 10 30 131 "F"
8 -3 50 30 132 "A"
8 -9 50 30 133 "A"
8 2 20 30 134 "V"
8 -3 50 30 135 "A"
8 2 50 30 136 "A"
8 3 10 30 137 "F"
8 -3 50 30 138 "A"
8 -9 50 30 139 "A"
8 -3 50 30 140 "A"
8 -3 40 30 141 "R"
8 2 50 30 142 "A"
8 2 50 30 143 "A"
8 2 50 30 144 "A"
8 -3 40 30 145 "R"
8 -9 40 30 146 "R"
8 4 50 30 147 "A"
8 2 50 30 148 "A"
8 3 40 30 149 "R"
8 -3 40 31 1 "R"
8 1 10 31 2 "F"
8 -9 50 31 3 "A"
8 -3 50 31 4 "A"
8 -9 40 31 5 "R"
8 -6 10 31 6 "F"
8 -6 20 31 7 "V"
8 1 10 31 8 "F"
8 -9 50 31 9 "A"
8 -3 50 31 10 "A"
8 3 40 31 11 "R"
8 -3 50 31 12 "A"
8 5 50 31 13 "A"
8 2 50 31 14 "A"
8 -12 20 31 15 "V"
8 -3 50 31 16 "A"
8 -9 40 31 17 "R"
8 2 50 31 18 "A"
8 -36 50 31 19 "A"
8 -6 20 31 20 "V"
8 4 50 31 21 "A"
8 -3 50 31 22 "A"
8 12 40 31 23 "R"
8 2 50 31 24 "A"
8 -9 50 31 25 "A"
8 2 50 31 26 "A"
8 -3 40 31 27 "R"
8 1 40 31 28 "R"
8 -9 50 31 29 "A"
8 -3 50 31 30 "A"
8 4 20 31 31 "V"
8 4 50 31 32 "A"
8 -6 10 31 33 "F"
8 -3 50 31 34 "A"
8 -9 40 31 35 "R"
8 2 50 31 36 "A"
8 4 50 31 37 "A"
8 -3 40 31 38 "R"
8 -36 50 31 39 "A"
8 1 40 31 40 "R"
8 -9 50 31 41 "A"
8 2 20 31 42 "V"
8 2 50 31 43 "A"
8 -6 10 31 44 "F"
8 4 50 31 45 "A"
8 2 20 31 46 "V"
8 2 20 31 47 "V"
8 4 20 31 48 "V"
8 -15 20 31 49 "V"
8 -9 50 31 50 "A"
8 3 40 31 51 "R"
8 2 50 31 52 "A"
8 -36 50 31 53 "A"
8 -3 50 31 54 "A"
8 -6 10 31 55 "F"
8 2 20 31 56 "V"
8 2 50 31 57 "A"
8 2 20 31 58 "V"
8 4 50 31 59 "A"
8 2 20 31 60 "V"
8 -3 50 31 61 "A"
8 2 20 31 62 "V"
8 4 50 31 63 "A"
8 -3 40 31 64 "R"
8 -3 50 31 65 "A"
8 1 40 31 66 "R"
8 4 50 31 67 "A"
8 -3 50 31 68 "A"
8 5 50 31 69 "A"
8 4 50 31 70 "A"
8 -3 50 31 71 "A"
8 -3 50 31 72 "A"
8 -3 50 31 73 "A"
8 2 20 31 74 "V"
8 12 10 31 75 "F"
8 -6 20 31 76 "V"
8 -9 50 31 77 "A"
8 1 40 31 78 "R"
8 -9 50 31 79 "A"
8 -3 40 31 80 "R"
8 -3 50 31 81 "A"
8 -9 40 31 82 "R"
8 4 50 31 83 "A"
8 -3 50 31 84 "A"
8 2 50 31 85 "A"
8 -3 50 31 86 "A"
8 1 40 31 87 "R"
8 -36 50 31 88 "A"
8 -3 50 31 89 "A"
8 4 50 31 90 "A"
8 3 10 31 91 "F"
8 1 40 31 92 "R"
8 3 40 31 93 "R"
8 2 50 31 94 "A"
8 -9 50 31 95 "A"
8 2 20 31 96 "V"
8 -3 40 31 97 "R"
8 2 50 31 98 "A"
8 -3 40 31 99 "R"
8 2 50 31 100 "A"
8 3 40 31 101 "R"
8 1 40 31 102 "R"
8 12 40 31 103 "R"
8 2 20 31 104 "V"
8 5 50 31 105 "A"
8 -3 50 31 106 "A"
8 -3 50 31 107 "A"
8 -3 50 31 108 "A"
8 -15 20 31 109 "V"
8 2 50 31 110 "A"
8 -12 20 31 111 "V"
8 -6 20 31 112 "V"
8 -6 20 31 113 "V"
8 2 50 31 114 "A"
8 2 50 31 115 "A"
8 -6 20 31 116 "V"
8 4 50 31 117 "A"
8 2 50 31 118 "A"
8 -9 40 31 119 "R"
8 -6 20 31 120 "V"
8 -3 50 31 121 "A"
8 2 20 31 122 "V"
8 -9 50 31 123 "A"
8 2 50 31 124 "A"
8 -3 50 31 125 "A"
8 1 40 31 126 "R"
8 4 50 31 127 "A"
8 2 50 31 128 "A"
8 -9 40 31 129 "R"
8 -6 20 31 130 "V"
8 -9 50 31 131 "A"
8 2 50 31 132 "A"
8 -12 10 31 133 "F"
8 -6 20 31 134 "V"
8 -3 50 31 135 "A"
8 -3 50 31 136 "A"
8 4 50 31 137 "A"
8 2 50 31 138 "A"
8 -3 40 31 139 "R"
8 -3 40 31 140 "R"
8 -12 20 32 1 "V"
8 2 20 32 2 "V"
8 -9 50 32 3 "A"
8 -3 40 32 4 "R"
8 -9 50 32 5 "A"
8 -3 40 32 6 "R"
8 -9 50 32 7 "A"
8 -3 40 32 8 "R"
8 -15 20 32 9 "V"
8 -6 20 32 10 "V"
8 1 10 32 11 "F"
8 2 50 32 12 "A"
8 3 10 32 13 "F"
8 -6 20 32 14 "V"
8 3 40 32 15 "R"
8 2 50 32 16 "A"
8 3 40 32 17 "R"
8 2 50 32 18 "A"
8 -36 40 32 19 "R"
8 -6 20 32 20 "V"
8 -9 50 32 21 "A"
8 -3 50 32 22 "A"
8 2 50 32 23 "A"
8 2 50 32 24 "A"
8 3 40 32 25 "R"
8 -9 50 32 26 "A"
8 -9 40 32 27 "R"
8 -3 50 32 28 "A"
8 4 20 32 29 "V"
8 -3 50 32 30 "A"
8 -12 20 32 31 "V"
8 -36 40 32 32 "R"
8 5 20 32 33 "V"
8 -3 50 32 34 "A"
8 2 50 32 35 "A"
8 -6 20 32 36 "V"
8 1 10 32 37 "F"
8 3 40 32 38 "R"
8 2 50 32 39 "A"
8 1 40 32 40 "R"
8 -3 50 32 41 "A"
8 -6 20 32 42 "V"
8 -3 50 32 43 "A"
8 1 40 32 44 "R"
8 -3 50 32 45 "A"
8 -3 40 32 46 "R"
8 -9 40 32 47 "R"
8 -9 50 32 48 "A"
8 -3 40 32 49 "R"
8 -6 10 32 50 "F"
8 4 50 32 51 "A"
8 1 40 32 52 "R"
8 5 50 32 53 "A"
8 -3 40 32 54 "R"
8 -9 50 32 55 "A"
8 1 40 32 56 "R"
8 -9 50 32 57 "A"
8 1 40 32 58 "R"
8 -3 50 32 59 "A"
8 2 20 32 60 "V"
8 -9 50 32 61 "A"
8 2 50 32 62 "A"
8 4 50 32 63 "A"
8 -3 50 32 64 "A"
8 3 40 32 65 "R"
8 2 50 32 66 "A"
8 -9 50 32 67 "A"
8 2 50 32 68 "A"
8 3 40 32 69 "R"
8 -3 40 32 70 "R"
8 2 50 32 71 "A"
8 -3 50 32 72 "A"
8 -9 50 32 73 "A"
8 -3 40 32 74 "R"
8 -15 20 32 75 "V"
8 2 50 32 76 "A"
8 -12 20 32 77 "V"
8 2 50 32 78 "A"
8 -12 20 32 79 "V"
8 2 50 32 80 "A"
8 -9 50 32 81 "A"
8 -6 20 32 82 "V"
8 3 40 32 83 "R"
8 2 50 32 84 "A"
8 3 40 32 85 "R"
8 -6 20 32 86 "V"
8 -12 10 32 87 "F"
8 1 40 32 88 "R"
8 -3 50 32 89 "A"
8 -6 20 32 90 "V"
8 -9 40 32 91 "R"
8 -3 40 32 92 "R"
8 5 50 32 93 "A"
8 2 50 32 94 "A"
8 -9 40 32 95 "R"
8 -6 20 32 96 "V"
8 5 50 32 97 "A"
8 -3 50 32 98 "A"
8 -3 50 32 99 "A"
8 -3 40 32 100 "R"
8 -36 50 32 101 "A"
8 -3 50 32 102 "A"
8 -9 50 32 103 "A"
8 4 50 32 104 "A"
8 1 10 32 105 "F"
8 4 50 32 106 "A"
8 1 10 32 107 "F"
8 -3 40 32 108 "R"
8 1 10 32 109 "F"
8 -3 50 32 110 "A"
8 -12 10 32 111 "F"
8 -3 50 32 112 "A"
8 3 40 32 113 "R"
8 -9 50 32 114 "A"
8 -6 20 32 115 "V"
8 2 50 32 116 "A"
8 1 40 32 117 "R"
8 1 40 32 118 "R"
8 -3 40 32 119 "R"
8 -3 40 32 120 "R"
8 -9 50 32 121 "A"
8 -9 50 32 122 "A"
8 12 40 32 123 "R"
8 2 20 32 124 "V"
8 -3 50 33 1 "A"
8 1 10 33 2 "F"
8 2 50 33 3 "A"
8 -3 50 33 4 "A"
8 -9 40 33 5 "R"
8 1 10 33 6 "F"
8 -9 50 33 7 "A"
8 -6 10 33 8 "F"
8 -9 50 33 9 "A"
8 4 50 33 10 "A"
8 -6 10 33 11 "F"
8 2 50 33 12 "A"
8 -9 50 33 13 "A"
8 -6 20 33 14 "V"
8 3 40 33 15 "R"
8 1 10 33 16 "F"
8 2 50 33 17 "A"
8 2 20 33 18 "V"
8 -9 50 33 19 "A"
8 -6 10 33 20 "F"
8 2 50 33 21 "A"
8 1 40 33 22 "R"
8 3 10 33 23 "F"
8 -12 10 33 24 "F"
8 4 50 33 25 "A"
8 2 20 33 26 "V"
8 5 50 33 27 "A"
8 -6 20 33 28 "V"
8 4 50 33 29 "A"
8 -3 50 33 30 "A"
8 -36 50 33 31 "A"
8 -6 20 33 32 "V"
8 -9 50 33 33 "A"
8 1 40 33 34 "R"
8 -9 50 33 35 "A"
8 -6 10 33 36 "F"
8 -9 50 33 37 "A"
8 -3 40 33 38 "R"
8 -3 50 33 39 "A"
8 1 10 33 40 "F"
8 -3 50 33 41 "A"
8 1 40 33 42 "R"
8 -36 50 33 43 "A"
8 4 50 33 44 "A"
8 -3 40 33 45 "R"
8 -12 20 33 46 "V"
8 2 50 33 47 "A"
8 2 20 33 48 "V"
8 -3 50 33 49 "A"
8 2 50 33 50 "A"
8 -9 40 33 51 "R"
8 1 40 33 52 "R"
8 2 50 33 53 "A"
8 1 40 33 54 "R"
8 1 10 33 55 "F"
8 2 50 33 56 "A"
8 1 10 33 57 "F"
8 4 50 33 58 "A"
8 -9 40 33 59 "R"
8 2 50 33 60 "A"
8 -9 40 33 61 "R"
8 4 20 33 62 "V"
8 -12 10 33 63 "F"
8 -3 50 33 64 "A"
8 1 40 33 65 "R"
8 2 50 33 66 "A"
8 -3 40 33 67 "R"
8 -3 50 33 68 "A"
8 -3 40 33 69 "R"
8 2 20 33 70 "V"
8 12 10 33 71 "F"
8 4 50 33 72 "A"
8 -12 10 33 73 "F"
8 -6 20 33 74 "V"
8 5 50 33 75 "A"
8 -3 50 33 76 "A"
8 -3 40 33 77 "R"
8 -3 50 33 78 "A"
8 2 50 33 79 "A"
8 2 50 33 80 "A"
8 -6 20 33 81 "V"
8 -9 50 33 82 "A"
8 3 40 33 83 "R"
8 2 20 33 84 "V"
8 -3 50 33 85 "A"
8 -3 50 33 86 "A"
8 -36 50 33 87 "A"
8 -3 50 33 88 "A"
8 -9 40 33 89 "R"
8 -3 50 33 90 "A"
8 -9 40 33 91 "R"
8 2 20 33 92 "V"
8 2 50 33 93 "A"
8 -9 50 33 94 "A"
8 -12 10 33 95 "F"
8 2 50 33 96 "A"
8 -9 50 33 97 "A"
8 2 50 33 98 "A"
8 3 40 33 99 "R"
8 2 50 33 100 "A"
8 12 40 33 101 "R"
8 2 50 33 102 "A"
8 1 40 33 103 "R"
8 -3 50 33 104 "A"
8 2 20 33 105 "V"
8 -3 50 33 106 "A"
8 -6 20 33 107 "V"
8 -3 50 33 108 "A"
8 4 50 33 109 "A"
8 -9 40 33 110 "R"
8 12 10 33 111 "F"
8 -9 50 33 112 "A"
8 3 10 33 113 "F"
8 -36 50 33 114 "A"
8 3 40 33 115 "R"
8 2 20 33 116 "V"
8 -6 20 33 117 "V"
8 3 10 33 118 "F"
8 -36 50 33 119 "A"
8 1 10 33 120 "F"
8 5 50 33 121 "A"
8 1 10 33 122 "F"
8 -3 50 33 123 "A"
8 2 20 33 124 "V"
8 -9 50 33 125 "A"
8 -3 40 33 126 "R"
8 2 20 33 127 "V"
8 -6 20 33 128 "V"
8 -3 50 33 129 "A"
8 -3 50 33 130 "A"
8 4 20 33 131 "V"
8 4 50 33 132 "A"
8 -12 20 33 133 "V"
8 -12 20 33 134 "V"
8 2 50 33 135 "A"
8 -3 50 33 136 "A"
8 2 50 33 137 "A"
8 2 50 33 138 "A"
8 1 40 33 139 "R"
8 -3 50 33 140 "A"
8 4 50 33 141 "A"
8 3 40 33 142 "R"
8 2 50 33 143 "A"
8 -3 50 33 144 "A"
8 1 10 33 145 "F"
8 2 20 33 146 "V"
8 -9 50 33 147 "A"
8 1 40 33 148 "R"
8 5 50 33 149 "A"
8 -9 50 33 150 "A"
8 2 50 33 151 "A"
8 2 50 34 1 "A"
8 1 40 34 2 "R"
8 4 50 34 3 "A"
8 -3 50 34 4 "A"
8 -12 20 34 5 "V"
8 2 20 34 6 "V"
8 2 50 34 7 "A"
8 -3 40 34 8 "R"
8 -12 10 34 9 "F"
8 2 20 34 10 "V"
8 2 50 34 11 "A"
8 2 50 34 12 "A"
8 2 50 34 13 "A"
8 -3 40 34 14 "R"
8 -6 20 34 15 "V"
8 -3 40 34 16 "R"
8 -9 50 34 17 "A"
8 -6 20 34 18 "V"
8 -9 40 34 19 "R"
8 2 20 34 20 "V"
8 4 50 34 21 "A"
8 -9 50 34 22 "A"
8 -9 50 34 23 "A"
8 1 10 34 24 "F"
8 2 50 34 25 "A"
8 -9 50 34 26 "A"
8 2 20 34 27 "V"
8 -3 50 34 28 "A"
8 -36 50 34 29 "A"
8 3 40 34 30 "R"
8 -3 50 34 31 "A"
8 2 50 34 32 "A"
8 5 50 34 33 "A"
8 -9 50 34 34 "A"
8 -15 20 34 35 "V"
8 -3 50 34 36 "A"
8 4 50 34 37 "A"
8 2 50 34 38 "A"
8 -9 50 34 39 "A"
8 2 20 34 40 "V"
8 5 50 34 41 "A"
8 4 50 34 42 "A"
8 -9 50 34 43 "A"
8 1 40 34 44 "R"
8 -9 50 34 45 "A"
8 2 50 34 46 "A"
8 -36 50 34 47 "A"
8 2 20 34 48 "V"
8 4 50 34 49 "A"
8 2 50 34 50 "A"
8 -3 50 34 51 "A"
8 2 20 34 52 "V"
8 4 50 34 53 "A"
8 -3 50 34 54 "A"
8 5 20 34 55 "V"
8 -3 50 34 56 "A"
8 -12 10 34 57 "F"
8 1 40 34 58 "R"
8 4 50 34 59 "A"
8 -9 50 34 60 "A"
8 -3 40 34 61 "R"
8 -6 10 34 62 "F"
8 12 10 34 63 "F"
8 2 50 34 64 "A"
8 4 50 34 65 "A"
8 -3 50 34 66 "A"
8 1 10 34 67 "F"
8 2 50 34 68 "A"
8 -3 40 34 69 "R"
8 -6 10 34 70 "F"
8 2 50 34 71 "A"
8 -3 50 34 72 "A"
8 -12 10 34 73 "F"
8 4 20 34 74 "V"
8 5 50 34 75 "A"
8 2 50 34 76 "A"
8 -9 40 34 77 "R"
8 -6 10 34 78 "F"
8 4 50 34 79 "A"
8 -9 50 34 80 "A"
8 4 20 34 81 "V"
8 2 50 34 82 "A"
8 -3 50 34 83 "A"
8 -6 10 34 84 "F"
8 4 50 34 85 "A"
8 -3 50 34 86 "A"
8 3 10 34 87 "F"
8 -3 50 34 88 "A"
8 3 10 34 89 "F"
8 2 50 34 90 "A"
8 -9 50 34 91 "A"
8 -6 10 34 92 "F"
8 5 50 34 93 "A"
8 -3 50 34 94 "A"
8 -12 10 34 95 "F"
8 3 40 34 96 "R"
8 4 50 34 97 "A"
8 4 50 34 98 "A"
8 2 50 34 99 "A"
8 2 50 34 100 "A"
8 2 50 34 101 "A"
8 4 50 34 102 "A"
8 5 50 34 103 "A"
8 -9 50 34 104 "A"
8 5 20 34 105 "V"
8 -3 50 34 106 "A"
8 -6 10 34 107 "F"
8 -6 20 34 108 "V"
8 4 50 34 109 "A"
8 -3 50 34 110 "A"
8 2 20 34 111 "V"
8 -3 50 34 112 "A"
8 1 40 34 113 "R"
8 2 50 34 114 "A"
8 -3 50 34 115 "A"
8 -3 40 34 116 "R"
8 -36 50 34 117 "A"
8 1 10 34 118 "F"
8 -3 50 34 119 "A"
8 3 40 34 120 "R"
8 -3 50 34 121 "A"
8 -6 20 34 122 "V"
8 -36 50 34 123 "A"
8 1 10 34 124 "F"
8 -9 50 34 125 "A"
8 -3 40 34 126 "R"
8 -6 20 34 127 "V"
8 2 50 34 128 "A"
8 -9 50 34 129 "A"
8 2 50 35 1 "A"
8 2 50 35 2 "A"
8 3 40 35 3 "R"
8 -3 50 35 4 "A"
8 -12 20 35 5 "V"
8 2 50 35 6 "A"
8 2 50 35 7 "A"
8 -6 20 35 8 "V"
8 -12 10 35 9 "F"
8 2 20 35 10 "V"
8 2 50 35 11 "A"
8 2 20 35 12 "V"
8 2 50 35 13 "A"
8 -3 40 35 14 "R"
8 -3 50 35 15 "A"
8 -3 50 35 16 "A"
8 -9 50 35 17 "A"
8 -3 40 35 18 "R"
8 -9 50 35 19 "A"
8 1 40 35 20 "R"
8 4 50 35 21 "A"
8 -9 40 35 22 "R"
8 -9 50 35 23 "A"
8 2 50 35 24 "A"
8 1 40 35 25 "R"
8 -9 50 35 26 "A"
8 1 40 35 27 "R"
8 -3 50 35 28 "A"
8 -15 20 35 29 "V"
8 4 50 35 30 "A"
8 -6 20 35 31 "V"
8 2 50 35 32 "A"
8 5 20 35 33 "V"
8 -12 20 35 34 "V"
8 -36 50 35 35 "A"
8 -3 40 35 36 "R"
8 4 20 35 37 "V"
8 2 20 35 38 "V"
8 -9 40 35 39 "R"
8 1 40 35 40 "R"
8 5 50 35 41 "A"
8 3 40 35 42 "R"
8 -9 40 35 43 "R"
8 1 10 35 44 "F"
8 -9 50 35 45 "A"
8 1 10 35 46 "F"
8 -36 40 35 47 "R"
8 2 50 35 48 "A"
8 3 40 35 49 "R"
8 2 50 35 50 "A"
8 -3 40 35 51 "R"
8 2 20 35 52 "V"
8 4 50 35 53 "A"
8 -3 40 35 54 "R"
8 5 50 35 55 "A"
8 -3 50 35 56 "A"
8 -9 50 35 57 "A"
8 2 50 35 58 "A"
8 4 50 35 59 "A"
8 80 40 35 60 "R"
8 -3 50 35 61 "A"
8 -3 40 35 62 "R"
8 5 50 35 63 "A"
8 2 20 35 64 "V"
8 4 50 35 65 "A"
8 -3 50 35 66 "A"
8 2 50 35 67 "A"
8 1 10 35 68 "F"
8 -3 50 35 69 "A"
8 -6 20 35 70 "V"
8 2 50 35 71 "A"
8 -3 50 35 72 "A"
8 -9 40 35 73 "R"
8 4 50 35 74 "A"
8 12 10 35 75 "F"
8 2 50 35 76 "A"
8 -12 20 35 77 "V"
8 -3 50 35 78 "A"
8 4 20 35 79 "V"
8 -9 50 35 80 "A"
8 3 40 35 81 "R"
8 1 10 35 82 "F"
8 -3 50 35 83 "A"
8 -3 40 35 84 "R"
8 3 40 35 85 "R"
8 -6 20 35 86 "V"
8 3 40 35 87 "R"
8 -3 40 35 88 "R"
8 4 20 35 89 "V"
8 2 20 35 90 "V"
8 -9 50 35 91 "A"
8 -3 40 35 92 "R"
8 5 50 35 93 "A"
8 -3 40 35 94 "R"
8 -9 40 35 95 "R"
8 3 40 35 96 "R"
8 4 50 35 97 "A"
8 3 40 35 98 "R"
8 2 50 35 99 "A"
8 2 50 35 100 "A"
8 1 40 35 101 "R"
8 4 50 35 102 "A"
8 12 40 35 103 "R"
8 -9 50 35 104 "A"
8 5 20 35 105 "V"
8 -3 50 35 106 "A"
8 -6 20 35 107 "V"
8 -6 20 35 108 "V"
8 4 20 35 109 "V"
8 -3 50 35 110 "A"
8 1 40 35 111 "R"
8 -3 50 35 112 "A"
8 1 40 35 113 "R"
8 2 50 35 114 "A"
8 -3 50 35 115 "A"
8 -3 50 35 116 "A"
8 -36 50 35 117 "A"
8 2 20 35 118 "V"
8 -3 50 35 119 "A"
8 4 50 35 120 "A"
8 -3 50 35 121 "A"
8 -3 50 35 122 "A"
8 -36 50 35 123 "A"
8 2 50 35 124 "A"
8 -9 40 35 125 "R"
8 -3 50 35 126 "A"
8 -6 20 35 127 "V"
8 2 50 35 128 "A"
8 -9 40 35 129 "R"
8 -9 50 35 130 "A"
8 4 20 35 131 "V"
8 2 50 35 132 "A"
8 -9 50 35 133 "A"
8 -3 40 35 134 "R"
8 -9 50 35 135 "A"
8 4 50 35 136 "A"
8 -12 20 35 137 "V"
8 2 50 35 138 "A"
8 4 50 35 139 "A"
8 -9 50 35 140 "A"
8 2 50 35 141 "A"
8 2 50 35 142 "A"
8 -3 50 35 143 "A"
8 -3 50 35 144 "A"
8 -12 20 35 145 "V"
8 2 50 35 146 "A"
8 2 50 35 147 "A"
8 -12 20 35 148 "V"
8 -3 50 35 149 "A"
8 4 50 35 150 "A"
8 -36 50 35 151 "A"
8 -3 50 35 152 "A"
8 3 40 35 153 "R"
8 -3 50 35 154 "A"
8 -12 20 35 155 "V"
8 -3 40 36 1 "R"
8 2 50 36 2 "A"
8 1 40 36 3 "R"
8 -3 40 36 4 "R"
8 -9 40 36 5 "R"
8 2 50 36 6 "A"
8 -9 50 36 7 "A"
8 -3 50 36 8 "A"
8 -9 40 36 9 "R"
8 3 40 36 10 "R"
8 -3 50 36 11 "A"
8 2 20 36 12 "V"
8 -9 50 36 13 "A"
8 -3 40 36 14 "R"
8 4 20 36 15 "V"
8 1 40 36 16 "R"
8 1 40 36 17 "R"
8 2 50 36 18 "A"
8 -9 40 36 19 "R"
8 -6 20 36 20 "V"
8 2 50 36 21 "A"
8 2 50 36 22 "A"
8 4 50 36 23 "A"
8 -9 40 36 24 "R"
8 4 50 36 25 "A"
8 1 40 36 26 "R"
8 5 50 36 27 "A"
8 -3 40 36 28 "R"
8 4 50 36 29 "A"
8 -3 40 36 30 "R"
8 -36 40 36 31 "R"
8 -3 50 36 32 "A"
8 -9 40 36 33 "R"
8 1 40 36 34 "R"
8 -9 50 36 35 "A"
8 -3 40 36 36 "R"
8 -12 10 36 37 "F"
8 -3 50 36 38 "A"
8 -6 10 36 39 "F"
8 2 50 36 40 "A"
8 -3 40 36 41 "R"
8 1 40 36 42 "R"
8 -36 50 36 43 "A"
8 4 50 36 44 "A"
8 -3 40 36 45 "R"
8 -12 20 36 46 "V"
8 2 50 36 47 "A"
8 2 50 36 48 "A"
8 -3 50 36 49 "A"
8 1 40 36 50 "R"
8 -9 40 36 51 "R"
8 1 40 36 52 "R"
8 2 50 36 53 "A"
8 1 40 36 54 "R"
8 2 50 36 55 "A"
8 2 20 36 56 "V"
8 2 50 36 57 "A"
8 4 20 36 58 "V"
8 -9 50 36 59 "A"
8 -240 50 36 60 "A"
8 -9 40 36 61 "R"
8 4 20 36 62 "V"
8 -9 50 36 63 "A"
8 -3 40 36 64 "R"
8 2 20 36 65 "V"
8 1 40 36 66 "R"
8 -3 50 36 67 "A"
8 -3 40 36 68 "R"
8 -6 20 36 69 "V"
8 2 50 36 70 "A"
8 12 40 36 71 "R"
8 3 40 36 72 "R"
8 -9 50 36 73 "A"
8 -3 50 36 74 "A"
8 12 40 36 75 "R"
8 -3 50 36 76 "A"
8 -3 40 36 77 "R"
8 -3 50 36 78 "A"
8 1 40 36 79 "R"
8 2 50 36 80 "A"
8 -6 20 36 81 "V"
8 -9 50 36 82 "A"
8 4 50 36 83 "A"
8 1 40 36 84 "R"
8 -3 50 36 85 "A"
8 -3 40 36 86 "R"
8 -36 40 36 87 "R"
8 -6 20 36 88 "V"
8 -9 50 36 89 "A"
8 -6 20 36 90 "V"
8 -9 50 36 91 "A"
8 1 40 36 92 "R"
8 2 50 36 93 "A"
8 -9 40 36 94 "R"
8 -9 50 36 95 "A"
8 2 20 36 96 "V"
8 -12 20 36 97 "V"
8 2 50 36 98 "A"
8 3 40 36 99 "R"
8 2 50 36 100 "A"
8 5 20 36 101 "V"
8 2 50 36 102 "A"
8 2 50 36 103 "A"
8 -3 40 36 104 "R"
8 2 20 36 105 "V"
8 -3 50 36 106 "A"
8 -6 20 36 107 "V"
8 -3 50 36 108 "A"
8 3 10 36 109 "F"
8 -9 50 36 110 "A"
8 5 20 36 111 "V"
8 -12 20 36 112 "V"
8 4 50 36 113 "A"
8 -36 40 36 114 "R"
8 4 50 36 115 "A"
8 2 50 36 116 "A"
8 -6 20 36 117 "V"
8 4 50 36 118 "A"
8 -36 40 36 119 "R"
8 2 20 36 120 "V"
8 5 50 36 121 "A"
8 1 40 36 122 "R"
8 -3 50 36 123 "A"
8 1 40 36 124 "R"
8 -9 50 36 125 "A"
8 -3 40 36 126 "R"
8 2 50 36 127 "A"
8 -3 50 36 128 "A"
8 -3 50 36 129 "A"
8 -6 20 36 130 "V"
8 4 50 36 131 "A"
8 3 40 36 132 "R"
8 -9 50 36 133 "A"
8 -9 50 36 134 "A"
8 2 20 36 135 "V"
8 -3 50 36 136 "A"
8 2 20 36 137 "V"
8 2 50 36 138 "A"
8 2 20 36 139 "V"
8 -3 50 36 140 "A"
8 4 20 36 141 "V"
8 4 50 36 142 "A"
8 1 10 36 143 "F"
8 -3 50 36 144 "A"
8 2 50 36 145 "A"
8 2 50 36 146 "A"
8 -9 50 36 147 "A"
8 4 50 37 1 "A"
8 -6 20 37 2 "V"
8 -9 50 37 3 "A"
8 -12 20 37 4 "V"
8 4 50 37 5 "A"
8 1 40 37 6 "R"
8 4 50 37 7 "A"
8 -6 20 37 8 "V"
8 4 50 37 9 "A"
8 1 10 37 10 "F"
8 -9 40 37 11 "R"
8 2 50 37 12 "A"
8 4 20 37 13 "V"
8 -3 50 37 14 "A"
8 -36 40 37 15 "R"
8 2 50 37 16 "A"
8 -3 40 37 17 "R"
8 -12 20 37 18 "V"
8 -9 50 37 19 "A"
8 -3 40 37 20 "R"
8 1 10 37 21 "F"
8 2 50 37 22 "A"
8 12 10 37 23 "F"
8 2 50 37 24 "A"
8 1 40 37 25 "R"
8 2 50 37 26 "A"
8 1 40 37 27 "R"
8 -6 10 37 28 "F"
8 2 50 37 29 "A"
8 -12 10 37 30 "F"
8 4 50 37 31 "A"
8 -3 40 37 32 "R"
8 -9 50 37 33 "A"
8 1 10 37 34 "F"
8 -36 50 37 35 "A"
8 -6 20 37 36 "V"
8 4 50 37 37 "A"
8 -3 50 37 38 "A"
8 -12 10 37 39 "F"
8 -6 20 37 40 "V"
8 -3 50 37 41 "A"
8 2 50 37 42 "A"
8 4 50 37 43 "A"
8 -3 50 37 44 "A"
8 -15 20 37 45 "V"
8 2 50 37 46 "A"
8 -15 20 37 47 "V"
8 -3 50 37 48 "A"
8 -9 40 37 49 "R"
8 -6 20 37 50 "V"
8 -12 10 37 51 "F"
8 2 50 37 52 "A"
8 3 40 37 53 "R"
8 4 20 37 54 "V"
8 -3 50 37 55 "A"
8 -3 40 37 56 "R"
8 -9 50 37 57 "A"
8 2 20 37 58 "V"
8 4 50 37 59 "A"
8 -240 50 37 60 "A"
8 -6 20 37 61 "V"
8 2 50 37 62 "A"
8 4 20 37 63 "V"
8 -36 50 37 64 "A"
8 -12 20 37 65 "V"
8 -6 20 37 66 "V"
8 -3 50 37 67 "A"
8 -3 50 37 68 "A"
8 -6 20 37 69 "V"
8 -6 20 37 70 "V"
8 -36 50 37 71 "A"
8 -6 10 37 72 "F"
8 -9 50 37 73 "A"
8 -6 10 37 74 "F"
8 -9 50 37 75 "A"
8 -3 40 37 76 "R"
8 -12 10 37 77 "F"
8 -3 50 37 78 "A"
8 12 40 37 79 "R"
8 -12 20 37 80 "V"
8 3 10 37 81 "F"
8 4 50 37 82 "A"
8 -3 40 37 83 "R"
8 2 50 37 84 "A"
8 -6 10 37 85 "F"
8 2 50 37 86 "A"
8 -9 50 37 87 "A"
8 1 40 37 88 "R"
8 -12 10 37 89 "F"
8 2 50 37 90 "A"
8 -9 50 37 91 "A"
8 2 50 37 92 "A"
8 3 40 37 93 "R"
8 2 50 37 94 "A"
8 -3 40 37 95 "R"
8 -9 50 37 96 "A"
8 1 40 37 97 "R"
8 2 50 37 98 "A"
8 1 40 37 99 "R"
8 -6 10 37 100 "F"
8 2 50 37 101 "A"
8 4 50 37 102 "A"
8 3 40 37 103 "R"
8 -3 50 37 104 "A"
8 2 20 37 105 "V"
8 -3 50 37 106 "A"
8 3 10 37 107 "F"
8 -3 50 37 108 "A"
8 2 50 37 109 "A"
8 -6 20 37 110 "V"
8 -9 50 37 111 "A"
8 3 10 37 112 "F"
8 4 50 37 113 "A"
8 1 10 37 114 "F"
8 2 50 37 115 "A"
8 -6 20 37 116 "V"
8 2 50 37 117 "A"
8 1 40 37 118 "R"
8 -9 50 37 119 "A"
8 1 10 37 120 "F"
8 5 50 37 121 "A"
8 1 10 37 122 "F"
8 -3 50 37 123 "A"
8 2 20 37 124 "V"
8 2 50 37 125 "A"
8 2 50 37 126 "A"
8 -3 50 38 1 "A"
8 1 40 38 2 "R"
8 -9 50 38 3 "A"
8 -3 40 38 4 "R"
8 -9 40 38 5 "R"
8 -3 50 38 6 "A"
8 -6 10 38 7 "F"
8 2 50 38 8 "A"
8 -9 50 38 9 "A"
8 -240 40 38 10 "R"
8 3 40 38 11 "R"
8 -3 40 38 12 "R"
8 12 40 38 13 "R"
8 2 50 38 14 "A"
8 -12 10 38 15 "F"
8 -3 50 38 16 "A"
8 -9 40 38 17 "R"
8 2 50 38 18 "A"
8 -36 40 38 19 "R"
8 -6 10 38 20 "F"
8 4 50 38 21 "A"
8 -6 20 38 22 "V"
8 5 50 38 23 "A"
8 2 20 38 24 "V"
8 -9 50 38 25 "A"
8 1 40 38 26 "R"
8 -3 50 38 27 "A"
8 1 40 38 28 "R"
8 -9 50 38 29 "A"
8 -3 50 38 30 "A"
8 3 40 38 31 "R"
8 4 20 38 32 "V"
8 -6 20 38 33 "V"
8 -3 40 38 34 "R"
8 -12 10 38 35 "F"
8 2 50 38 36 "A"
8 4 20 38 37 "V"
8 -3 40 38 38 "R"
8 -15 10 38 39 "F"
8 2 20 38 40 "V"
8 -9 50 38 41 "A"
8 1 40 38 42 "R"
8 2 50 38 43 "A"
8 -6 10 38 44 "F"
8 4 50 38 45 "A"
8 1 40 38 46 "R"
8 2 50 38 47 "A"
8 3 10 38 48 "F"
8 -36 50 38 49 "A"
8 -9 50 38 50 "A"
8 4 20 38 51 "V"
8 2 50 38 52 "A"
8 -15 20 38 53 "V"
8 -3 50 38 54 "A"
8 -6 10 38 55 "F"
8 1 40 38 56 "R"
8 2 20 38 57 "V"
8 1 10 38 58 "F"
8 4 50 38 59 "A"
8 1 10 38 60 "F"
8 -3 50 38 61 "A"
8 1 10 38 62 "F"
8 4 50 38 63 "A"
8 -3 40 38 64 "R"
8 -6 10 38 65 "F"
8 2 50 38 66 "A"
8 3 40 38 67 "R"
8 -6 10 38 68 "F"
8 5 50 38 69 "A"
8 3 10 38 70 "F"
8 -3 50 38 71 "A"
8 -3 40 38 72 "R"
8 -6 10 38 73 "F"
8 2 50 38 74 "A"
8 12 40 38 75 "R"
8 -3 50 38 76 "A"
8 -12 10 38 77 "F"
8 2 20 38 78 "V"
8 -9 50 38 79 "A"
8 -3 50 38 80 "A"
8 -3 40 38 81 "R"
8 -12 20 38 82 "V"
8 4 50 38 83 "A"
8 -6 10 38 84 "F"
8 2 50 38 85 "A"
8 -3 40 38 86 "R"
8 1 40 38 87 "R"
8 -36 50 38 88 "A"
8 -3 50 38 89 "A"
8 3 40 38 90 "R"
8 4 50 38 91 "A"
8 1 40 38 92 "R"
8 3 10 38 93 "F"
8 2 50 38 94 "A"
8 -9 40 38 95 "R"
8 2 50 38 96 "A"
8 -6 10 38 97 "F"
8 2 50 38 98 "A"
8 -3 40 38 99 "R"
8 2 50 38 100 "A"
8 3 40 38 101 "R"
8 1 40 38 102 "R"
8 5 50 38 103 "A"
8 1 40 38 104 "R"
8 12 10 38 105 "F"
8 -3 50 38 106 "A"
8 -6 10 38 107 "F"
8 -6 20 38 108 "V"
8 -36 50 38 109 "A"
8 2 50 38 110 "A"
8 -9 40 38 111 "R"
8 -6 20 38 112 "V"
8 -6 20 38 113 "V"
8 2 50 38 114 "A"
8 1 10 38 115 "F"
8 -3 50 38 116 "A"
8 4 20 38 117 "V"
8 2 50 38 118 "A"
8 -9 50 38 119 "A"
8 -6 20 38 120 "V"
8 -3 50 38 121 "A"
8 2 50 38 122 "A"
8 -12 10 38 123 "F"
8 2 20 38 124 "V"
8 -6 20 38 125 "V"
8 2 20 38 126 "V"
8 4 50 38 127 "A"
8 2 20 38 128 "V"
8 -9 50 38 129 "A"
8 -6 20 38 130 "V"
8 -9 50 38 131 "A"
8 2 50 38 132 "A"
8 -12 10 38 133 "F"
8 -3 50 38 134 "A"
8 -6 20 38 135 "V"
8 -3 50 38 136 "A"
8 3 40 38 137 "R"
8 1 10 38 138 "F"
8 -3 50 38 139 "A"
8 -3 40 38 140 "R"
8 4 50 38 141 "A"
8 3 10 38 142 "F"
8 4 50 38 143 "A"
8 1 40 38 144 "R"
8 -12 10 38 145 "F"
8 4 50 38 146 "A"
8 1 10 38 147 "F"
8 2 20 38 148 "V"
8 -36 50 38 149 "A"
8 -6 10 38 150 "F"
8 2 50 38 151 "A"
8 -3 40 38 152 "R"
8 -3 50 38 153 "A"
8 -3 40 38 154 "R"
8 2 50 38 155 "A"
8 -6 10 38 156 "F"
8 2 20 39 1 "V"
8 -3 50 39 2 "A"
8 3 40 39 3 "R"
8 4 20 39 4 "V"
8 5 50 39 5 "A"
8 -6 10 39 6 "F"
8 4 50 39 7 "A"
8 -6 10 39 8 "F"
8 4 50 39 9 "A"
8 1 10 39 10 "F"
8 -12 20 39 11 "V"
8 2 50 39 12 "A"
8 3 40 39 13 "R"
8 -3 50 39 14 "A"
8 -3 40 39 15 "R"
8 -3 50 39 16 "A"
8 -12 20 39 17 "V"
8 -3 50 39 18 "A"
8 -3 50 39 19 "A"
8 4 50 39 20 "A"
8 -36 50 39 21 "A"
8 -3 50 39 22 "A"
8 -6 20 39 23 "V"
8 5 50 39 24 "A"
8 4 50 39 25 "A"
8 1 40 39 26 "R"
8 4 50 39 27 "A"
8 -6 10 39 28 "F"
8 2 50 39 29 "A"
8 1 40 39 30 "R"
8 -9 50 39 31 "A"
8 -3 40 39 32 "R"
8 4 50 39 33 "A"
8 -12 10 39 34 "F"
8 2 50 39 35 "A"
8 1 10 39 36 "F"
8 -9 50 39 37 "A"
8 -6 10 40 1 "F"
8 2 20 40 2 "V"
8 -9 50 40 3 "A"
8 -3 50 40 4 "A"
8 -9 50 40 5 "A"
8 -6 20 40 6 "V"
8 -6 20 40 7 "V"
8 2 50 40 8 "A"
8 -9 40 40 9 "R"
8 -6 10 40 10 "F"
8 4 20 40 11 "V"
8 -3 50 40 12 "A"
8 5 20 40 13 "V"
8 2 50 40 14 "A"
8 -9 50 40 15 "A"
8 -6 20 40 16 "V"
8 -9 50 40 17 "A"
8 2 20 40 18 "V"
8 -36 50 40 19 "A"
8 -6 10 40 20 "F"
8 4 50 40 21 "A"
8 -3 50 40 22 "A"
8 12 40 40 23 "R"
8 1 40 40 24 "R"
8 -9 40 40 25 "R"
8 2 20 40 26 "V"
8 -3 50 40 27 "A"
8 1 10 40 28 "F"
8 -9 50 40 29 "A"
8 -3 50 40 30 "A"
8 4 20 40 31 "V"
8 4 50 40 32 "A"
8 -3 40 40 33 "R"
8 -6 10 40 34 "F"
8 -9 50 40 35 "A"
8 1 10 40 36 "F"
8 4 50 40 37 "A"
8 -3 40 40 38 "R"
8 -15 10 40 39 "F"
8 1 10 40 40 "F"
8 -9 50 40 41 "A"
8 1 10 40 42 "F"
8 2 50 40 43 "A"
8 -3 40 40 44 "R"
8 3 10 40 45 "F"
8 2 50 40 46 "A"
8 1 40 40 47 "R"
8 4 50 40 48 "A"
8 -36 40 40 49 "R"
8 -12 20 40 50 "V"
8 3 10 40 51 "F"
8 2 50 40 52 "A"
8 -36 40 40 53 "R"
8 -6 10 40 54 "F"
8 -3 50 40 55 "A"
8 2 20 40 56 "V"
8 2 50 40 57 "A"
8 1 40 40 58 "R"
8 4 50 40 59 "A"
8 2 50 40 60 "A"
8 -3 40 40 61 "R"
8 1 10 40 62 "F"
8 4 50 40 63 "A"
8 -3 50 40 64 "A"
8 -6 10 40 65 "F"
8 2 50 40 66 "A"
8 4 50 40 67 "A"
8 -3 40 40 68 "R"
8 12 10 40 69 "F"
8 4 50 40 70 "A"
8 -3 50 40 71 "A"
8 -6 10 40 72 "F"
8 -3 50 40 73 "A"
8 1 10 40 74 "F"
8 5 50 40 75 "A"
8 -3 50 40 76 "A"
8 -12 10 40 77 "F"
8 1 10 40 78 "F"
8 -9 50 40 79 "A"
8 -6 10 40 80 "F"
8 -3 50 40 81 "A"
8 -12 10 40 82 "F"
8 4 20 40 83 "V"
8 -3 50 40 84 "A"
8 2 50 40 85 "A"
8 -3 40 40 86 "R"
8 1 10 40 87 "F"
8 -36 50 40 88 "A"
8 -6 20 40 89 "V"
8 3 10 40 90 "F"
8 4 50 40 91 "A"
8 1 40 40 92 "R"
8 4 50 40 93 "A"
8 2 50 40 94 "A"
8 -9 40 40 95 "R"
8 1 10 40 96 "F"
8 -3 50 40 97 "A"
8 1 10 40 98 "F"
8 -3 50 40 99 "A"
8 2 20 40 100 "V"
8 4 50 40 101 "A"
8 1 40 40 102 "R"
8 5 50 40 103 "A"
8 2 50 40 104 "A"
8 12 40 40 105 "R"
8 -3 40 40 106 "R"
8 -6 10 40 107 "F"
8 -3 50 40 108 "A"
8 -36 50 40 109 "A"
8 2 50 40 110 "A"
8 -9 50 40 111 "A"
8 -6 20 40 112 "V"
8 -3 50 40 113 "A"
8 2 20 40 114 "V"
8 2 50 40 115 "A"
8 -3 40 40 116 "R"
8 4 50 40 117 "A"
8 1 40 40 118 "R"
8 -9 50 40 119 "A"
8 -6 10 40 120 "F"
8 -9 50 41 1 "A"
8 2 50 41 2 "A"
8 -3 50 41 3 "A"
8 -12 10 41 4 "F"
8 -3 50 41 5 "A"
8 -6 20 41 6 "V"
8 -36 50 41 7 "A"
8 2 20 41 8 "V"
8 4 50 41 9 "A"
8 2 50 41 10 "A"
8 -9 40 41 11 "R"
8 4 20 41 12 "V"
8 4 50 41 13 "A"
8 2 50 41 14 "A"
8 1 40 41 15 "R"
8 4 50 41 16 "A"
8 -9 40 41 17 "R"
8 -6 10 41 18 "F"
8 5 50 41 19 "A"
8 -9 40 41 20 "R"
8 1 40 41 21 "R"
8 2 50 41 22 "A"
8 -3 50 41 23 "A"
8 4 20 41 24 "V"
8 4 50 41 25 "A"
8 2 50 41 26 "A"
8 -36 50 41 27 "A"
8 -3 40 41 28 "R"
8 -9 40 41 29 "R"
8 -6 20 41 30 "V"
8 -12 20 41 31 "V"
8 2 50 41 32 "A"
8 -9 50 41 33 "A"
8 2 50 41 34 "A"
8 -3 50 41 35 "A"
8 2 20 41 36 "V"
8 -9 50 41 37 "A"
8 -12 20 41 38 "V"
8 1 40 41 39 "R"
8 2 50 41 40 "A"
8 -9 50 41 41 "A"
8 -6 10 41 42 "F"
8 -9 50 41 43 "A"
8 -9 40 41 44 "R"
8 -9 40 41 45 "R"
8 1 10 41 46 "F"
8 4 50 41 47 "A"
8 4 50 41 48 "A"
8 2 50 41 49 "A"
8 1 40 41 50 "R"
8 -9 50 41 51 "A"
8 -3 40 41 52 "R"
8 2 50 41 53 "A"
8 -3 50 41 54 "A"
8 -3 50 41 55 "A"
8 2 20 41 56 "V"
8 -9 50 41 57 "A"
8 2 20 41 58 "V"
8 -9 50 41 59 "A"
8 -240 50 41 60 "A"
8 -9 40 41 61 "R"
8 3 40 41 62 "R"
8 4 50 41 63 "A"
8 2 50 41 64 "A"
8 1 40 41 65 "R"
8 2 50 41 66 "A"
8 2 50 41 67 "A"
8 -3 50 41 68 "A"
8 -6 20 41 69 "V"
8 2 50 41 70 "A"
8 -3 40 41 71 "R"
8 2 50 41 72 "A"
8 -9 50 41 73 "A"
8 3 40 41 74 "R"
8 -36 50 41 75 "A"
8 -9 40 41 76 "R"
8 -36 40 41 77 "R"
8 -3 50 41 78 "A"
8 2 20 41 79 "V"
8 2 50 41 80 "A"
8 -9 50 41 81 "A"
8 -3 50 41 82 "A"
8 1 40 41 83 "R"
8 -3 50 41 84 "A"
8 -9 40 41 85 "R"
8 1 40 41 86 "R"
8 -36 50 41 87 "A"
8 1 40 41 88 "R"
8 -3 50 41 89 "A"
8 2 20 41 90 "V"
8 -3 50 41 91 "A"
8 -3 40 41 92 "R"
8 -12 20 41 93 "V"
8 -3 50 41 94 "A"
8 12 40 41 95 "R"
8 -9 50 41 96 "A"
8 -6 10 41 97 "F"
8 1 40 41 98 "R"
8 4 50 41 99 "A"
8 -3 50 41 100 "A"
8 4 50 41 101 "A"
8 2 50 41 102 "A"
8 1 40 41 103 "R"
8 2 50 41 104 "A"
8 5 50 41 105 "A"
8 -3 40 41 106 "R"
8 3 40 41 107 "R"
8 -3 50 41 108 "A"
8 4 20 41 109 "V"
8 -3 50 41 110 "A"
8 -6 10 41 111 "F"
8 -3 50 41 112 "A"
8 5 20 41 113 "V"
8 2 50 41 114 "A"
8 -36 50 41 115 "A"
8 1 40 41 116 "R"
8 4 50 41 117 "A"
8 -3 50 41 118 "A"
8 3 40 41 119 "R"
8 -3 50 41 120 "A"
8 2 20 41 121 "V"
8 2 50 41 122 "A"
8 -3 40 41 123 "R"
8 -3 40 41 124 "R"
8 -12 20 41 125 "V"
8 -3 50 41 126 "A"
8 -15 20 41 127 "V"
8 -6 10 41 128 "F"
8 -3 50 41 129 "A"
8 -3 40 41 130 "R"
8 -9 50 41 131 "A"
8 -3 40 41 132 "R"
8 -9 40 41 133 "R"
8 -6 20 41 134 "V"
8 -9 40 41 135 "R"
8 2 20 41 136 "V"
8 5 50 41 137 "A"
8 2 50 41 138 "A"
8 -9 50 41 139 "A"
